        1   HOUR AVERAGE  CONCENTRATION VALUES AT EACH RECEPTOR  (ug/m**3)    

                   PM2.5         1

     RECEPTOR (x,y) km      VALUE
 
     495.500  3905.500     2.3139E-01
     496.500  3905.500     3.0686E-01
     497.500  3905.500     3.9234E-01
     498.500  3905.500     3.7991E-01
     499.500  3905.500     6.0991E-01
     500.500  3905.500     1.0634E+00
     501.500  3905.500     1.7667E+00
     502.500  3905.500     3.1592E+00
     503.500  3905.500     4.0411E+00
     504.500  3905.500     4.3798E+00
     505.500  3905.500     4.1987E+00
     506.500  3905.500     3.6616E+00
     507.500  3905.500     3.1043E+00
     508.500  3905.500     2.5992E+00
     509.500  3905.500     2.0654E+00
     510.500  3905.500     1.7494E+00
     511.500  3905.500     1.1806E+00
     512.500  3905.500     5.5755E-01
     513.500  3905.500     2.6939E-01
     514.500  3905.500     2.4026E-01
     515.500  3905.500     1.9838E-01
     516.500  3905.500     4.8322E-01
     517.500  3905.500     1.2195E+00
     518.500  3905.500     5.1842E-01
     519.500  3905.500     4.1668E-02
     520.500  3905.500     5.8694E-02
     521.500  3905.500     2.2937E-02
     522.500  3905.500     2.1789E-04
     523.500  3905.500     0.0000E+00
     524.500  3905.500     0.0000E+00
     525.500  3905.500     0.0000E+00
     526.500  3905.500     0.0000E+00
     527.500  3905.500     0.0000E+00
     528.500  3905.500     0.0000E+00
     529.500  3905.500     0.0000E+00
     530.500  3905.500     0.0000E+00
     531.500  3905.500     0.0000E+00
     532.500  3905.500     0.0000E+00
     533.500  3905.500     0.0000E+00
     534.500  3905.500     0.0000E+00
     535.500  3905.500     0.0000E+00
     536.500  3905.500     0.0000E+00
     537.500  3905.500     0.0000E+00
     538.500  3905.500     0.0000E+00
     539.500  3905.500     0.0000E+00
     540.500  3905.500     0.0000E+00
     541.500  3905.500     0.0000E+00
     542.500  3905.500     0.0000E+00
     543.500  3905.500     0.0000E+00
     544.500  3905.500     0.0000E+00
     495.500  3906.500     2.1959E-01
     496.500  3906.500     3.4784E-01
     497.500  3906.500     3.5368E-01
     498.500  3906.500     3.3185E-01
     499.500  3906.500     5.7372E-01
     500.500  3906.500     8.9961E-01
     501.500  3906.500     1.4790E+00
     502.500  3906.500     2.7438E+00
     503.500  3906.500     4.1135E+00
     504.500  3906.500     5.0732E+00
     505.500  3906.500     5.6629E+00
     506.500  3906.500     5.7625E+00
     507.500  3906.500     5.3217E+00
     508.500  3906.500     4.4350E+00
     509.500  3906.500     3.3158E+00
     510.500  3906.500     2.6558E+00
     511.500  3906.500     2.3401E+00
     512.500  3906.500     1.5359E+00
     513.500  3906.500     7.2275E-01
     514.500  3906.500     3.0913E-01
     515.500  3906.500     2.7494E-01
     516.500  3906.500     2.7833E-01
     517.500  3906.500     4.6201E-01
     518.500  3906.500     1.3566E+00
     519.500  3906.500     6.7271E-01
     520.500  3906.500     4.0484E-02
     521.500  3906.500     6.5877E-02
     522.500  3906.500     1.4311E-02
     523.500  3906.500     0.0000E+00
     524.500  3906.500     0.0000E+00
     525.500  3906.500     0.0000E+00
     526.500  3906.500     0.0000E+00
     527.500  3906.500     0.0000E+00
     528.500  3906.500     0.0000E+00
     529.500  3906.500     0.0000E+00
     530.500  3906.500     0.0000E+00
     531.500  3906.500     0.0000E+00
     532.500  3906.500     0.0000E+00
     533.500  3906.500     0.0000E+00
     534.500  3906.500     0.0000E+00
     535.500  3906.500     0.0000E+00
     536.500  3906.500     0.0000E+00
     537.500  3906.500     0.0000E+00
     538.500  3906.500     0.0000E+00
     539.500  3906.500     0.0000E+00
     540.500  3906.500     0.0000E+00
     541.500  3906.500     0.0000E+00
     542.500  3906.500     0.0000E+00
     543.500  3906.500     0.0000E+00
     544.500  3906.500     0.0000E+00
     495.500  3907.500     2.0836E-01
     496.500  3907.500     2.3992E-01
     497.500  3907.500     2.4022E-01
     498.500  3907.500     3.4166E-01
     499.500  3907.500     4.1072E-01
     500.500  3907.500     5.7976E-01
     501.500  3907.500     8.7026E-01
     502.500  3907.500     1.4537E+00
     503.500  3907.500     2.7426E+00
     504.500  3907.500     3.7459E+00
     505.500  3907.500     4.7243E+00
     506.500  3907.500     5.6470E+00
     507.500  3907.500     6.5489E+00
     508.500  3907.500     6.4949E+00
     509.500  3907.500     5.3388E+00
     510.500  3907.500     3.7125E+00
     511.500  3907.500     3.1800E+00
     512.500  3907.500     2.8575E+00
     513.500  3907.500     2.0307E+00
     514.500  3907.500     9.2687E-01
     515.500  3907.500     3.1165E-01
     516.500  3907.500     2.6337E-01
     517.500  3907.500     3.0595E-01
     518.500  3907.500     4.3045E-01
     519.500  3907.500     1.5234E+00
     520.500  3907.500     6.6086E-01
     521.500  3907.500     3.4472E-02
     522.500  3907.500     6.7227E-02
     523.500  3907.500     6.2515E-03
     524.500  3907.500     0.0000E+00
     525.500  3907.500     0.0000E+00
     526.500  3907.500     0.0000E+00
     527.500  3907.500     0.0000E+00
     528.500  3907.500     0.0000E+00
     529.500  3907.500     0.0000E+00
     530.500  3907.500     0.0000E+00
     531.500  3907.500     0.0000E+00
     532.500  3907.500     0.0000E+00
     533.500  3907.500     0.0000E+00
     534.500  3907.500     0.0000E+00
     535.500  3907.500     0.0000E+00
     536.500  3907.500     0.0000E+00
     537.500  3907.500     0.0000E+00
     538.500  3907.500     0.0000E+00
     539.500  3907.500     0.0000E+00
     540.500  3907.500     0.0000E+00
     541.500  3907.500     0.0000E+00
     542.500  3907.500     0.0000E+00
     543.500  3907.500     0.0000E+00
     544.500  3907.500     0.0000E+00
     495.500  3908.500     1.0818E-01
     496.500  3908.500     1.5064E-01
     497.500  3908.500     2.1139E-01
     498.500  3908.500     4.3841E-01
     499.500  3908.500     3.0001E-01
     500.500  3908.500     3.3041E-01
     501.500  3908.500     4.1184E-01
     502.500  3908.500     5.6517E-01
     503.500  3908.500     1.2223E+00
     504.500  3908.500     1.7378E+00
     505.500  3908.500     2.1481E+00
     506.500  3908.500     3.2479E+00
     507.500  3908.500     4.8878E+00
     508.500  3908.500     6.5826E+00
     509.500  3908.500     7.5596E+00
     510.500  3908.500     6.5761E+00
     511.500  3908.500     4.3518E+00
     512.500  3908.500     3.2363E+00
     513.500  3908.500     3.4171E+00
     514.500  3908.500     2.6950E+00
     515.500  3908.500     1.1575E+00
     516.500  3908.500     2.6697E-01
     517.500  3908.500     1.9485E-01
     518.500  3908.500     2.6324E-01
     519.500  3908.500     3.7167E-01
     520.500  3908.500     1.5794E+00
     521.500  3908.500     3.3749E-01
     522.500  3908.500     4.6580E-02
     523.500  3908.500     6.0137E-02
     524.500  3908.500     1.1988E-03
     525.500  3908.500     0.0000E+00
     526.500  3908.500     0.0000E+00
     527.500  3908.500     0.0000E+00
     528.500  3908.500     0.0000E+00
     529.500  3908.500     0.0000E+00
     530.500  3908.500     0.0000E+00
     531.500  3908.500     0.0000E+00
     532.500  3908.500     0.0000E+00
     533.500  3908.500     0.0000E+00
     534.500  3908.500     0.0000E+00
     535.500  3908.500     0.0000E+00
     536.500  3908.500     0.0000E+00
     537.500  3908.500     0.0000E+00
     538.500  3908.500     0.0000E+00
     539.500  3908.500     0.0000E+00
     540.500  3908.500     0.0000E+00
     541.500  3908.500     0.0000E+00
     542.500  3908.500     0.0000E+00
     543.500  3908.500     0.0000E+00
     544.500  3908.500     0.0000E+00
     495.500  3909.500     8.6354E-02
     496.500  3909.500     9.4933E-02
     497.500  3909.500     1.3114E-01
     498.500  3909.500     3.5129E-01
     499.500  3909.500     3.7637E-01
     500.500  3909.500     2.4372E-01
     501.500  3909.500     2.4014E-01
     502.500  3909.500     2.5094E-01
     503.500  3909.500     3.5431E-01
     504.500  3909.500     4.6756E-01
     505.500  3909.500     7.7162E-01
     506.500  3909.500     1.1814E+00
     507.500  3909.500     2.1035E+00
     508.500  3909.500     3.7564E+00
     509.500  3909.500     6.3653E+00
     510.500  3909.500     8.8861E+00
     511.500  3909.500     8.6215E+00
     512.500  3909.500     4.9070E+00
     513.500  3909.500     2.8975E+00
     514.500  3909.500     3.7898E+00
     515.500  3909.500     2.9619E+00
     516.500  3909.500     1.3708E+00
     517.500  3909.500     2.9621E-01
     518.500  3909.500     2.1640E-01
     519.500  3909.500     3.7291E-01
     520.500  3909.500     3.6882E-01
     521.500  3909.500     1.5875E+00
     522.500  3909.500     2.6783E-01
     523.500  3909.500     7.4257E-02
     524.500  3909.500     3.5481E-02
     525.500  3909.500     0.0000E+00
     526.500  3909.500     0.0000E+00
     527.500  3909.500     0.0000E+00
     528.500  3909.500     0.0000E+00
     529.500  3909.500     0.0000E+00
     530.500  3909.500     0.0000E+00
     531.500  3909.500     0.0000E+00
     532.500  3909.500     0.0000E+00
     533.500  3909.500     0.0000E+00
     534.500  3909.500     0.0000E+00
     535.500  3909.500     0.0000E+00
     536.500  3909.500     0.0000E+00
     537.500  3909.500     0.0000E+00
     538.500  3909.500     0.0000E+00
     539.500  3909.500     0.0000E+00
     540.500  3909.500     0.0000E+00
     541.500  3909.500     0.0000E+00
     542.500  3909.500     0.0000E+00
     543.500  3909.500     0.0000E+00
     544.500  3909.500     0.0000E+00
     495.500  3910.500     1.8219E-02
     496.500  3910.500     3.0283E-02
     497.500  3910.500     5.9352E-02
     498.500  3910.500     1.7684E-01
     499.500  3910.500     2.9682E-01
     500.500  3910.500     3.9028E-01
     501.500  3910.500     2.4110E-01
     502.500  3910.500     2.0303E-01
     503.500  3910.500     2.0558E-01
     504.500  3910.500     3.9714E-01
     505.500  3910.500     3.3624E-01
     506.500  3910.500     3.7907E-01
     507.500  3910.500     6.5069E-01
     508.500  3910.500     1.2415E+00
     509.500  3910.500     2.6700E+00
     510.500  3910.500     5.5797E+00
     511.500  3910.500     1.0068E+01
     512.500  3910.500     1.1436E+01
     513.500  3910.500     5.3937E+00
     514.500  3910.500     2.2100E+00
     515.500  3910.500     3.6484E+00
     516.500  3910.500     4.5231E+00
     517.500  3910.500     2.0030E+00
     518.500  3910.500     2.8921E-01
     519.500  3910.500     2.4101E-01
     520.500  3910.500     4.1336E-01
     521.500  3910.500     4.0821E-01
     522.500  3910.500     1.9710E+00
     523.500  3910.500     7.4383E-02
     524.500  3910.500     1.0192E-01
     525.500  3910.500     8.8846E-03
     526.500  3910.500     0.0000E+00
     527.500  3910.500     0.0000E+00
     528.500  3910.500     0.0000E+00
     529.500  3910.500     0.0000E+00
     530.500  3910.500     0.0000E+00
     531.500  3910.500     0.0000E+00
     532.500  3910.500     0.0000E+00
     533.500  3910.500     0.0000E+00
     534.500  3910.500     0.0000E+00
     535.500  3910.500     0.0000E+00
     536.500  3910.500     0.0000E+00
     537.500  3910.500     0.0000E+00
     538.500  3910.500     0.0000E+00
     539.500  3910.500     0.0000E+00
     540.500  3910.500     0.0000E+00
     541.500  3910.500     0.0000E+00
     542.500  3910.500     0.0000E+00
     543.500  3910.500     0.0000E+00
     544.500  3910.500     0.0000E+00
     495.500  3911.500     6.3520E-03
     496.500  3911.500     1.2213E-02
     497.500  3911.500     1.8675E-02
     498.500  3911.500     3.5180E-02
     499.500  3911.500     1.1485E-01
     500.500  3911.500     2.3480E-01
     501.500  3911.500     2.3598E-01
     502.500  3911.500     1.8746E-01
     503.500  3911.500     1.7434E-01
     504.500  3911.500     2.8516E-01
     505.500  3911.500     3.8050E-01
     506.500  3911.500     3.4790E-01
     507.500  3911.500     3.3757E-01
     508.500  3911.500     4.2425E-01
     509.500  3911.500     6.9088E-01
     510.500  3911.500     1.5457E+00
     511.500  3911.500     4.2426E+00
     512.500  3911.500     1.0674E+01
     513.500  3911.500     1.4687E+01
     514.500  3911.500     6.0850E+00
     515.500  3911.500     1.5654E+00
     516.500  3911.500     3.5713E+00
     517.500  3911.500     5.5540E+00
     518.500  3911.500     2.6422E+00
     519.500  3911.500     3.5074E-01
     520.500  3911.500     2.7095E-01
     521.500  3911.500     4.4908E-01
     522.500  3911.500     3.9718E-01
     523.500  3911.500     1.4930E+00
     524.500  3911.500     4.1481E-02
     525.500  3911.500     9.6809E-02
     526.500  3911.500     0.0000E+00
     527.500  3911.500     0.0000E+00
     528.500  3911.500     0.0000E+00
     529.500  3911.500     0.0000E+00
     530.500  3911.500     0.0000E+00
     531.500  3911.500     0.0000E+00
     532.500  3911.500     0.0000E+00
     533.500  3911.500     0.0000E+00
     534.500  3911.500     0.0000E+00
     535.500  3911.500     0.0000E+00
     536.500  3911.500     0.0000E+00
     537.500  3911.500     0.0000E+00
     538.500  3911.500     0.0000E+00
     539.500  3911.500     0.0000E+00
     540.500  3911.500     0.0000E+00
     541.500  3911.500     0.0000E+00
     542.500  3911.500     0.0000E+00
     543.500  3911.500     0.0000E+00
     544.500  3911.500     0.0000E+00
     495.500  3912.500     2.1027E-05
     496.500  3912.500     6.7232E-04
     497.500  3912.500     2.9682E-03
     498.500  3912.500     8.3027E-03
     499.500  3912.500     3.2884E-02
     500.500  3912.500     8.1678E-02
     501.500  3912.500     1.5787E-01
     502.500  3912.500     1.4768E-01
     503.500  3912.500     1.1442E-01
     504.500  3912.500     2.7302E-01
     505.500  3912.500     6.4336E-01
     506.500  3912.500     5.9003E-01
     507.500  3912.500     4.7817E-01
     508.500  3912.500     3.7771E-01
     509.500  3912.500     3.6411E-01
     510.500  3912.500     4.8538E-01
     511.500  3912.500     8.8952E-01
     512.500  3912.500     2.6644E+00
     513.500  3912.500     9.7455E+00
     514.500  3912.500     1.7281E+01
     515.500  3912.500     7.0853E+00
     516.500  3912.500     9.3209E-01
     517.500  3912.500     2.9405E+00
     518.500  3912.500     6.2910E+00
     519.500  3912.500     3.4785E+00
     520.500  3912.500     4.4327E-01
     521.500  3912.500     3.2577E-01
     522.500  3912.500     3.4626E-01
     523.500  3912.500     5.7913E-01
     524.500  3912.500     1.6836E+00
     525.500  3912.500     9.1949E-02
     526.500  3912.500     4.0403E-02
     527.500  3912.500     0.0000E+00
     528.500  3912.500     0.0000E+00
     529.500  3912.500     0.0000E+00
     530.500  3912.500     0.0000E+00
     531.500  3912.500     0.0000E+00
     532.500  3912.500     0.0000E+00
     533.500  3912.500     0.0000E+00
     534.500  3912.500     0.0000E+00
     535.500  3912.500     0.0000E+00
     536.500  3912.500     0.0000E+00
     537.500  3912.500     0.0000E+00
     538.500  3912.500     0.0000E+00
     539.500  3912.500     0.0000E+00
     540.500  3912.500     0.0000E+00
     541.500  3912.500     0.0000E+00
     542.500  3912.500     0.0000E+00
     543.500  3912.500     0.0000E+00
     544.500  3912.500     0.0000E+00
     495.500  3913.500     0.0000E+00
     496.500  3913.500     0.0000E+00
     497.500  3913.500     0.0000E+00
     498.500  3913.500     7.7806E-05
     499.500  3913.500     2.5831E-03
     500.500  3913.500     1.4315E-02
     501.500  3913.500     3.5184E-02
     502.500  3913.500     4.0439E-02
     503.500  3913.500     4.4304E-02
     504.500  3913.500     9.0896E-02
     505.500  3913.500     1.8910E-01
     506.500  3913.500     3.7054E-01
     507.500  3913.500     7.1322E-01
     508.500  3913.500     6.3377E-01
     509.500  3913.500     4.7703E-01
     510.500  3913.500     3.7994E-01
     511.500  3913.500     4.1628E-01
     512.500  3913.500     6.3556E-01
     513.500  3913.500     1.8999E+00
     514.500  3913.500     9.0282E+00
     515.500  3913.500     1.9562E+01
     516.500  3913.500     8.2050E+00
     517.500  3913.500     6.3269E-01
     518.500  3913.500     2.3486E+00
     519.500  3913.500     6.7399E+00
     520.500  3913.500     4.1949E+00
     521.500  3913.500     5.4278E-01
     522.500  3913.500     3.4052E-01
     523.500  3913.500     4.0532E-01
     524.500  3913.500     1.2149E+00
     525.500  3913.500     9.1625E-01
     526.500  3913.500     1.4610E-01
     527.500  3913.500     2.7109E-03
     528.500  3913.500     0.0000E+00
     529.500  3913.500     0.0000E+00
     530.500  3913.500     0.0000E+00
     531.500  3913.500     0.0000E+00
     532.500  3913.500     0.0000E+00
     533.500  3913.500     0.0000E+00
     534.500  3913.500     0.0000E+00
     535.500  3913.500     0.0000E+00
     536.500  3913.500     0.0000E+00
     537.500  3913.500     0.0000E+00
     538.500  3913.500     0.0000E+00
     539.500  3913.500     0.0000E+00
     540.500  3913.500     0.0000E+00
     541.500  3913.500     0.0000E+00
     542.500  3913.500     0.0000E+00
     543.500  3913.500     0.0000E+00
     544.500  3913.500     0.0000E+00
     495.500  3914.500     0.0000E+00
     496.500  3914.500     0.0000E+00
     497.500  3914.500     0.0000E+00
     498.500  3914.500     0.0000E+00
     499.500  3914.500     0.0000E+00
     500.500  3914.500     5.6447E-05
     501.500  3914.500     1.1618E-03
     502.500  3914.500     3.8737E-03
     503.500  3914.500     1.4037E-02
     504.500  3914.500     1.8080E-02
     505.500  3914.500     6.2919E-02
     506.500  3914.500     1.9709E-01
     507.500  3914.500     5.7107E-01
     508.500  3914.500     7.6745E-01
     509.500  3914.500     8.1208E-01
     510.500  3914.500     6.5718E-01
     511.500  3914.500     4.6045E-01
     512.500  3914.500     4.1575E-01
     513.500  3914.500     5.3746E-01
     514.500  3914.500     1.3249E+00
     515.500  3914.500     7.5843E+00
     516.500  3914.500     2.2672E+01
     517.500  3914.500     9.8190E+00
     518.500  3914.500     5.4974E-01
     519.500  3914.500     1.9277E+00
     520.500  3914.500     7.2408E+00
     521.500  3914.500     4.6494E+00
     522.500  3914.500     4.3741E-01
     523.500  3914.500     4.3627E-01
     524.500  3914.500     4.1602E-01
     525.500  3914.500     2.0750E+00
     526.500  3914.500     3.1101E-01
     527.500  3914.500     1.5696E-01
     528.500  3914.500     0.0000E+00
     529.500  3914.500     0.0000E+00
     530.500  3914.500     0.0000E+00
     531.500  3914.500     0.0000E+00
     532.500  3914.500     0.0000E+00
     533.500  3914.500     0.0000E+00
     534.500  3914.500     0.0000E+00
     535.500  3914.500     0.0000E+00
     536.500  3914.500     0.0000E+00
     537.500  3914.500     0.0000E+00
     538.500  3914.500     0.0000E+00
     539.500  3914.500     0.0000E+00
     540.500  3914.500     0.0000E+00
     541.500  3914.500     0.0000E+00
     542.500  3914.500     0.0000E+00
     543.500  3914.500     0.0000E+00
     544.500  3914.500     0.0000E+00
     495.500  3915.500     0.0000E+00
     496.500  3915.500     0.0000E+00
     497.500  3915.500     0.0000E+00
     498.500  3915.500     0.0000E+00
     499.500  3915.500     0.0000E+00
     500.500  3915.500     0.0000E+00
     501.500  3915.500     0.0000E+00
     502.500  3915.500     2.3928E-05
     503.500  3915.500     2.0312E-04
     504.500  3915.500     9.0399E-04
     505.500  3915.500     9.6836E-03
     506.500  3915.500     6.3970E-02
     507.500  3915.500     1.6800E-01
     508.500  3915.500     3.6881E-01
     509.500  3915.500     6.7266E-01
     510.500  3915.500     9.3475E-01
     511.500  3915.500     9.0533E-01
     512.500  3915.500     6.2797E-01
     513.500  3915.500     3.9846E-01
     514.500  3915.500     5.5044E-01
     515.500  3915.500     1.0461E+00
     516.500  3915.500     6.3906E+00
     517.500  3915.500     2.6306E+01
     518.500  3915.500     1.1155E+01
     519.500  3915.500     6.5128E-01
     520.500  3915.500     1.6257E+00
     521.500  3915.500     8.1167E+00
     522.500  3915.500     4.4010E+00
     523.500  3915.500     5.4483E-01
     524.500  3915.500     4.8214E-01
     525.500  3915.500     4.0153E-01
     526.500  3915.500     3.0427E+00
     527.500  3915.500     1.8333E-01
     528.500  3915.500     1.2249E-01
     529.500  3915.500     0.0000E+00
     530.500  3915.500     0.0000E+00
     531.500  3915.500     0.0000E+00
     532.500  3915.500     0.0000E+00
     533.500  3915.500     0.0000E+00
     534.500  3915.500     0.0000E+00
     535.500  3915.500     0.0000E+00
     536.500  3915.500     0.0000E+00
     537.500  3915.500     0.0000E+00
     538.500  3915.500     0.0000E+00
     539.500  3915.500     0.0000E+00
     540.500  3915.500     0.0000E+00
     541.500  3915.500     0.0000E+00
     542.500  3915.500     0.0000E+00
     543.500  3915.500     0.0000E+00
     544.500  3915.500     0.0000E+00
     495.500  3916.500     0.0000E+00
     496.500  3916.500     0.0000E+00
     497.500  3916.500     0.0000E+00
     498.500  3916.500     0.0000E+00
     499.500  3916.500     0.0000E+00
     500.500  3916.500     0.0000E+00
     501.500  3916.500     0.0000E+00
     502.500  3916.500     0.0000E+00
     503.500  3916.500     0.0000E+00
     504.500  3916.500     0.0000E+00
     505.500  3916.500     4.1515E-05
     506.500  3916.500     5.9825E-04
     507.500  3916.500     9.1847E-03
     508.500  3916.500     4.5611E-02
     509.500  3916.500     1.5317E-01
     510.500  3916.500     4.3370E-01
     511.500  3916.500     8.9895E-01
     512.500  3916.500     1.1932E+00
     513.500  3916.500     5.8827E-01
     514.500  3916.500     4.5328E-01
     515.500  3916.500     5.8619E-01
     516.500  3916.500     9.9360E-01
     517.500  3916.500     5.2899E+00
     518.500  3916.500     2.9519E+01
     519.500  3916.500     1.1910E+01
     520.500  3916.500     8.5323E-01
     521.500  3916.500     1.4752E+00
     522.500  3916.500     9.2915E+00
     523.500  3916.500     3.4794E+00
     524.500  3916.500     9.0436E-01
     525.500  3916.500     3.4724E-01
     526.500  3916.500     2.6625E-01
     527.500  3916.500     3.3965E+00
     528.500  3916.500     1.9804E-01
     529.500  3916.500     2.2806E-02
     530.500  3916.500     0.0000E+00
     531.500  3916.500     0.0000E+00
     532.500  3916.500     0.0000E+00
     533.500  3916.500     0.0000E+00
     534.500  3916.500     0.0000E+00
     535.500  3916.500     0.0000E+00
     536.500  3916.500     0.0000E+00
     537.500  3916.500     0.0000E+00
     538.500  3916.500     0.0000E+00
     539.500  3916.500     0.0000E+00
     540.500  3916.500     0.0000E+00
     541.500  3916.500     0.0000E+00
     542.500  3916.500     0.0000E+00
     543.500  3916.500     0.0000E+00
     544.500  3916.500     0.0000E+00
     495.500  3917.500     0.0000E+00
     496.500  3917.500     0.0000E+00
     497.500  3917.500     0.0000E+00
     498.500  3917.500     0.0000E+00
     499.500  3917.500     0.0000E+00
     500.500  3917.500     0.0000E+00
     501.500  3917.500     0.0000E+00
     502.500  3917.500     0.0000E+00
     503.500  3917.500     0.0000E+00
     504.500  3917.500     0.0000E+00
     505.500  3917.500     0.0000E+00
     506.500  3917.500     0.0000E+00
     507.500  3917.500     0.0000E+00
     508.500  3917.500     2.0970E-04
     509.500  3917.500     2.3332E-03
     510.500  3917.500     3.2065E-02
     511.500  3917.500     1.7849E-01
     512.500  3917.500     6.5412E-01
     513.500  3917.500     6.6698E-01
     514.500  3917.500     3.8234E-01
     515.500  3917.500     5.3419E-01
     516.500  3917.500     6.3903E-01
     517.500  3917.500     1.0529E+00
     518.500  3917.500     4.3081E+00
     519.500  3917.500     3.3675E+01
     520.500  3917.500     1.1909E+01
     521.500  3917.500     8.9618E-01
     522.500  3917.500     1.3127E+00
     523.500  3917.500     8.2720E+00
     524.500  3917.500     2.6249E+00
     525.500  3917.500     4.9878E-01
     526.500  3917.500     4.1061E-02
     527.500  3917.500     1.1223E-01
     528.500  3917.500     2.4718E-01
     529.500  3917.500     3.2406E-01
     530.500  3917.500     3.3921E-04
     531.500  3917.500     0.0000E+00
     532.500  3917.500     0.0000E+00
     533.500  3917.500     0.0000E+00
     534.500  3917.500     0.0000E+00
     535.500  3917.500     0.0000E+00
     536.500  3917.500     0.0000E+00
     537.500  3917.500     0.0000E+00
     538.500  3917.500     0.0000E+00
     539.500  3917.500     0.0000E+00
     540.500  3917.500     0.0000E+00
     541.500  3917.500     0.0000E+00
     542.500  3917.500     0.0000E+00
     543.500  3917.500     0.0000E+00
     544.500  3917.500     0.0000E+00
     495.500  3918.500     0.0000E+00
     496.500  3918.500     0.0000E+00
     497.500  3918.500     0.0000E+00
     498.500  3918.500     0.0000E+00
     499.500  3918.500     0.0000E+00
     500.500  3918.500     0.0000E+00
     501.500  3918.500     0.0000E+00
     502.500  3918.500     0.0000E+00
     503.500  3918.500     0.0000E+00
     504.500  3918.500     0.0000E+00
     505.500  3918.500     0.0000E+00
     506.500  3918.500     0.0000E+00
     507.500  3918.500     0.0000E+00
     508.500  3918.500     0.0000E+00
     509.500  3918.500     0.0000E+00
     510.500  3918.500     6.0720E-05
     511.500  3918.500     2.1005E-03
     512.500  3918.500     3.8369E-02
     513.500  3918.500     1.8606E-01
     514.500  3918.500     2.7132E-01
     515.500  3918.500     4.5430E-01
     516.500  3918.500     1.0872E+00
     517.500  3918.500     7.6682E-01
     518.500  3918.500     1.1098E+00
     519.500  3918.500     3.3416E+00
     520.500  3918.500     3.9325E+01
     521.500  3918.500     1.0637E+01
     522.500  3918.500     3.9501E-01
     523.500  3918.500     1.1552E+00
     524.500  3918.500     9.0871E+00
     525.500  3918.500     1.2601E+00
     526.500  3918.500     9.2373E-02
     527.500  3918.500     8.7223E-04
     528.500  3918.500     4.1162E-02
     529.500  3918.500     1.8181E-01
     530.500  3918.500     6.3087E-02
     531.500  3918.500     0.0000E+00
     532.500  3918.500     0.0000E+00
     533.500  3918.500     0.0000E+00
     534.500  3918.500     0.0000E+00
     535.500  3918.500     0.0000E+00
     536.500  3918.500     0.0000E+00
     537.500  3918.500     0.0000E+00
     538.500  3918.500     0.0000E+00
     539.500  3918.500     0.0000E+00
     540.500  3918.500     0.0000E+00
     541.500  3918.500     0.0000E+00
     542.500  3918.500     0.0000E+00
     543.500  3918.500     0.0000E+00
     544.500  3918.500     0.0000E+00
     495.500  3919.500     0.0000E+00
     496.500  3919.500     0.0000E+00
     497.500  3919.500     0.0000E+00
     498.500  3919.500     0.0000E+00
     499.500  3919.500     0.0000E+00
     500.500  3919.500     0.0000E+00
     501.500  3919.500     0.0000E+00
     502.500  3919.500     0.0000E+00
     503.500  3919.500     0.0000E+00
     504.500  3919.500     0.0000E+00
     505.500  3919.500     0.0000E+00
     506.500  3919.500     0.0000E+00
     507.500  3919.500     0.0000E+00
     508.500  3919.500     0.0000E+00
     509.500  3919.500     0.0000E+00
     510.500  3919.500     0.0000E+00
     511.500  3919.500     0.0000E+00
     512.500  3919.500     0.0000E+00
     513.500  3919.500     5.1637E-03
     514.500  3919.500     4.3200E-02
     515.500  3919.500     1.9433E-01
     516.500  3919.500     4.6248E-01
     517.500  3919.500     1.1309E+00
     518.500  3919.500     9.9735E-01
     519.500  3919.500     1.2083E+00
     520.500  3919.500     2.4752E+00
     521.500  3919.500     4.7395E+01
     522.500  3919.500     7.7727E+00
     523.500  3919.500     1.4250E-01
     524.500  3919.500     7.8774E-01
     525.500  3919.500     7.9949E+00
     526.500  3919.500     6.8219E-01
     527.500  3919.500     4.2810E-02
     528.500  3919.500     0.0000E+00
     529.500  3919.500     4.5298E-01
     530.500  3919.500     0.0000E+00
     531.500  3919.500     0.0000E+00
     532.500  3919.500     0.0000E+00
     533.500  3919.500     0.0000E+00
     534.500  3919.500     0.0000E+00
     535.500  3919.500     0.0000E+00
     536.500  3919.500     0.0000E+00
     537.500  3919.500     0.0000E+00
     538.500  3919.500     0.0000E+00
     539.500  3919.500     0.0000E+00
     540.500  3919.500     0.0000E+00
     541.500  3919.500     0.0000E+00
     542.500  3919.500     0.0000E+00
     543.500  3919.500     0.0000E+00
     544.500  3919.500     0.0000E+00
     495.500  3920.500     0.0000E+00
     496.500  3920.500     0.0000E+00
     497.500  3920.500     0.0000E+00
     498.500  3920.500     0.0000E+00
     499.500  3920.500     0.0000E+00
     500.500  3920.500     0.0000E+00
     501.500  3920.500     0.0000E+00
     502.500  3920.500     0.0000E+00
     503.500  3920.500     0.0000E+00
     504.500  3920.500     0.0000E+00
     505.500  3920.500     0.0000E+00
     506.500  3920.500     0.0000E+00
     507.500  3920.500     0.0000E+00
     508.500  3920.500     0.0000E+00
     509.500  3920.500     0.0000E+00
     510.500  3920.500     0.0000E+00
     511.500  3920.500     0.0000E+00
     512.500  3920.500     0.0000E+00
     513.500  3920.500     0.0000E+00
     514.500  3920.500     9.3975E-04
     515.500  3920.500     2.5800E-02
     516.500  3920.500     7.0062E-02
     517.500  3920.500     5.2232E-01
     518.500  3920.500     2.1237E+00
     519.500  3920.500     1.0326E+00
     520.500  3920.500     1.3398E+00
     521.500  3920.500     1.9339E+00
     522.500  3920.500     5.9533E+01
     523.500  3920.500     2.0285E+00
     524.500  3920.500     1.3153E-01
     525.500  3920.500     7.0170E-01
     526.500  3920.500     1.6239E+01
     527.500  3920.500     4.7088E-01
     528.500  3920.500     8.2143E-03
     529.500  3920.500     0.0000E+00
     530.500  3920.500     9.8362E-01
     531.500  3920.500     0.0000E+00
     532.500  3920.500     0.0000E+00
     533.500  3920.500     0.0000E+00
     534.500  3920.500     0.0000E+00
     535.500  3920.500     0.0000E+00
     536.500  3920.500     0.0000E+00
     537.500  3920.500     0.0000E+00
     538.500  3920.500     0.0000E+00
     539.500  3920.500     0.0000E+00
     540.500  3920.500     0.0000E+00
     541.500  3920.500     0.0000E+00
     542.500  3920.500     0.0000E+00
     543.500  3920.500     0.0000E+00
     544.500  3920.500     0.0000E+00
     495.500  3921.500     0.0000E+00
     496.500  3921.500     0.0000E+00
     497.500  3921.500     0.0000E+00
     498.500  3921.500     0.0000E+00
     499.500  3921.500     0.0000E+00
     500.500  3921.500     0.0000E+00
     501.500  3921.500     0.0000E+00
     502.500  3921.500     0.0000E+00
     503.500  3921.500     0.0000E+00
     504.500  3921.500     0.0000E+00
     505.500  3921.500     0.0000E+00
     506.500  3921.500     0.0000E+00
     507.500  3921.500     0.0000E+00
     508.500  3921.500     0.0000E+00
     509.500  3921.500     0.0000E+00
     510.500  3921.500     0.0000E+00
     511.500  3921.500     0.0000E+00
     512.500  3921.500     0.0000E+00
     513.500  3921.500     0.0000E+00
     514.500  3921.500     0.0000E+00
     515.500  3921.500     0.0000E+00
     516.500  3921.500     6.0827E-03
     517.500  3921.500     3.2721E-02
     518.500  3921.500     4.7019E-01
     519.500  3921.500     7.9498E-01
     520.500  3921.500     6.7682E-01
     521.500  3921.500     6.8478E-01
     522.500  3921.500     1.2335E+00
     523.500  3921.500     7.5726E+01
     524.500  3921.500     1.1037E-01
     525.500  3921.500     2.8401E-01
     526.500  3921.500     4.7687E-01
     527.500  3921.500     9.7813E+00
     528.500  3921.500     2.0925E-01
     529.500  3921.500     1.2153E-02
     530.500  3921.500     0.0000E+00
     531.500  3921.500     0.0000E+00
     532.500  3921.500     0.0000E+00
     533.500  3921.500     0.0000E+00
     534.500  3921.500     0.0000E+00
     535.500  3921.500     0.0000E+00
     536.500  3921.500     0.0000E+00
     537.500  3921.500     0.0000E+00
     538.500  3921.500     0.0000E+00
     539.500  3921.500     0.0000E+00
     540.500  3921.500     0.0000E+00
     541.500  3921.500     0.0000E+00
     542.500  3921.500     0.0000E+00
     543.500  3921.500     0.0000E+00
     544.500  3921.500     0.0000E+00
     495.500  3922.500     0.0000E+00
     496.500  3922.500     0.0000E+00
     497.500  3922.500     0.0000E+00
     498.500  3922.500     0.0000E+00
     499.500  3922.500     0.0000E+00
     500.500  3922.500     0.0000E+00
     501.500  3922.500     0.0000E+00
     502.500  3922.500     0.0000E+00
     503.500  3922.500     0.0000E+00
     504.500  3922.500     0.0000E+00
     505.500  3922.500     0.0000E+00
     506.500  3922.500     0.0000E+00
     507.500  3922.500     0.0000E+00
     508.500  3922.500     0.0000E+00
     509.500  3922.500     0.0000E+00
     510.500  3922.500     0.0000E+00
     511.500  3922.500     0.0000E+00
     512.500  3922.500     0.0000E+00
     513.500  3922.500     0.0000E+00
     514.500  3922.500     0.0000E+00
     515.500  3922.500     0.0000E+00
     516.500  3922.500     0.0000E+00
     517.500  3922.500     8.7565E-04
     518.500  3922.500     1.1640E-02
     519.500  3922.500     2.1145E-01
     520.500  3922.500     6.2020E-01
     521.500  3922.500     8.1918E-01
     522.500  3922.500     1.2536E+00
     523.500  3922.500     2.0345E+00
     524.500  3922.500     9.3039E+01
     525.500  3922.500     1.6250E-01
     526.500  3922.500     1.3349E-01
     527.500  3922.500     3.1580E-01
     528.500  3922.500     1.6434E+01
     529.500  3922.500     7.3888E-02
     530.500  3922.500     1.6936E-02
     531.500  3922.500     0.0000E+00
     532.500  3922.500     0.0000E+00
     533.500  3922.500     0.0000E+00
     534.500  3922.500     0.0000E+00
     535.500  3922.500     0.0000E+00
     536.500  3922.500     0.0000E+00
     537.500  3922.500     0.0000E+00
     538.500  3922.500     0.0000E+00
     539.500  3922.500     0.0000E+00
     540.500  3922.500     0.0000E+00
     541.500  3922.500     0.0000E+00
     542.500  3922.500     0.0000E+00
     543.500  3922.500     0.0000E+00
     544.500  3922.500     0.0000E+00
     495.500  3923.500     0.0000E+00
     496.500  3923.500     0.0000E+00
     497.500  3923.500     0.0000E+00
     498.500  3923.500     0.0000E+00
     499.500  3923.500     0.0000E+00
     500.500  3923.500     0.0000E+00
     501.500  3923.500     0.0000E+00
     502.500  3923.500     0.0000E+00
     503.500  3923.500     0.0000E+00
     504.500  3923.500     0.0000E+00
     505.500  3923.500     0.0000E+00
     506.500  3923.500     0.0000E+00
     507.500  3923.500     0.0000E+00
     508.500  3923.500     0.0000E+00
     509.500  3923.500     0.0000E+00
     510.500  3923.500     0.0000E+00
     511.500  3923.500     0.0000E+00
     512.500  3923.500     0.0000E+00
     513.500  3923.500     0.0000E+00
     514.500  3923.500     0.0000E+00
     515.500  3923.500     0.0000E+00
     516.500  3923.500     0.0000E+00
     517.500  3923.500     0.0000E+00
     518.500  3923.500     0.0000E+00
     519.500  3923.500     6.1204E-03
     520.500  3923.500     1.2950E-01
     521.500  3923.500     3.6596E-01
     522.500  3923.500     2.2883E+00
     523.500  3923.500     1.7315E+00
     524.500  3923.500     1.9520E+00
     525.500  3923.500     6.0526E+01
     526.500  3923.500     1.2041E-01
     527.500  3923.500     1.3380E-01
     528.500  3923.500     5.7282E-01
     529.500  3923.500     1.2977E+01
     530.500  3923.500     2.4244E-02
     531.500  3923.500     5.0392E-03
     532.500  3923.500     0.0000E+00
     533.500  3923.500     0.0000E+00
     534.500  3923.500     0.0000E+00
     535.500  3923.500     0.0000E+00
     536.500  3923.500     0.0000E+00
     537.500  3923.500     0.0000E+00
     538.500  3923.500     0.0000E+00
     539.500  3923.500     0.0000E+00
     540.500  3923.500     0.0000E+00
     541.500  3923.500     0.0000E+00
     542.500  3923.500     0.0000E+00
     543.500  3923.500     0.0000E+00
     544.500  3923.500     0.0000E+00
     495.500  3924.500     0.0000E+00
     496.500  3924.500     0.0000E+00
     497.500  3924.500     0.0000E+00
     498.500  3924.500     0.0000E+00
     499.500  3924.500     0.0000E+00
     500.500  3924.500     0.0000E+00
     501.500  3924.500     0.0000E+00
     502.500  3924.500     0.0000E+00
     503.500  3924.500     0.0000E+00
     504.500  3924.500     0.0000E+00
     505.500  3924.500     0.0000E+00
     506.500  3924.500     0.0000E+00
     507.500  3924.500     0.0000E+00
     508.500  3924.500     0.0000E+00
     509.500  3924.500     0.0000E+00
     510.500  3924.500     0.0000E+00
     511.500  3924.500     0.0000E+00
     512.500  3924.500     0.0000E+00
     513.500  3924.500     0.0000E+00
     514.500  3924.500     0.0000E+00
     515.500  3924.500     0.0000E+00
     516.500  3924.500     0.0000E+00
     517.500  3924.500     0.0000E+00
     518.500  3924.500     0.0000E+00
     519.500  3924.500     0.0000E+00
     520.500  3924.500     2.7867E-04
     521.500  3924.500     5.7479E-02
     522.500  3924.500     5.0740E-02
     523.500  3924.500     4.5762E-02
     524.500  3924.500     4.9123E-01
     525.500  3924.500     1.2247E+00
     526.500  3924.500     2.7360E+00
     527.500  3924.500     2.1127E-01
     528.500  3924.500     1.9066E-01
     529.500  3924.500     2.7206E-01
     530.500  3924.500     2.4702E-02
     531.500  3924.500     0.0000E+00
     532.500  3924.500     2.0783E-04
     533.500  3924.500     0.0000E+00
     534.500  3924.500     0.0000E+00
     535.500  3924.500     0.0000E+00
     536.500  3924.500     0.0000E+00
     537.500  3924.500     0.0000E+00
     538.500  3924.500     0.0000E+00
     539.500  3924.500     0.0000E+00
     540.500  3924.500     0.0000E+00
     541.500  3924.500     0.0000E+00
     542.500  3924.500     0.0000E+00
     543.500  3924.500     0.0000E+00
     544.500  3924.500     0.0000E+00
     495.500  3925.500     0.0000E+00
     496.500  3925.500     0.0000E+00
     497.500  3925.500     0.0000E+00
     498.500  3925.500     0.0000E+00
     499.500  3925.500     0.0000E+00
     500.500  3925.500     0.0000E+00
     501.500  3925.500     0.0000E+00
     502.500  3925.500     0.0000E+00
     503.500  3925.500     0.0000E+00
     504.500  3925.500     0.0000E+00
     505.500  3925.500     0.0000E+00
     506.500  3925.500     0.0000E+00
     507.500  3925.500     0.0000E+00
     508.500  3925.500     0.0000E+00
     509.500  3925.500     0.0000E+00
     510.500  3925.500     0.0000E+00
     511.500  3925.500     0.0000E+00
     512.500  3925.500     0.0000E+00
     513.500  3925.500     0.0000E+00
     514.500  3925.500     0.0000E+00
     515.500  3925.500     0.0000E+00
     516.500  3925.500     0.0000E+00
     517.500  3925.500     0.0000E+00
     518.500  3925.500     0.0000E+00
     519.500  3925.500     0.0000E+00
     520.500  3925.500     0.0000E+00
     521.500  3925.500     0.0000E+00
     522.500  3925.500     8.8944E-04
     523.500  3925.500     2.0545E-02
     524.500  3925.500     1.0195E-02
     525.500  3925.500     1.9512E-01
     526.500  3925.500     1.1396E+00
     527.500  3925.500     6.5539E-02
     528.500  3925.500     2.0615E-01
     529.500  3925.500     6.2126E-01
     530.500  3925.500     2.0941E-02
     531.500  3925.500     1.5863E-07
     532.500  3925.500     0.0000E+00
     533.500  3925.500     0.0000E+00
     534.500  3925.500     0.0000E+00
     535.500  3925.500     0.0000E+00
     536.500  3925.500     0.0000E+00
     537.500  3925.500     0.0000E+00
     538.500  3925.500     0.0000E+00
     539.500  3925.500     0.0000E+00
     540.500  3925.500     0.0000E+00
     541.500  3925.500     0.0000E+00
     542.500  3925.500     0.0000E+00
     543.500  3925.500     0.0000E+00
     544.500  3925.500     0.0000E+00
     495.500  3926.500     0.0000E+00
     496.500  3926.500     0.0000E+00
     497.500  3926.500     0.0000E+00
     498.500  3926.500     0.0000E+00
     499.500  3926.500     0.0000E+00
     500.500  3926.500     0.0000E+00
     501.500  3926.500     0.0000E+00
     502.500  3926.500     0.0000E+00
     503.500  3926.500     0.0000E+00
     504.500  3926.500     0.0000E+00
     505.500  3926.500     0.0000E+00
     506.500  3926.500     0.0000E+00
     507.500  3926.500     0.0000E+00
     508.500  3926.500     0.0000E+00
     509.500  3926.500     0.0000E+00
     510.500  3926.500     0.0000E+00
     511.500  3926.500     0.0000E+00
     512.500  3926.500     0.0000E+00
     513.500  3926.500     0.0000E+00
     514.500  3926.500     0.0000E+00
     515.500  3926.500     0.0000E+00
     516.500  3926.500     0.0000E+00
     517.500  3926.500     0.0000E+00
     518.500  3926.500     0.0000E+00
     519.500  3926.500     0.0000E+00
     520.500  3926.500     0.0000E+00
     521.500  3926.500     0.0000E+00
     522.500  3926.500     0.0000E+00
     523.500  3926.500     0.0000E+00
     524.500  3926.500     1.0285E-02
     525.500  3926.500     4.1341E-02
     526.500  3926.500     1.3399E-01
     527.500  3926.500     2.9683E-01
     528.500  3926.500     2.6588E-02
     529.500  3926.500     1.6877E-01
     530.500  3926.500     7.6636E-01
     531.500  3926.500     1.0927E-02
     532.500  3926.500     0.0000E+00
     533.500  3926.500     0.0000E+00
     534.500  3926.500     0.0000E+00
     535.500  3926.500     0.0000E+00
     536.500  3926.500     0.0000E+00
     537.500  3926.500     0.0000E+00
     538.500  3926.500     0.0000E+00
     539.500  3926.500     0.0000E+00
     540.500  3926.500     0.0000E+00
     541.500  3926.500     0.0000E+00
     542.500  3926.500     0.0000E+00
     543.500  3926.500     0.0000E+00
     544.500  3926.500     0.0000E+00
     495.500  3927.500     0.0000E+00
     496.500  3927.500     0.0000E+00
     497.500  3927.500     0.0000E+00
     498.500  3927.500     0.0000E+00
     499.500  3927.500     0.0000E+00
     500.500  3927.500     0.0000E+00
     501.500  3927.500     0.0000E+00
     502.500  3927.500     0.0000E+00
     503.500  3927.500     0.0000E+00
     504.500  3927.500     0.0000E+00
     505.500  3927.500     0.0000E+00
     506.500  3927.500     0.0000E+00
     507.500  3927.500     0.0000E+00
     508.500  3927.500     0.0000E+00
     509.500  3927.500     0.0000E+00
     510.500  3927.500     0.0000E+00
     511.500  3927.500     0.0000E+00
     512.500  3927.500     0.0000E+00
     513.500  3927.500     0.0000E+00
     514.500  3927.500     0.0000E+00
     515.500  3927.500     0.0000E+00
     516.500  3927.500     0.0000E+00
     517.500  3927.500     0.0000E+00
     518.500  3927.500     0.0000E+00
     519.500  3927.500     0.0000E+00
     520.500  3927.500     0.0000E+00
     521.500  3927.500     0.0000E+00
     522.500  3927.500     0.0000E+00
     523.500  3927.500     0.0000E+00
     524.500  3927.500     0.0000E+00
     525.500  3927.500     8.0267E-05
     526.500  3927.500     3.5694E-02
     527.500  3927.500     4.8619E-02
     528.500  3927.500     2.4640E-01
     529.500  3927.500     6.1958E-03
     530.500  3927.500     1.9866E-01
     531.500  3927.500     4.2904E-02
     532.500  3927.500     1.2661E-03
     533.500  3927.500     8.0284E-06
     534.500  3927.500     0.0000E+00
     535.500  3927.500     0.0000E+00
     536.500  3927.500     0.0000E+00
     537.500  3927.500     0.0000E+00
     538.500  3927.500     0.0000E+00
     539.500  3927.500     0.0000E+00
     540.500  3927.500     0.0000E+00
     541.500  3927.500     0.0000E+00
     542.500  3927.500     0.0000E+00
     543.500  3927.500     0.0000E+00
     544.500  3927.500     0.0000E+00
     495.500  3928.500     0.0000E+00
     496.500  3928.500     0.0000E+00
     497.500  3928.500     0.0000E+00
     498.500  3928.500     0.0000E+00
     499.500  3928.500     0.0000E+00
     500.500  3928.500     0.0000E+00
     501.500  3928.500     0.0000E+00
     502.500  3928.500     0.0000E+00
     503.500  3928.500     0.0000E+00
     504.500  3928.500     0.0000E+00
     505.500  3928.500     0.0000E+00
     506.500  3928.500     0.0000E+00
     507.500  3928.500     0.0000E+00
     508.500  3928.500     0.0000E+00
     509.500  3928.500     0.0000E+00
     510.500  3928.500     0.0000E+00
     511.500  3928.500     0.0000E+00
     512.500  3928.500     0.0000E+00
     513.500  3928.500     0.0000E+00
     514.500  3928.500     0.0000E+00
     515.500  3928.500     0.0000E+00
     516.500  3928.500     0.0000E+00
     517.500  3928.500     0.0000E+00
     518.500  3928.500     0.0000E+00
     519.500  3928.500     0.0000E+00
     520.500  3928.500     0.0000E+00
     521.500  3928.500     0.0000E+00
     522.500  3928.500     0.0000E+00
     523.500  3928.500     0.0000E+00
     524.500  3928.500     0.0000E+00
     525.500  3928.500     0.0000E+00
     526.500  3928.500     0.0000E+00
     527.500  3928.500     5.1151E-02
     528.500  3928.500     1.3525E-02
     529.500  3928.500     2.5814E-01
     530.500  3928.500     9.5177E-04
     531.500  3928.500     7.0402E-01
     532.500  3928.500     1.7536E-03
     533.500  3928.500     0.0000E+00
     534.500  3928.500     3.5451E-06
     535.500  3928.500     0.0000E+00
     536.500  3928.500     0.0000E+00
     537.500  3928.500     0.0000E+00
     538.500  3928.500     0.0000E+00
     539.500  3928.500     0.0000E+00
     540.500  3928.500     0.0000E+00
     541.500  3928.500     0.0000E+00
     542.500  3928.500     0.0000E+00
     543.500  3928.500     0.0000E+00
     544.500  3928.500     0.0000E+00
     495.500  3929.500     0.0000E+00
     496.500  3929.500     0.0000E+00
     497.500  3929.500     0.0000E+00
     498.500  3929.500     0.0000E+00
     499.500  3929.500     0.0000E+00
     500.500  3929.500     0.0000E+00
     501.500  3929.500     0.0000E+00
     502.500  3929.500     0.0000E+00
     503.500  3929.500     0.0000E+00
     504.500  3929.500     0.0000E+00
     505.500  3929.500     0.0000E+00
     506.500  3929.500     0.0000E+00
     507.500  3929.500     0.0000E+00
     508.500  3929.500     0.0000E+00
     509.500  3929.500     0.0000E+00
     510.500  3929.500     0.0000E+00
     511.500  3929.500     0.0000E+00
     512.500  3929.500     0.0000E+00
     513.500  3929.500     0.0000E+00
     514.500  3929.500     0.0000E+00
     515.500  3929.500     0.0000E+00
     516.500  3929.500     0.0000E+00
     517.500  3929.500     0.0000E+00
     518.500  3929.500     0.0000E+00
     519.500  3929.500     0.0000E+00
     520.500  3929.500     0.0000E+00
     521.500  3929.500     0.0000E+00
     522.500  3929.500     0.0000E+00
     523.500  3929.500     0.0000E+00
     524.500  3929.500     0.0000E+00
     525.500  3929.500     0.0000E+00
     526.500  3929.500     0.0000E+00
     527.500  3929.500     0.0000E+00
     528.500  3929.500     1.0303E-01
     529.500  3929.500     4.2932E-03
     530.500  3929.500     2.6376E-01
     531.500  3929.500     2.0980E-03
     532.500  3929.500     2.5639E-01
     533.500  3929.500     0.0000E+00
     534.500  3929.500     0.0000E+00
     535.500  3929.500     0.0000E+00
     536.500  3929.500     0.0000E+00
     537.500  3929.500     0.0000E+00
     538.500  3929.500     0.0000E+00
     539.500  3929.500     0.0000E+00
     540.500  3929.500     0.0000E+00
     541.500  3929.500     0.0000E+00
     542.500  3929.500     0.0000E+00
     543.500  3929.500     0.0000E+00
     544.500  3929.500     0.0000E+00
     495.500  3930.500     0.0000E+00
     496.500  3930.500     0.0000E+00
     497.500  3930.500     0.0000E+00
     498.500  3930.500     0.0000E+00
     499.500  3930.500     0.0000E+00
     500.500  3930.500     0.0000E+00
     501.500  3930.500     0.0000E+00
     502.500  3930.500     0.0000E+00
     503.500  3930.500     0.0000E+00
     504.500  3930.500     0.0000E+00
     505.500  3930.500     0.0000E+00
     506.500  3930.500     0.0000E+00
     507.500  3930.500     0.0000E+00
     508.500  3930.500     0.0000E+00
     509.500  3930.500     0.0000E+00
     510.500  3930.500     0.0000E+00
     511.500  3930.500     0.0000E+00
     512.500  3930.500     0.0000E+00
     513.500  3930.500     0.0000E+00
     514.500  3930.500     0.0000E+00
     515.500  3930.500     0.0000E+00
     516.500  3930.500     0.0000E+00
     517.500  3930.500     0.0000E+00
     518.500  3930.500     0.0000E+00
     519.500  3930.500     0.0000E+00
     520.500  3930.500     0.0000E+00
     521.500  3930.500     0.0000E+00
     522.500  3930.500     0.0000E+00
     523.500  3930.500     0.0000E+00
     524.500  3930.500     0.0000E+00
     525.500  3930.500     0.0000E+00
     526.500  3930.500     0.0000E+00
     527.500  3930.500     0.0000E+00
     528.500  3930.500     0.0000E+00
     529.500  3930.500     1.2590E-01
     530.500  3930.500     0.0000E+00
     531.500  3930.500     4.7532E-01
     532.500  3930.500     4.6863E-03
     533.500  3930.500     0.0000E+00
     534.500  3930.500     0.0000E+00
     535.500  3930.500     0.0000E+00
     536.500  3930.500     0.0000E+00
     537.500  3930.500     0.0000E+00
     538.500  3930.500     0.0000E+00
     539.500  3930.500     0.0000E+00
     540.500  3930.500     0.0000E+00
     541.500  3930.500     0.0000E+00
     542.500  3930.500     0.0000E+00
     543.500  3930.500     0.0000E+00
     544.500  3930.500     0.0000E+00
     495.500  3931.500     0.0000E+00
     496.500  3931.500     0.0000E+00
     497.500  3931.500     0.0000E+00
     498.500  3931.500     0.0000E+00
     499.500  3931.500     0.0000E+00
     500.500  3931.500     0.0000E+00
     501.500  3931.500     0.0000E+00
     502.500  3931.500     0.0000E+00
     503.500  3931.500     0.0000E+00
     504.500  3931.500     0.0000E+00
     505.500  3931.500     0.0000E+00
     506.500  3931.500     0.0000E+00
     507.500  3931.500     0.0000E+00
     508.500  3931.500     0.0000E+00
     509.500  3931.500     0.0000E+00
     510.500  3931.500     0.0000E+00
     511.500  3931.500     0.0000E+00
     512.500  3931.500     0.0000E+00
     513.500  3931.500     0.0000E+00
     514.500  3931.500     0.0000E+00
     515.500  3931.500     0.0000E+00
     516.500  3931.500     0.0000E+00
     517.500  3931.500     0.0000E+00
     518.500  3931.500     0.0000E+00
     519.500  3931.500     0.0000E+00
     520.500  3931.500     0.0000E+00
     521.500  3931.500     0.0000E+00
     522.500  3931.500     0.0000E+00
     523.500  3931.500     0.0000E+00
     524.500  3931.500     0.0000E+00
     525.500  3931.500     0.0000E+00
     526.500  3931.500     0.0000E+00
     527.500  3931.500     0.0000E+00
     528.500  3931.500     0.0000E+00
     529.500  3931.500     0.0000E+00
     530.500  3931.500     1.9003E-02
     531.500  3931.500     0.0000E+00
     532.500  3931.500     1.2975E-02
     533.500  3931.500     1.6241E-03
     534.500  3931.500     0.0000E+00
     535.500  3931.500     0.0000E+00
     536.500  3931.500     0.0000E+00
     537.500  3931.500     0.0000E+00
     538.500  3931.500     0.0000E+00
     539.500  3931.500     0.0000E+00
     540.500  3931.500     0.0000E+00
     541.500  3931.500     0.0000E+00
     542.500  3931.500     0.0000E+00
     543.500  3931.500     0.0000E+00
     544.500  3931.500     0.0000E+00
     495.500  3932.500     0.0000E+00
     496.500  3932.500     0.0000E+00
     497.500  3932.500     0.0000E+00
     498.500  3932.500     0.0000E+00
     499.500  3932.500     0.0000E+00
     500.500  3932.500     0.0000E+00
     501.500  3932.500     0.0000E+00
     502.500  3932.500     0.0000E+00
     503.500  3932.500     0.0000E+00
     504.500  3932.500     0.0000E+00
     505.500  3932.500     0.0000E+00
     506.500  3932.500     0.0000E+00
     507.500  3932.500     0.0000E+00
     508.500  3932.500     0.0000E+00
     509.500  3932.500     0.0000E+00
     510.500  3932.500     0.0000E+00
     511.500  3932.500     0.0000E+00
     512.500  3932.500     0.0000E+00
     513.500  3932.500     0.0000E+00
     514.500  3932.500     0.0000E+00
     515.500  3932.500     0.0000E+00
     516.500  3932.500     0.0000E+00
     517.500  3932.500     0.0000E+00
     518.500  3932.500     0.0000E+00
     519.500  3932.500     0.0000E+00
     520.500  3932.500     0.0000E+00
     521.500  3932.500     0.0000E+00
     522.500  3932.500     0.0000E+00
     523.500  3932.500     0.0000E+00
     524.500  3932.500     0.0000E+00
     525.500  3932.500     0.0000E+00
     526.500  3932.500     0.0000E+00
     527.500  3932.500     0.0000E+00
     528.500  3932.500     0.0000E+00
     529.500  3932.500     0.0000E+00
     530.500  3932.500     0.0000E+00
     531.500  3932.500     0.0000E+00
     532.500  3932.500     0.0000E+00
     533.500  3932.500     0.0000E+00
     534.500  3932.500     1.4713E-06
     535.500  3932.500     0.0000E+00
     536.500  3932.500     0.0000E+00
     537.500  3932.500     0.0000E+00
     538.500  3932.500     0.0000E+00
     539.500  3932.500     0.0000E+00
     540.500  3932.500     0.0000E+00
     541.500  3932.500     0.0000E+00
     542.500  3932.500     0.0000E+00
     543.500  3932.500     0.0000E+00
     544.500  3932.500     0.0000E+00
     495.500  3933.500     0.0000E+00
     496.500  3933.500     0.0000E+00
     497.500  3933.500     0.0000E+00
     498.500  3933.500     0.0000E+00
     499.500  3933.500     0.0000E+00
     500.500  3933.500     0.0000E+00
     501.500  3933.500     0.0000E+00
     502.500  3933.500     0.0000E+00
     503.500  3933.500     0.0000E+00
     504.500  3933.500     0.0000E+00
     505.500  3933.500     0.0000E+00
     506.500  3933.500     0.0000E+00
     507.500  3933.500     0.0000E+00
     508.500  3933.500     0.0000E+00
     509.500  3933.500     0.0000E+00
     510.500  3933.500     0.0000E+00
     511.500  3933.500     0.0000E+00
     512.500  3933.500     0.0000E+00
     513.500  3933.500     0.0000E+00
     514.500  3933.500     0.0000E+00
     515.500  3933.500     0.0000E+00
     516.500  3933.500     0.0000E+00
     517.500  3933.500     0.0000E+00
     518.500  3933.500     0.0000E+00
     519.500  3933.500     0.0000E+00
     520.500  3933.500     0.0000E+00
     521.500  3933.500     0.0000E+00
     522.500  3933.500     0.0000E+00
     523.500  3933.500     0.0000E+00
     524.500  3933.500     0.0000E+00
     525.500  3933.500     0.0000E+00
     526.500  3933.500     0.0000E+00
     527.500  3933.500     0.0000E+00
     528.500  3933.500     0.0000E+00
     529.500  3933.500     0.0000E+00
     530.500  3933.500     0.0000E+00
     531.500  3933.500     0.0000E+00
     532.500  3933.500     0.0000E+00
     533.500  3933.500     0.0000E+00
     534.500  3933.500     0.0000E+00
     535.500  3933.500     0.0000E+00
     536.500  3933.500     0.0000E+00
     537.500  3933.500     0.0000E+00
     538.500  3933.500     0.0000E+00
     539.500  3933.500     0.0000E+00
     540.500  3933.500     0.0000E+00
     541.500  3933.500     0.0000E+00
     542.500  3933.500     0.0000E+00
     543.500  3933.500     0.0000E+00
     544.500  3933.500     0.0000E+00
     495.500  3934.500     0.0000E+00
     496.500  3934.500     0.0000E+00
     497.500  3934.500     0.0000E+00
     498.500  3934.500     0.0000E+00
     499.500  3934.500     0.0000E+00
     500.500  3934.500     0.0000E+00
     501.500  3934.500     0.0000E+00
     502.500  3934.500     0.0000E+00
     503.500  3934.500     0.0000E+00
     504.500  3934.500     0.0000E+00
     505.500  3934.500     0.0000E+00
     506.500  3934.500     0.0000E+00
     507.500  3934.500     0.0000E+00
     508.500  3934.500     0.0000E+00
     509.500  3934.500     0.0000E+00
     510.500  3934.500     0.0000E+00
     511.500  3934.500     0.0000E+00
     512.500  3934.500     0.0000E+00
     513.500  3934.500     0.0000E+00
     514.500  3934.500     0.0000E+00
     515.500  3934.500     0.0000E+00
     516.500  3934.500     0.0000E+00
     517.500  3934.500     0.0000E+00
     518.500  3934.500     0.0000E+00
     519.500  3934.500     0.0000E+00
     520.500  3934.500     0.0000E+00
     521.500  3934.500     0.0000E+00
     522.500  3934.500     0.0000E+00
     523.500  3934.500     0.0000E+00
     524.500  3934.500     0.0000E+00
     525.500  3934.500     0.0000E+00
     526.500  3934.500     0.0000E+00
     527.500  3934.500     0.0000E+00
     528.500  3934.500     0.0000E+00
     529.500  3934.500     0.0000E+00
     530.500  3934.500     0.0000E+00
     531.500  3934.500     0.0000E+00
     532.500  3934.500     0.0000E+00
     533.500  3934.500     0.0000E+00
     534.500  3934.500     0.0000E+00
     535.500  3934.500     0.0000E+00
     536.500  3934.500     0.0000E+00
     537.500  3934.500     0.0000E+00
     538.500  3934.500     0.0000E+00
     539.500  3934.500     0.0000E+00
     540.500  3934.500     0.0000E+00
     541.500  3934.500     0.0000E+00
     542.500  3934.500     0.0000E+00
     543.500  3934.500     0.0000E+00
     544.500  3934.500     0.0000E+00
     495.500  3935.500     0.0000E+00
     496.500  3935.500     0.0000E+00
     497.500  3935.500     0.0000E+00
     498.500  3935.500     0.0000E+00
     499.500  3935.500     0.0000E+00
     500.500  3935.500     0.0000E+00
     501.500  3935.500     0.0000E+00
     502.500  3935.500     0.0000E+00
     503.500  3935.500     0.0000E+00
     504.500  3935.500     0.0000E+00
     505.500  3935.500     0.0000E+00
     506.500  3935.500     0.0000E+00
     507.500  3935.500     0.0000E+00
     508.500  3935.500     0.0000E+00
     509.500  3935.500     0.0000E+00
     510.500  3935.500     0.0000E+00
     511.500  3935.500     0.0000E+00
     512.500  3935.500     0.0000E+00
     513.500  3935.500     0.0000E+00
     514.500  3935.500     0.0000E+00
     515.500  3935.500     0.0000E+00
     516.500  3935.500     0.0000E+00
     517.500  3935.500     0.0000E+00
     518.500  3935.500     0.0000E+00
     519.500  3935.500     0.0000E+00
     520.500  3935.500     0.0000E+00
     521.500  3935.500     0.0000E+00
     522.500  3935.500     0.0000E+00
     523.500  3935.500     0.0000E+00
     524.500  3935.500     0.0000E+00
     525.500  3935.500     0.0000E+00
     526.500  3935.500     0.0000E+00
     527.500  3935.500     0.0000E+00
     528.500  3935.500     0.0000E+00
     529.500  3935.500     0.0000E+00
     530.500  3935.500     0.0000E+00
     531.500  3935.500     0.0000E+00
     532.500  3935.500     0.0000E+00
     533.500  3935.500     0.0000E+00
     534.500  3935.500     0.0000E+00
     535.500  3935.500     0.0000E+00
     536.500  3935.500     0.0000E+00
     537.500  3935.500     0.0000E+00
     538.500  3935.500     0.0000E+00
     539.500  3935.500     0.0000E+00
     540.500  3935.500     0.0000E+00
     541.500  3935.500     0.0000E+00
     542.500  3935.500     0.0000E+00
     543.500  3935.500     0.0000E+00
     544.500  3935.500     0.0000E+00
     495.500  3936.500     0.0000E+00
     496.500  3936.500     0.0000E+00
     497.500  3936.500     0.0000E+00
     498.500  3936.500     0.0000E+00
     499.500  3936.500     0.0000E+00
     500.500  3936.500     0.0000E+00
     501.500  3936.500     0.0000E+00
     502.500  3936.500     0.0000E+00
     503.500  3936.500     0.0000E+00
     504.500  3936.500     0.0000E+00
     505.500  3936.500     0.0000E+00
     506.500  3936.500     0.0000E+00
     507.500  3936.500     0.0000E+00
     508.500  3936.500     0.0000E+00
     509.500  3936.500     0.0000E+00
     510.500  3936.500     0.0000E+00
     511.500  3936.500     0.0000E+00
     512.500  3936.500     0.0000E+00
     513.500  3936.500     0.0000E+00
     514.500  3936.500     0.0000E+00
     515.500  3936.500     0.0000E+00
     516.500  3936.500     0.0000E+00
     517.500  3936.500     0.0000E+00
     518.500  3936.500     0.0000E+00
     519.500  3936.500     0.0000E+00
     520.500  3936.500     0.0000E+00
     521.500  3936.500     0.0000E+00
     522.500  3936.500     0.0000E+00
     523.500  3936.500     0.0000E+00
     524.500  3936.500     0.0000E+00
     525.500  3936.500     0.0000E+00
     526.500  3936.500     0.0000E+00
     527.500  3936.500     0.0000E+00
     528.500  3936.500     0.0000E+00
     529.500  3936.500     0.0000E+00
     530.500  3936.500     0.0000E+00
     531.500  3936.500     0.0000E+00
     532.500  3936.500     0.0000E+00
     533.500  3936.500     0.0000E+00
     534.500  3936.500     0.0000E+00
     535.500  3936.500     0.0000E+00
     536.500  3936.500     0.0000E+00
     537.500  3936.500     0.0000E+00
     538.500  3936.500     0.0000E+00
     539.500  3936.500     0.0000E+00
     540.500  3936.500     0.0000E+00
     541.500  3936.500     0.0000E+00
     542.500  3936.500     0.0000E+00
     543.500  3936.500     0.0000E+00
     544.500  3936.500     0.0000E+00
     495.500  3937.500     0.0000E+00
     496.500  3937.500     0.0000E+00
     497.500  3937.500     0.0000E+00
     498.500  3937.500     0.0000E+00
     499.500  3937.500     0.0000E+00
     500.500  3937.500     0.0000E+00
     501.500  3937.500     0.0000E+00
     502.500  3937.500     0.0000E+00
     503.500  3937.500     0.0000E+00
     504.500  3937.500     0.0000E+00
     505.500  3937.500     0.0000E+00
     506.500  3937.500     0.0000E+00
     507.500  3937.500     0.0000E+00
     508.500  3937.500     0.0000E+00
     509.500  3937.500     0.0000E+00
     510.500  3937.500     0.0000E+00
     511.500  3937.500     0.0000E+00
     512.500  3937.500     0.0000E+00
     513.500  3937.500     0.0000E+00
     514.500  3937.500     0.0000E+00
     515.500  3937.500     0.0000E+00
     516.500  3937.500     0.0000E+00
     517.500  3937.500     0.0000E+00
     518.500  3937.500     0.0000E+00
     519.500  3937.500     0.0000E+00
     520.500  3937.500     0.0000E+00
     521.500  3937.500     0.0000E+00
     522.500  3937.500     0.0000E+00
     523.500  3937.500     0.0000E+00
     524.500  3937.500     0.0000E+00
     525.500  3937.500     0.0000E+00
     526.500  3937.500     0.0000E+00
     527.500  3937.500     0.0000E+00
     528.500  3937.500     0.0000E+00
     529.500  3937.500     0.0000E+00
     530.500  3937.500     0.0000E+00
     531.500  3937.500     0.0000E+00
     532.500  3937.500     0.0000E+00
     533.500  3937.500     0.0000E+00
     534.500  3937.500     0.0000E+00
     535.500  3937.500     0.0000E+00
     536.500  3937.500     0.0000E+00
     537.500  3937.500     0.0000E+00
     538.500  3937.500     0.0000E+00
     539.500  3937.500     0.0000E+00
     540.500  3937.500     0.0000E+00
     541.500  3937.500     0.0000E+00
     542.500  3937.500     0.0000E+00
     543.500  3937.500     0.0000E+00
     544.500  3937.500     0.0000E+00
     495.500  3938.500     0.0000E+00
     496.500  3938.500     0.0000E+00
     497.500  3938.500     0.0000E+00
     498.500  3938.500     0.0000E+00
     499.500  3938.500     0.0000E+00
     500.500  3938.500     0.0000E+00
     501.500  3938.500     0.0000E+00
     502.500  3938.500     0.0000E+00
     503.500  3938.500     0.0000E+00
     504.500  3938.500     0.0000E+00
     505.500  3938.500     0.0000E+00
     506.500  3938.500     0.0000E+00
     507.500  3938.500     0.0000E+00
     508.500  3938.500     0.0000E+00
     509.500  3938.500     0.0000E+00
     510.500  3938.500     0.0000E+00
     511.500  3938.500     0.0000E+00
     512.500  3938.500     0.0000E+00
     513.500  3938.500     0.0000E+00
     514.500  3938.500     0.0000E+00
     515.500  3938.500     0.0000E+00
     516.500  3938.500     0.0000E+00
     517.500  3938.500     0.0000E+00
     518.500  3938.500     0.0000E+00
     519.500  3938.500     0.0000E+00
     520.500  3938.500     0.0000E+00
     521.500  3938.500     0.0000E+00
     522.500  3938.500     0.0000E+00
     523.500  3938.500     0.0000E+00
     524.500  3938.500     0.0000E+00
     525.500  3938.500     0.0000E+00
     526.500  3938.500     0.0000E+00
     527.500  3938.500     0.0000E+00
     528.500  3938.500     0.0000E+00
     529.500  3938.500     0.0000E+00
     530.500  3938.500     0.0000E+00
     531.500  3938.500     0.0000E+00
     532.500  3938.500     0.0000E+00
     533.500  3938.500     0.0000E+00
     534.500  3938.500     0.0000E+00
     535.500  3938.500     0.0000E+00
     536.500  3938.500     0.0000E+00
     537.500  3938.500     0.0000E+00
     538.500  3938.500     0.0000E+00
     539.500  3938.500     0.0000E+00
     540.500  3938.500     0.0000E+00
     541.500  3938.500     0.0000E+00
     542.500  3938.500     0.0000E+00
     543.500  3938.500     0.0000E+00
     544.500  3938.500     0.0000E+00
     495.500  3939.500     0.0000E+00
     496.500  3939.500     0.0000E+00
     497.500  3939.500     0.0000E+00
     498.500  3939.500     0.0000E+00
     499.500  3939.500     0.0000E+00
     500.500  3939.500     0.0000E+00
     501.500  3939.500     0.0000E+00
     502.500  3939.500     0.0000E+00
     503.500  3939.500     0.0000E+00
     504.500  3939.500     0.0000E+00
     505.500  3939.500     0.0000E+00
     506.500  3939.500     0.0000E+00
     507.500  3939.500     0.0000E+00
     508.500  3939.500     0.0000E+00
     509.500  3939.500     0.0000E+00
     510.500  3939.500     0.0000E+00
     511.500  3939.500     0.0000E+00
     512.500  3939.500     0.0000E+00
     513.500  3939.500     0.0000E+00
     514.500  3939.500     0.0000E+00
     515.500  3939.500     0.0000E+00
     516.500  3939.500     0.0000E+00
     517.500  3939.500     0.0000E+00
     518.500  3939.500     0.0000E+00
     519.500  3939.500     0.0000E+00
     520.500  3939.500     0.0000E+00
     521.500  3939.500     0.0000E+00
     522.500  3939.500     0.0000E+00
     523.500  3939.500     0.0000E+00
     524.500  3939.500     0.0000E+00
     525.500  3939.500     0.0000E+00
     526.500  3939.500     0.0000E+00
     527.500  3939.500     0.0000E+00
     528.500  3939.500     0.0000E+00
     529.500  3939.500     0.0000E+00
     530.500  3939.500     0.0000E+00
     531.500  3939.500     0.0000E+00
     532.500  3939.500     0.0000E+00
     533.500  3939.500     0.0000E+00
     534.500  3939.500     0.0000E+00
     535.500  3939.500     0.0000E+00
     536.500  3939.500     0.0000E+00
     537.500  3939.500     0.0000E+00
     538.500  3939.500     0.0000E+00
     539.500  3939.500     0.0000E+00
     540.500  3939.500     0.0000E+00
     541.500  3939.500     0.0000E+00
     542.500  3939.500     0.0000E+00
     543.500  3939.500     0.0000E+00
     544.500  3939.500     0.0000E+00
     495.500  3940.500     0.0000E+00
     496.500  3940.500     0.0000E+00
     497.500  3940.500     0.0000E+00
     498.500  3940.500     0.0000E+00
     499.500  3940.500     0.0000E+00
     500.500  3940.500     0.0000E+00
     501.500  3940.500     0.0000E+00
     502.500  3940.500     0.0000E+00
     503.500  3940.500     0.0000E+00
     504.500  3940.500     0.0000E+00
     505.500  3940.500     0.0000E+00
     506.500  3940.500     0.0000E+00
     507.500  3940.500     0.0000E+00
     508.500  3940.500     0.0000E+00
     509.500  3940.500     0.0000E+00
     510.500  3940.500     0.0000E+00
     511.500  3940.500     0.0000E+00
     512.500  3940.500     0.0000E+00
     513.500  3940.500     0.0000E+00
     514.500  3940.500     0.0000E+00
     515.500  3940.500     0.0000E+00
     516.500  3940.500     0.0000E+00
     517.500  3940.500     0.0000E+00
     518.500  3940.500     0.0000E+00
     519.500  3940.500     0.0000E+00
     520.500  3940.500     0.0000E+00
     521.500  3940.500     0.0000E+00
     522.500  3940.500     0.0000E+00
     523.500  3940.500     0.0000E+00
     524.500  3940.500     0.0000E+00
     525.500  3940.500     0.0000E+00
     526.500  3940.500     0.0000E+00
     527.500  3940.500     0.0000E+00
     528.500  3940.500     0.0000E+00
     529.500  3940.500     0.0000E+00
     530.500  3940.500     0.0000E+00
     531.500  3940.500     0.0000E+00
     532.500  3940.500     0.0000E+00
     533.500  3940.500     0.0000E+00
     534.500  3940.500     0.0000E+00
     535.500  3940.500     0.0000E+00
     536.500  3940.500     0.0000E+00
     537.500  3940.500     0.0000E+00
     538.500  3940.500     0.0000E+00
     539.500  3940.500     0.0000E+00
     540.500  3940.500     0.0000E+00
     541.500  3940.500     0.0000E+00
     542.500  3940.500     0.0000E+00
     543.500  3940.500     0.0000E+00
     544.500  3940.500     0.0000E+00
     495.500  3941.500     0.0000E+00
     496.500  3941.500     0.0000E+00
     497.500  3941.500     0.0000E+00
     498.500  3941.500     0.0000E+00
     499.500  3941.500     0.0000E+00
     500.500  3941.500     0.0000E+00
     501.500  3941.500     0.0000E+00
     502.500  3941.500     0.0000E+00
     503.500  3941.500     0.0000E+00
     504.500  3941.500     0.0000E+00
     505.500  3941.500     0.0000E+00
     506.500  3941.500     0.0000E+00
     507.500  3941.500     0.0000E+00
     508.500  3941.500     0.0000E+00
     509.500  3941.500     0.0000E+00
     510.500  3941.500     0.0000E+00
     511.500  3941.500     0.0000E+00
     512.500  3941.500     0.0000E+00
     513.500  3941.500     0.0000E+00
     514.500  3941.500     0.0000E+00
     515.500  3941.500     0.0000E+00
     516.500  3941.500     0.0000E+00
     517.500  3941.500     0.0000E+00
     518.500  3941.500     0.0000E+00
     519.500  3941.500     0.0000E+00
     520.500  3941.500     0.0000E+00
     521.500  3941.500     0.0000E+00
     522.500  3941.500     0.0000E+00
     523.500  3941.500     0.0000E+00
     524.500  3941.500     0.0000E+00
     525.500  3941.500     0.0000E+00
     526.500  3941.500     0.0000E+00
     527.500  3941.500     0.0000E+00
     528.500  3941.500     0.0000E+00
     529.500  3941.500     0.0000E+00
     530.500  3941.500     0.0000E+00
     531.500  3941.500     0.0000E+00
     532.500  3941.500     0.0000E+00
     533.500  3941.500     0.0000E+00
     534.500  3941.500     0.0000E+00
     535.500  3941.500     0.0000E+00
     536.500  3941.500     0.0000E+00
     537.500  3941.500     0.0000E+00
     538.500  3941.500     0.0000E+00
     539.500  3941.500     0.0000E+00
     540.500  3941.500     0.0000E+00
     541.500  3941.500     0.0000E+00
     542.500  3941.500     0.0000E+00
     543.500  3941.500     0.0000E+00
     544.500  3941.500     0.0000E+00
     495.500  3942.500     0.0000E+00
     496.500  3942.500     0.0000E+00
     497.500  3942.500     0.0000E+00
     498.500  3942.500     0.0000E+00
     499.500  3942.500     0.0000E+00
     500.500  3942.500     0.0000E+00
     501.500  3942.500     0.0000E+00
     502.500  3942.500     0.0000E+00
     503.500  3942.500     0.0000E+00
     504.500  3942.500     0.0000E+00
     505.500  3942.500     0.0000E+00
     506.500  3942.500     0.0000E+00
     507.500  3942.500     0.0000E+00
     508.500  3942.500     0.0000E+00
     509.500  3942.500     0.0000E+00
     510.500  3942.500     0.0000E+00
     511.500  3942.500     0.0000E+00
     512.500  3942.500     0.0000E+00
     513.500  3942.500     0.0000E+00
     514.500  3942.500     0.0000E+00
     515.500  3942.500     0.0000E+00
     516.500  3942.500     0.0000E+00
     517.500  3942.500     0.0000E+00
     518.500  3942.500     0.0000E+00
     519.500  3942.500     0.0000E+00
     520.500  3942.500     0.0000E+00
     521.500  3942.500     0.0000E+00
     522.500  3942.500     0.0000E+00
     523.500  3942.500     0.0000E+00
     524.500  3942.500     0.0000E+00
     525.500  3942.500     0.0000E+00
     526.500  3942.500     0.0000E+00
     527.500  3942.500     0.0000E+00
     528.500  3942.500     0.0000E+00
     529.500  3942.500     0.0000E+00
     530.500  3942.500     0.0000E+00
     531.500  3942.500     0.0000E+00
     532.500  3942.500     0.0000E+00
     533.500  3942.500     0.0000E+00
     534.500  3942.500     0.0000E+00
     535.500  3942.500     0.0000E+00
     536.500  3942.500     0.0000E+00
     537.500  3942.500     0.0000E+00
     538.500  3942.500     0.0000E+00
     539.500  3942.500     0.0000E+00
     540.500  3942.500     0.0000E+00
     541.500  3942.500     0.0000E+00
     542.500  3942.500     0.0000E+00
     543.500  3942.500     0.0000E+00
     544.500  3942.500     0.0000E+00
     495.500  3943.500     0.0000E+00
     496.500  3943.500     0.0000E+00
     497.500  3943.500     0.0000E+00
     498.500  3943.500     0.0000E+00
     499.500  3943.500     0.0000E+00
     500.500  3943.500     0.0000E+00
     501.500  3943.500     0.0000E+00
     502.500  3943.500     0.0000E+00
     503.500  3943.500     0.0000E+00
     504.500  3943.500     0.0000E+00
     505.500  3943.500     0.0000E+00
     506.500  3943.500     0.0000E+00
     507.500  3943.500     0.0000E+00
     508.500  3943.500     0.0000E+00
     509.500  3943.500     0.0000E+00
     510.500  3943.500     0.0000E+00
     511.500  3943.500     0.0000E+00
     512.500  3943.500     0.0000E+00
     513.500  3943.500     0.0000E+00
     514.500  3943.500     0.0000E+00
     515.500  3943.500     0.0000E+00
     516.500  3943.500     0.0000E+00
     517.500  3943.500     0.0000E+00
     518.500  3943.500     0.0000E+00
     519.500  3943.500     0.0000E+00
     520.500  3943.500     0.0000E+00
     521.500  3943.500     0.0000E+00
     522.500  3943.500     0.0000E+00
     523.500  3943.500     0.0000E+00
     524.500  3943.500     0.0000E+00
     525.500  3943.500     0.0000E+00
     526.500  3943.500     0.0000E+00
     527.500  3943.500     0.0000E+00
     528.500  3943.500     0.0000E+00
     529.500  3943.500     0.0000E+00
     530.500  3943.500     0.0000E+00
     531.500  3943.500     0.0000E+00
     532.500  3943.500     0.0000E+00
     533.500  3943.500     0.0000E+00
     534.500  3943.500     0.0000E+00
     535.500  3943.500     0.0000E+00
     536.500  3943.500     0.0000E+00
     537.500  3943.500     0.0000E+00
     538.500  3943.500     0.0000E+00
     539.500  3943.500     0.0000E+00
     540.500  3943.500     0.0000E+00
     541.500  3943.500     0.0000E+00
     542.500  3943.500     0.0000E+00
     543.500  3943.500     0.0000E+00
     544.500  3943.500     0.0000E+00
     495.500  3944.500     0.0000E+00
     496.500  3944.500     0.0000E+00
     497.500  3944.500     0.0000E+00
     498.500  3944.500     0.0000E+00
     499.500  3944.500     0.0000E+00
     500.500  3944.500     0.0000E+00
     501.500  3944.500     0.0000E+00
     502.500  3944.500     0.0000E+00
     503.500  3944.500     0.0000E+00
     504.500  3944.500     0.0000E+00
     505.500  3944.500     0.0000E+00
     506.500  3944.500     0.0000E+00
     507.500  3944.500     0.0000E+00
     508.500  3944.500     0.0000E+00
     509.500  3944.500     0.0000E+00
     510.500  3944.500     0.0000E+00
     511.500  3944.500     0.0000E+00
     512.500  3944.500     0.0000E+00
     513.500  3944.500     0.0000E+00
     514.500  3944.500     0.0000E+00
     515.500  3944.500     0.0000E+00
     516.500  3944.500     0.0000E+00
     517.500  3944.500     0.0000E+00
     518.500  3944.500     0.0000E+00
     519.500  3944.500     0.0000E+00
     520.500  3944.500     0.0000E+00
     521.500  3944.500     0.0000E+00
     522.500  3944.500     0.0000E+00
     523.500  3944.500     0.0000E+00
     524.500  3944.500     0.0000E+00
     525.500  3944.500     0.0000E+00
     526.500  3944.500     0.0000E+00
     527.500  3944.500     0.0000E+00
     528.500  3944.500     0.0000E+00
     529.500  3944.500     0.0000E+00
     530.500  3944.500     0.0000E+00
     531.500  3944.500     0.0000E+00
     532.500  3944.500     0.0000E+00
     533.500  3944.500     0.0000E+00
     534.500  3944.500     0.0000E+00
     535.500  3944.500     0.0000E+00
     536.500  3944.500     0.0000E+00
     537.500  3944.500     0.0000E+00
     538.500  3944.500     0.0000E+00
     539.500  3944.500     0.0000E+00
     540.500  3944.500     0.0000E+00
     541.500  3944.500     0.0000E+00
     542.500  3944.500     0.0000E+00
     543.500  3944.500     0.0000E+00
     544.500  3944.500     0.0000E+00
     495.500  3945.500     0.0000E+00
     496.500  3945.500     0.0000E+00
     497.500  3945.500     0.0000E+00
     498.500  3945.500     0.0000E+00
     499.500  3945.500     0.0000E+00
     500.500  3945.500     0.0000E+00
     501.500  3945.500     0.0000E+00
     502.500  3945.500     0.0000E+00
     503.500  3945.500     0.0000E+00
     504.500  3945.500     0.0000E+00
     505.500  3945.500     0.0000E+00
     506.500  3945.500     0.0000E+00
     507.500  3945.500     0.0000E+00
     508.500  3945.500     0.0000E+00
     509.500  3945.500     0.0000E+00
     510.500  3945.500     0.0000E+00
     511.500  3945.500     0.0000E+00
     512.500  3945.500     0.0000E+00
     513.500  3945.500     0.0000E+00
     514.500  3945.500     0.0000E+00
     515.500  3945.500     0.0000E+00
     516.500  3945.500     0.0000E+00
     517.500  3945.500     0.0000E+00
     518.500  3945.500     0.0000E+00
     519.500  3945.500     0.0000E+00
     520.500  3945.500     0.0000E+00
     521.500  3945.500     0.0000E+00
     522.500  3945.500     0.0000E+00
     523.500  3945.500     0.0000E+00
     524.500  3945.500     0.0000E+00
     525.500  3945.500     0.0000E+00
     526.500  3945.500     0.0000E+00
     527.500  3945.500     0.0000E+00
     528.500  3945.500     0.0000E+00
     529.500  3945.500     0.0000E+00
     530.500  3945.500     0.0000E+00
     531.500  3945.500     0.0000E+00
     532.500  3945.500     0.0000E+00
     533.500  3945.500     0.0000E+00
     534.500  3945.500     0.0000E+00
     535.500  3945.500     0.0000E+00
     536.500  3945.500     0.0000E+00
     537.500  3945.500     0.0000E+00
     538.500  3945.500     0.0000E+00
     539.500  3945.500     0.0000E+00
     540.500  3945.500     0.0000E+00
     541.500  3945.500     0.0000E+00
     542.500  3945.500     0.0000E+00
     543.500  3945.500     0.0000E+00
     544.500  3945.500     0.0000E+00
     495.500  3946.500     0.0000E+00
     496.500  3946.500     0.0000E+00
     497.500  3946.500     0.0000E+00
     498.500  3946.500     0.0000E+00
     499.500  3946.500     0.0000E+00
     500.500  3946.500     0.0000E+00
     501.500  3946.500     0.0000E+00
     502.500  3946.500     0.0000E+00
     503.500  3946.500     0.0000E+00
     504.500  3946.500     0.0000E+00
     505.500  3946.500     0.0000E+00
     506.500  3946.500     0.0000E+00
     507.500  3946.500     0.0000E+00
     508.500  3946.500     0.0000E+00
     509.500  3946.500     0.0000E+00
     510.500  3946.500     0.0000E+00
     511.500  3946.500     0.0000E+00
     512.500  3946.500     0.0000E+00
     513.500  3946.500     0.0000E+00
     514.500  3946.500     0.0000E+00
     515.500  3946.500     0.0000E+00
     516.500  3946.500     0.0000E+00
     517.500  3946.500     0.0000E+00
     518.500  3946.500     0.0000E+00
     519.500  3946.500     0.0000E+00
     520.500  3946.500     0.0000E+00
     521.500  3946.500     0.0000E+00
     522.500  3946.500     0.0000E+00
     523.500  3946.500     0.0000E+00
     524.500  3946.500     0.0000E+00
     525.500  3946.500     0.0000E+00
     526.500  3946.500     0.0000E+00
     527.500  3946.500     0.0000E+00
     528.500  3946.500     0.0000E+00
     529.500  3946.500     0.0000E+00
     530.500  3946.500     0.0000E+00
     531.500  3946.500     0.0000E+00
     532.500  3946.500     0.0000E+00
     533.500  3946.500     0.0000E+00
     534.500  3946.500     0.0000E+00
     535.500  3946.500     0.0000E+00
     536.500  3946.500     0.0000E+00
     537.500  3946.500     0.0000E+00
     538.500  3946.500     0.0000E+00
     539.500  3946.500     0.0000E+00
     540.500  3946.500     0.0000E+00
     541.500  3946.500     0.0000E+00
     542.500  3946.500     0.0000E+00
     543.500  3946.500     0.0000E+00
     544.500  3946.500     0.0000E+00
     495.500  3947.500     0.0000E+00
     496.500  3947.500     0.0000E+00
     497.500  3947.500     0.0000E+00
     498.500  3947.500     0.0000E+00
     499.500  3947.500     0.0000E+00
     500.500  3947.500     0.0000E+00
     501.500  3947.500     0.0000E+00
     502.500  3947.500     0.0000E+00
     503.500  3947.500     0.0000E+00
     504.500  3947.500     0.0000E+00
     505.500  3947.500     0.0000E+00
     506.500  3947.500     0.0000E+00
     507.500  3947.500     0.0000E+00
     508.500  3947.500     0.0000E+00
     509.500  3947.500     0.0000E+00
     510.500  3947.500     0.0000E+00
     511.500  3947.500     0.0000E+00
     512.500  3947.500     0.0000E+00
     513.500  3947.500     0.0000E+00
     514.500  3947.500     0.0000E+00
     515.500  3947.500     0.0000E+00
     516.500  3947.500     0.0000E+00
     517.500  3947.500     0.0000E+00
     518.500  3947.500     0.0000E+00
     519.500  3947.500     0.0000E+00
     520.500  3947.500     0.0000E+00
     521.500  3947.500     0.0000E+00
     522.500  3947.500     0.0000E+00
     523.500  3947.500     0.0000E+00
     524.500  3947.500     0.0000E+00
     525.500  3947.500     0.0000E+00
     526.500  3947.500     0.0000E+00
     527.500  3947.500     0.0000E+00
     528.500  3947.500     0.0000E+00
     529.500  3947.500     0.0000E+00
     530.500  3947.500     0.0000E+00
     531.500  3947.500     0.0000E+00
     532.500  3947.500     0.0000E+00
     533.500  3947.500     0.0000E+00
     534.500  3947.500     0.0000E+00
     535.500  3947.500     0.0000E+00
     536.500  3947.500     0.0000E+00
     537.500  3947.500     0.0000E+00
     538.500  3947.500     0.0000E+00
     539.500  3947.500     0.0000E+00
     540.500  3947.500     0.0000E+00
     541.500  3947.500     0.0000E+00
     542.500  3947.500     0.0000E+00
     543.500  3947.500     0.0000E+00
     544.500  3947.500     0.0000E+00
     495.500  3948.500     0.0000E+00
     496.500  3948.500     0.0000E+00
     497.500  3948.500     0.0000E+00
     498.500  3948.500     0.0000E+00
     499.500  3948.500     0.0000E+00
     500.500  3948.500     0.0000E+00
     501.500  3948.500     0.0000E+00
     502.500  3948.500     0.0000E+00
     503.500  3948.500     0.0000E+00
     504.500  3948.500     0.0000E+00
     505.500  3948.500     0.0000E+00
     506.500  3948.500     0.0000E+00
     507.500  3948.500     0.0000E+00
     508.500  3948.500     0.0000E+00
     509.500  3948.500     0.0000E+00
     510.500  3948.500     0.0000E+00
     511.500  3948.500     0.0000E+00
     512.500  3948.500     0.0000E+00
     513.500  3948.500     0.0000E+00
     514.500  3948.500     0.0000E+00
     515.500  3948.500     0.0000E+00
     516.500  3948.500     0.0000E+00
     517.500  3948.500     0.0000E+00
     518.500  3948.500     0.0000E+00
     519.500  3948.500     0.0000E+00
     520.500  3948.500     0.0000E+00
     521.500  3948.500     0.0000E+00
     522.500  3948.500     0.0000E+00
     523.500  3948.500     0.0000E+00
     524.500  3948.500     0.0000E+00
     525.500  3948.500     0.0000E+00
     526.500  3948.500     0.0000E+00
     527.500  3948.500     0.0000E+00
     528.500  3948.500     0.0000E+00
     529.500  3948.500     0.0000E+00
     530.500  3948.500     0.0000E+00
     531.500  3948.500     0.0000E+00
     532.500  3948.500     0.0000E+00
     533.500  3948.500     0.0000E+00
     534.500  3948.500     0.0000E+00
     535.500  3948.500     0.0000E+00
     536.500  3948.500     0.0000E+00
     537.500  3948.500     0.0000E+00
     538.500  3948.500     0.0000E+00
     539.500  3948.500     0.0000E+00
     540.500  3948.500     0.0000E+00
     541.500  3948.500     0.0000E+00
     542.500  3948.500     0.0000E+00
     543.500  3948.500     0.0000E+00
     544.500  3948.500     0.0000E+00
     495.500  3949.500     0.0000E+00
     496.500  3949.500     0.0000E+00
     497.500  3949.500     0.0000E+00
     498.500  3949.500     0.0000E+00
     499.500  3949.500     0.0000E+00
     500.500  3949.500     0.0000E+00
     501.500  3949.500     0.0000E+00
     502.500  3949.500     0.0000E+00
     503.500  3949.500     0.0000E+00
     504.500  3949.500     0.0000E+00
     505.500  3949.500     0.0000E+00
     506.500  3949.500     0.0000E+00
     507.500  3949.500     0.0000E+00
     508.500  3949.500     0.0000E+00
     509.500  3949.500     0.0000E+00
     510.500  3949.500     0.0000E+00
     511.500  3949.500     0.0000E+00
     512.500  3949.500     0.0000E+00
     513.500  3949.500     0.0000E+00
     514.500  3949.500     0.0000E+00
     515.500  3949.500     0.0000E+00
     516.500  3949.500     0.0000E+00
     517.500  3949.500     0.0000E+00
     518.500  3949.500     0.0000E+00
     519.500  3949.500     0.0000E+00
     520.500  3949.500     0.0000E+00
     521.500  3949.500     0.0000E+00
     522.500  3949.500     0.0000E+00
     523.500  3949.500     0.0000E+00
     524.500  3949.500     0.0000E+00
     525.500  3949.500     0.0000E+00
     526.500  3949.500     0.0000E+00
     527.500  3949.500     0.0000E+00
     528.500  3949.500     0.0000E+00
     529.500  3949.500     0.0000E+00
     530.500  3949.500     0.0000E+00
     531.500  3949.500     0.0000E+00
     532.500  3949.500     0.0000E+00
     533.500  3949.500     0.0000E+00
     534.500  3949.500     0.0000E+00
     535.500  3949.500     0.0000E+00
     536.500  3949.500     0.0000E+00
     537.500  3949.500     0.0000E+00
     538.500  3949.500     0.0000E+00
     539.500  3949.500     0.0000E+00
     540.500  3949.500     0.0000E+00
     541.500  3949.500     0.0000E+00
     542.500  3949.500     0.0000E+00
     543.500  3949.500     0.0000E+00
     544.500  3949.500     0.0000E+00
     495.500  3950.500     0.0000E+00
     496.500  3950.500     0.0000E+00
     497.500  3950.500     0.0000E+00
     498.500  3950.500     0.0000E+00
     499.500  3950.500     0.0000E+00
     500.500  3950.500     0.0000E+00
     501.500  3950.500     0.0000E+00
     502.500  3950.500     0.0000E+00
     503.500  3950.500     0.0000E+00
     504.500  3950.500     0.0000E+00
     505.500  3950.500     0.0000E+00
     506.500  3950.500     0.0000E+00
     507.500  3950.500     0.0000E+00
     508.500  3950.500     0.0000E+00
     509.500  3950.500     0.0000E+00
     510.500  3950.500     0.0000E+00
     511.500  3950.500     0.0000E+00
     512.500  3950.500     0.0000E+00
     513.500  3950.500     0.0000E+00
     514.500  3950.500     0.0000E+00
     515.500  3950.500     0.0000E+00
     516.500  3950.500     0.0000E+00
     517.500  3950.500     0.0000E+00
     518.500  3950.500     0.0000E+00
     519.500  3950.500     0.0000E+00
     520.500  3950.500     0.0000E+00
     521.500  3950.500     0.0000E+00
     522.500  3950.500     0.0000E+00
     523.500  3950.500     0.0000E+00
     524.500  3950.500     0.0000E+00
     525.500  3950.500     0.0000E+00
     526.500  3950.500     0.0000E+00
     527.500  3950.500     0.0000E+00
     528.500  3950.500     0.0000E+00
     529.500  3950.500     0.0000E+00
     530.500  3950.500     0.0000E+00
     531.500  3950.500     0.0000E+00
     532.500  3950.500     0.0000E+00
     533.500  3950.500     0.0000E+00
     534.500  3950.500     0.0000E+00
     535.500  3950.500     0.0000E+00
     536.500  3950.500     0.0000E+00
     537.500  3950.500     0.0000E+00
     538.500  3950.500     0.0000E+00
     539.500  3950.500     0.0000E+00
     540.500  3950.500     0.0000E+00
     541.500  3950.500     0.0000E+00
     542.500  3950.500     0.0000E+00
     543.500  3950.500     0.0000E+00
     544.500  3950.500     0.0000E+00
     495.500  3951.500     0.0000E+00
     496.500  3951.500     0.0000E+00
     497.500  3951.500     0.0000E+00
     498.500  3951.500     0.0000E+00
     499.500  3951.500     0.0000E+00
     500.500  3951.500     0.0000E+00
     501.500  3951.500     0.0000E+00
     502.500  3951.500     0.0000E+00
     503.500  3951.500     0.0000E+00
     504.500  3951.500     0.0000E+00
     505.500  3951.500     0.0000E+00
     506.500  3951.500     0.0000E+00
     507.500  3951.500     0.0000E+00
     508.500  3951.500     0.0000E+00
     509.500  3951.500     0.0000E+00
     510.500  3951.500     0.0000E+00
     511.500  3951.500     0.0000E+00
     512.500  3951.500     0.0000E+00
     513.500  3951.500     0.0000E+00
     514.500  3951.500     0.0000E+00
     515.500  3951.500     0.0000E+00
     516.500  3951.500     0.0000E+00
     517.500  3951.500     0.0000E+00
     518.500  3951.500     0.0000E+00
     519.500  3951.500     0.0000E+00
     520.500  3951.500     0.0000E+00
     521.500  3951.500     0.0000E+00
     522.500  3951.500     0.0000E+00
     523.500  3951.500     0.0000E+00
     524.500  3951.500     0.0000E+00
     525.500  3951.500     0.0000E+00
     526.500  3951.500     0.0000E+00
     527.500  3951.500     0.0000E+00
     528.500  3951.500     0.0000E+00
     529.500  3951.500     0.0000E+00
     530.500  3951.500     0.0000E+00
     531.500  3951.500     0.0000E+00
     532.500  3951.500     0.0000E+00
     533.500  3951.500     0.0000E+00
     534.500  3951.500     0.0000E+00
     535.500  3951.500     0.0000E+00
     536.500  3951.500     0.0000E+00
     537.500  3951.500     0.0000E+00
     538.500  3951.500     0.0000E+00
     539.500  3951.500     0.0000E+00
     540.500  3951.500     0.0000E+00
     541.500  3951.500     0.0000E+00
     542.500  3951.500     0.0000E+00
     543.500  3951.500     0.0000E+00
     544.500  3951.500     0.0000E+00
     495.500  3952.500     0.0000E+00
     496.500  3952.500     0.0000E+00
     497.500  3952.500     0.0000E+00
     498.500  3952.500     0.0000E+00
     499.500  3952.500     0.0000E+00
     500.500  3952.500     0.0000E+00
     501.500  3952.500     0.0000E+00
     502.500  3952.500     0.0000E+00
     503.500  3952.500     0.0000E+00
     504.500  3952.500     0.0000E+00
     505.500  3952.500     0.0000E+00
     506.500  3952.500     0.0000E+00
     507.500  3952.500     0.0000E+00
     508.500  3952.500     0.0000E+00
     509.500  3952.500     0.0000E+00
     510.500  3952.500     0.0000E+00
     511.500  3952.500     0.0000E+00
     512.500  3952.500     0.0000E+00
     513.500  3952.500     0.0000E+00
     514.500  3952.500     0.0000E+00
     515.500  3952.500     0.0000E+00
     516.500  3952.500     0.0000E+00
     517.500  3952.500     0.0000E+00
     518.500  3952.500     0.0000E+00
     519.500  3952.500     0.0000E+00
     520.500  3952.500     0.0000E+00
     521.500  3952.500     0.0000E+00
     522.500  3952.500     0.0000E+00
     523.500  3952.500     0.0000E+00
     524.500  3952.500     0.0000E+00
     525.500  3952.500     0.0000E+00
     526.500  3952.500     0.0000E+00
     527.500  3952.500     0.0000E+00
     528.500  3952.500     0.0000E+00
     529.500  3952.500     0.0000E+00
     530.500  3952.500     0.0000E+00
     531.500  3952.500     0.0000E+00
     532.500  3952.500     0.0000E+00
     533.500  3952.500     0.0000E+00
     534.500  3952.500     0.0000E+00
     535.500  3952.500     0.0000E+00
     536.500  3952.500     0.0000E+00
     537.500  3952.500     0.0000E+00
     538.500  3952.500     0.0000E+00
     539.500  3952.500     0.0000E+00
     540.500  3952.500     0.0000E+00
     541.500  3952.500     0.0000E+00
     542.500  3952.500     0.0000E+00
     543.500  3952.500     0.0000E+00
     544.500  3952.500     0.0000E+00
     495.500  3953.500     0.0000E+00
     496.500  3953.500     0.0000E+00
     497.500  3953.500     0.0000E+00
     498.500  3953.500     0.0000E+00
     499.500  3953.500     0.0000E+00
     500.500  3953.500     0.0000E+00
     501.500  3953.500     0.0000E+00
     502.500  3953.500     0.0000E+00
     503.500  3953.500     0.0000E+00
     504.500  3953.500     0.0000E+00
     505.500  3953.500     0.0000E+00
     506.500  3953.500     0.0000E+00
     507.500  3953.500     0.0000E+00
     508.500  3953.500     0.0000E+00
     509.500  3953.500     0.0000E+00
     510.500  3953.500     0.0000E+00
     511.500  3953.500     0.0000E+00
     512.500  3953.500     0.0000E+00
     513.500  3953.500     0.0000E+00
     514.500  3953.500     0.0000E+00
     515.500  3953.500     0.0000E+00
     516.500  3953.500     0.0000E+00
     517.500  3953.500     0.0000E+00
     518.500  3953.500     0.0000E+00
     519.500  3953.500     0.0000E+00
     520.500  3953.500     0.0000E+00
     521.500  3953.500     0.0000E+00
     522.500  3953.500     0.0000E+00
     523.500  3953.500     0.0000E+00
     524.500  3953.500     0.0000E+00
     525.500  3953.500     0.0000E+00
     526.500  3953.500     0.0000E+00
     527.500  3953.500     0.0000E+00
     528.500  3953.500     0.0000E+00
     529.500  3953.500     0.0000E+00
     530.500  3953.500     0.0000E+00
     531.500  3953.500     0.0000E+00
     532.500  3953.500     0.0000E+00
     533.500  3953.500     0.0000E+00
     534.500  3953.500     0.0000E+00
     535.500  3953.500     0.0000E+00
     536.500  3953.500     0.0000E+00
     537.500  3953.500     0.0000E+00
     538.500  3953.500     0.0000E+00
     539.500  3953.500     0.0000E+00
     540.500  3953.500     0.0000E+00
     541.500  3953.500     0.0000E+00
     542.500  3953.500     0.0000E+00
     543.500  3953.500     0.0000E+00
     544.500  3953.500     0.0000E+00
     495.500  3954.500     0.0000E+00
     496.500  3954.500     0.0000E+00
     497.500  3954.500     0.0000E+00
     498.500  3954.500     0.0000E+00
     499.500  3954.500     0.0000E+00
     500.500  3954.500     0.0000E+00
     501.500  3954.500     0.0000E+00
     502.500  3954.500     0.0000E+00
     503.500  3954.500     0.0000E+00
     504.500  3954.500     0.0000E+00
     505.500  3954.500     0.0000E+00
     506.500  3954.500     0.0000E+00
     507.500  3954.500     0.0000E+00
     508.500  3954.500     0.0000E+00
     509.500  3954.500     0.0000E+00
     510.500  3954.500     0.0000E+00
     511.500  3954.500     0.0000E+00
     512.500  3954.500     0.0000E+00
     513.500  3954.500     0.0000E+00
     514.500  3954.500     0.0000E+00
     515.500  3954.500     0.0000E+00
     516.500  3954.500     0.0000E+00
     517.500  3954.500     0.0000E+00
     518.500  3954.500     0.0000E+00
     519.500  3954.500     0.0000E+00
     520.500  3954.500     0.0000E+00
     521.500  3954.500     0.0000E+00
     522.500  3954.500     0.0000E+00
     523.500  3954.500     0.0000E+00
     524.500  3954.500     0.0000E+00
     525.500  3954.500     0.0000E+00
     526.500  3954.500     0.0000E+00
     527.500  3954.500     0.0000E+00
     528.500  3954.500     0.0000E+00
     529.500  3954.500     0.0000E+00
     530.500  3954.500     0.0000E+00
     531.500  3954.500     0.0000E+00
     532.500  3954.500     0.0000E+00
     533.500  3954.500     0.0000E+00
     534.500  3954.500     0.0000E+00
     535.500  3954.500     0.0000E+00
     536.500  3954.500     0.0000E+00
     537.500  3954.500     0.0000E+00
     538.500  3954.500     0.0000E+00
     539.500  3954.500     0.0000E+00
     540.500  3954.500     0.0000E+00
     541.500  3954.500     0.0000E+00
     542.500  3954.500     0.0000E+00
     543.500  3954.500     0.0000E+00
     544.500  3954.500     0.0000E+00
     523.642  3934.174     0.0000E+00
     533.661  3935.153     0.0000E+00
     534.934  3933.278     0.0000E+00
     537.941  3928.923     0.0000E+00
     539.209  3926.428     0.0000E+00
     530.687  3933.234     0.0000E+00
     528.743  3936.682     0.0000E+00
     529.379  3937.549     0.0000E+00
     527.900  3932.391     0.0000E+00
     529.626  3931.465     0.0000E+00
     530.937  3931.355     6.2522E-03
     534.513  3928.843     0.0000E+00
     530.716  3928.240     1.1794E-01
     527.755  3927.782     3.4826E-02
     530.426  3921.802     0.0000E+00
     528.551  3921.285     3.7733E-01
     529.374  3937.537     0.0000E+00
