        1   HOUR AVERAGE  CONCENTRATION VALUES AT EACH RECEPTOR  (ug/m**3)    

                   PM2.5         1

     RECEPTOR (x,y) km      VALUE
 
     495.500  3905.500     1.2842E-01
     496.500  3905.500     1.4732E-01
     497.500  3905.500     1.6995E-01
     498.500  3905.500     1.9477E-01
     499.500  3905.500     2.2285E-01
     500.500  3905.500     2.5429E-01
     501.500  3905.500     2.8928E-01
     502.500  3905.500     3.2691E-01
     503.500  3905.500     3.6672E-01
     504.500  3905.500     4.0759E-01
     505.500  3905.500     4.4553E-01
     506.500  3905.500     4.7843E-01
     507.500  3905.500     5.0209E-01
     508.500  3905.500     5.1031E-01
     509.500  3905.500     5.0108E-01
     510.500  3905.500     4.7218E-01
     511.500  3905.500     4.2753E-01
     512.500  3905.500     3.7357E-01
     513.500  3905.500     3.1391E-01
     514.500  3905.500     2.5365E-01
     515.500  3905.500     1.9564E-01
     516.500  3905.500     1.4449E-01
     517.500  3905.500     1.0141E-01
     518.500  3905.500     6.6361E-02
     519.500  3905.500     4.0035E-02
     520.500  3905.500     2.1518E-02
     521.500  3905.500     1.1154E-02
     522.500  3905.500     5.0298E-03
     523.500  3905.500     9.8730E-04
     524.500  3905.500     1.3127E-04
     525.500  3905.500     1.0894E-05
     526.500  3905.500     3.6044E-06
     527.500  3905.500     5.6072E-07
     528.500  3905.500     0.0000E+00
     529.500  3905.500     0.0000E+00
     530.500  3905.500     0.0000E+00
     531.500  3905.500     0.0000E+00
     532.500  3905.500     0.0000E+00
     533.500  3905.500     0.0000E+00
     534.500  3905.500     0.0000E+00
     535.500  3905.500     0.0000E+00
     536.500  3905.500     0.0000E+00
     537.500  3905.500     0.0000E+00
     538.500  3905.500     0.0000E+00
     539.500  3905.500     0.0000E+00
     540.500  3905.500     0.0000E+00
     541.500  3905.500     0.0000E+00
     542.500  3905.500     0.0000E+00
     543.500  3905.500     0.0000E+00
     544.500  3905.500     0.0000E+00
     495.500  3906.500     1.3498E-01
     496.500  3906.500     1.5602E-01
     497.500  3906.500     1.7941E-01
     498.500  3906.500     2.0646E-01
     499.500  3906.500     2.3685E-01
     500.500  3906.500     2.7109E-01
     501.500  3906.500     3.0896E-01
     502.500  3906.500     3.5085E-01
     503.500  3906.500     3.9510E-01
     504.500  3906.500     4.4052E-01
     505.500  3906.500     4.8533E-01
     506.500  3906.500     5.2547E-01
     507.500  3906.500     5.5523E-01
     508.500  3906.500     5.7114E-01
     509.500  3906.500     5.6710E-01
     510.500  3906.500     5.4388E-01
     511.500  3906.500     5.0226E-01
     512.500  3906.500     4.4671E-01
     513.500  3906.500     3.8345E-01
     514.500  3906.500     3.1592E-01
     515.500  3906.500     2.4893E-01
     516.500  3906.500     1.8765E-01
     517.500  3906.500     1.3528E-01
     518.500  3906.500     9.1900E-02
     519.500  3906.500     5.7559E-02
     520.500  3906.500     3.2698E-02
     521.500  3906.500     1.6673E-02
     522.500  3906.500     8.2104E-03
     523.500  3906.500     2.9097E-03
     524.500  3906.500     4.3729E-04
     525.500  3906.500     6.4618E-05
     526.500  3906.500     5.1853E-06
     527.500  3906.500     1.5030E-06
     528.500  3906.500     0.0000E+00
     529.500  3906.500     0.0000E+00
     530.500  3906.500     0.0000E+00
     531.500  3906.500     0.0000E+00
     532.500  3906.500     0.0000E+00
     533.500  3906.500     0.0000E+00
     534.500  3906.500     0.0000E+00
     535.500  3906.500     0.0000E+00
     536.500  3906.500     0.0000E+00
     537.500  3906.500     0.0000E+00
     538.500  3906.500     0.0000E+00
     539.500  3906.500     0.0000E+00
     540.500  3906.500     0.0000E+00
     541.500  3906.500     0.0000E+00
     542.500  3906.500     0.0000E+00
     543.500  3906.500     0.0000E+00
     544.500  3906.500     0.0000E+00
     495.500  3907.500     1.4069E-01
     496.500  3907.500     1.6266E-01
     497.500  3907.500     1.8786E-01
     498.500  3907.500     2.1640E-01
     499.500  3907.500     2.4900E-01
     500.500  3907.500     2.8523E-01
     501.500  3907.500     3.2649E-01
     502.500  3907.500     3.7103E-01
     503.500  3907.500     4.1910E-01
     504.500  3907.500     4.7053E-01
     505.500  3907.500     5.2036E-01
     506.500  3907.500     5.6634E-01
     507.500  3907.500     6.0301E-01
     508.500  3907.500     6.2524E-01
     509.500  3907.500     6.2847E-01
     510.500  3907.500     6.1168E-01
     511.500  3907.500     5.7507E-01
     512.500  3907.500     5.2182E-01
     513.500  3907.500     4.5590E-01
     514.500  3907.500     3.8389E-01
     515.500  3907.500     3.0883E-01
     516.500  3907.500     2.3799E-01
     517.500  3907.500     1.7509E-01
     518.500  3907.500     1.2186E-01
     519.500  3907.500     7.9335E-02
     520.500  3907.500     4.6983E-02
     521.500  3907.500     2.3978E-02
     522.500  3907.500     1.2130E-02
     523.500  3907.500     5.2967E-03
     524.500  3907.500     1.2617E-03
     525.500  3907.500     2.0314E-04
     526.500  3907.500     2.0442E-05
     527.500  3907.500     2.5058E-06
     528.500  3907.500     3.6857E-07
     529.500  3907.500     0.0000E+00
     530.500  3907.500     0.0000E+00
     531.500  3907.500     0.0000E+00
     532.500  3907.500     0.0000E+00
     533.500  3907.500     0.0000E+00
     534.500  3907.500     0.0000E+00
     535.500  3907.500     0.0000E+00
     536.500  3907.500     0.0000E+00
     537.500  3907.500     0.0000E+00
     538.500  3907.500     0.0000E+00
     539.500  3907.500     0.0000E+00
     540.500  3907.500     0.0000E+00
     541.500  3907.500     0.0000E+00
     542.500  3907.500     0.0000E+00
     543.500  3907.500     0.0000E+00
     544.500  3907.500     0.0000E+00
     495.500  3908.500     1.4525E-01
     496.500  3908.500     1.6803E-01
     497.500  3908.500     1.9490E-01
     498.500  3908.500     2.2457E-01
     499.500  3908.500     2.5874E-01
     500.500  3908.500     2.9715E-01
     501.500  3908.500     3.4019E-01
     502.500  3908.500     3.8801E-01
     503.500  3908.500     4.3984E-01
     504.500  3908.500     4.9391E-01
     505.500  3908.500     5.4914E-01
     506.500  3908.500     5.9930E-01
     507.500  3908.500     6.4200E-01
     508.500  3908.500     6.7166E-01
     509.500  3908.500     6.8242E-01
     510.500  3908.500     6.7365E-01
     511.500  3908.500     6.4510E-01
     512.500  3908.500     5.9531E-01
     513.500  3908.500     5.3059E-01
     514.500  3908.500     4.5480E-01
     515.500  3908.500     3.7391E-01
     516.500  3908.500     2.9422E-01
     517.500  3908.500     2.2106E-01
     518.500  3908.500     1.5731E-01
     519.500  3908.500     1.0523E-01
     520.500  3908.500     6.4854E-02
     521.500  3908.500     3.5560E-02
     522.500  3908.500     1.7097E-02
     523.500  3908.500     7.9544E-03
     524.500  3908.500     2.7123E-03
     525.500  3908.500     5.0824E-04
     526.500  3908.500     1.0416E-04
     527.500  3908.500     4.2810E-06
     528.500  3908.500     1.0935E-06
     529.500  3908.500     0.0000E+00
     530.500  3908.500     0.0000E+00
     531.500  3908.500     0.0000E+00
     532.500  3908.500     0.0000E+00
     533.500  3908.500     0.0000E+00
     534.500  3908.500     0.0000E+00
     535.500  3908.500     0.0000E+00
     536.500  3908.500     0.0000E+00
     537.500  3908.500     0.0000E+00
     538.500  3908.500     0.0000E+00
     539.500  3908.500     0.0000E+00
     540.500  3908.500     0.0000E+00
     541.500  3908.500     0.0000E+00
     542.500  3908.500     0.0000E+00
     543.500  3908.500     0.0000E+00
     544.500  3908.500     0.0000E+00
     495.500  3909.500     1.4857E-01
     496.500  3909.500     1.7222E-01
     497.500  3909.500     1.9965E-01
     498.500  3909.500     2.3103E-01
     499.500  3909.500     2.6619E-01
     500.500  3909.500     3.0596E-01
     501.500  3909.500     3.5132E-01
     502.500  3909.500     4.0045E-01
     503.500  3909.500     4.5405E-01
     504.500  3909.500     5.1184E-01
     505.500  3909.500     5.6915E-01
     506.500  3909.500     6.2532E-01
     507.500  3909.500     6.7224E-01
     508.500  3909.500     7.0752E-01
     509.500  3909.500     7.2751E-01
     510.500  3909.500     7.2791E-01
     511.500  3909.500     7.0653E-01
     512.500  3909.500     6.6427E-01
     513.500  3909.500     6.0232E-01
     514.500  3909.500     5.2680E-01
     515.500  3909.500     4.4229E-01
     516.500  3909.500     3.5546E-01
     517.500  3909.500     2.7313E-01
     518.500  3909.500     1.9843E-01
     519.500  3909.500     1.3586E-01
     520.500  3909.500     8.6550E-02
     521.500  3909.500     4.9324E-02
     522.500  3909.500     2.3920E-02
     523.500  3909.500     1.1417E-02
     524.500  3909.500     4.5124E-03
     525.500  3909.500     1.2414E-03
     526.500  3909.500     2.3465E-04
     527.500  3909.500     1.7954E-05
     528.500  3909.500     1.4405E-06
     529.500  3909.500     1.4100E-07
     530.500  3909.500     0.0000E+00
     531.500  3909.500     0.0000E+00
     532.500  3909.500     0.0000E+00
     533.500  3909.500     0.0000E+00
     534.500  3909.500     0.0000E+00
     535.500  3909.500     0.0000E+00
     536.500  3909.500     0.0000E+00
     537.500  3909.500     0.0000E+00
     538.500  3909.500     0.0000E+00
     539.500  3909.500     0.0000E+00
     540.500  3909.500     0.0000E+00
     541.500  3909.500     0.0000E+00
     542.500  3909.500     0.0000E+00
     543.500  3909.500     0.0000E+00
     544.500  3909.500     0.0000E+00
     495.500  3910.500     1.4995E-01
     496.500  3910.500     1.7478E-01
     497.500  3910.500     2.0273E-01
     498.500  3910.500     2.3451E-01
     499.500  3910.500     2.7047E-01
     500.500  3910.500     3.1182E-01
     501.500  3910.500     3.5691E-01
     502.500  3910.500     4.0752E-01
     503.500  3910.500     4.6348E-01
     504.500  3910.500     5.2175E-01
     505.500  3910.500     5.8263E-01
     506.500  3910.500     6.4009E-01
     507.500  3910.500     6.9251E-01
     508.500  3910.500     7.3371E-01
     509.500  3910.500     7.6063E-01
     510.500  3910.500     7.7028E-01
     511.500  3910.500     7.5807E-01
     512.500  3910.500     7.2537E-01
     513.500  3910.500     6.7064E-01
     514.500  3910.500     5.9758E-01
     515.500  3910.500     5.1219E-01
     516.500  3910.500     4.2071E-01
     517.500  3910.500     3.2992E-01
     518.500  3910.500     2.4555E-01
     519.500  3910.500     1.7154E-01
     520.500  3910.500     1.1121E-01
     521.500  3910.500     6.5572E-02
     522.500  3910.500     3.4365E-02
     523.500  3910.500     1.5336E-02
     524.500  3910.500     6.7420E-03
     525.500  3910.500     2.4622E-03
     526.500  3910.500     4.1765E-04
     527.500  3910.500     7.4800E-05
     528.500  3910.500     2.9098E-06
     529.500  3910.500     5.3159E-07
     530.500  3910.500     0.0000E+00
     531.500  3910.500     0.0000E+00
     532.500  3910.500     0.0000E+00
     533.500  3910.500     0.0000E+00
     534.500  3910.500     0.0000E+00
     535.500  3910.500     0.0000E+00
     536.500  3910.500     0.0000E+00
     537.500  3910.500     0.0000E+00
     538.500  3910.500     0.0000E+00
     539.500  3910.500     0.0000E+00
     540.500  3910.500     0.0000E+00
     541.500  3910.500     0.0000E+00
     542.500  3910.500     0.0000E+00
     543.500  3910.500     0.0000E+00
     544.500  3910.500     0.0000E+00
     495.500  3911.500     1.5046E-01
     496.500  3911.500     1.7551E-01
     497.500  3911.500     2.0366E-01
     498.500  3911.500     2.3551E-01
     499.500  3911.500     2.7203E-01
     500.500  3911.500     3.1328E-01
     501.500  3911.500     3.5877E-01
     502.500  3911.500     4.1080E-01
     503.500  3911.500     4.6587E-01
     504.500  3911.500     5.2623E-01
     505.500  3911.500     5.8660E-01
     506.500  3911.500     6.4748E-01
     507.500  3911.500     7.0150E-01
     508.500  3911.500     7.4822E-01
     509.500  3911.500     7.8308E-01
     510.500  3911.500     8.0168E-01
     511.500  3911.500     8.0126E-01
     512.500  3911.500     7.7756E-01
     513.500  3911.500     7.3176E-01
     514.500  3911.500     6.6424E-01
     515.500  3911.500     5.8068E-01
     516.500  3911.500     4.8733E-01
     517.500  3911.500     3.9078E-01
     518.500  3911.500     2.9754E-01
     519.500  3911.500     2.1265E-01
     520.500  3911.500     1.4149E-01
     521.500  3911.500     8.5502E-02
     522.500  3911.500     4.5898E-02
     523.500  3911.500     2.1753E-02
     524.500  3911.500     9.2358E-03
     525.500  3911.500     3.7938E-03
     526.500  3911.500     9.2620E-04
     527.500  3911.500     1.5178E-04
     528.500  3911.500     4.3240E-06
     529.500  3911.500     7.4614E-07
     530.500  3911.500     0.0000E+00
     531.500  3911.500     0.0000E+00
     532.500  3911.500     0.0000E+00
     533.500  3911.500     0.0000E+00
     534.500  3911.500     0.0000E+00
     535.500  3911.500     0.0000E+00
     536.500  3911.500     0.0000E+00
     537.500  3911.500     0.0000E+00
     538.500  3911.500     0.0000E+00
     539.500  3911.500     0.0000E+00
     540.500  3911.500     0.0000E+00
     541.500  3911.500     0.0000E+00
     542.500  3911.500     0.0000E+00
     543.500  3911.500     0.0000E+00
     544.500  3911.500     0.0000E+00
     495.500  3912.500     1.4898E-01
     496.500  3912.500     1.7392E-01
     497.500  3912.500     2.0247E-01
     498.500  3912.500     2.3369E-01
     499.500  3912.500     2.7087E-01
     500.500  3912.500     3.1097E-01
     501.500  3912.500     3.5764E-01
     502.500  3912.500     4.0781E-01
     503.500  3912.500     4.6392E-01
     504.500  3912.500     5.2230E-01
     505.500  3912.500     5.8449E-01
     506.500  3912.500     6.4408E-01
     507.500  3912.500     7.0140E-01
     508.500  3912.500     7.5247E-01
     509.500  3912.500     7.9497E-01
     510.500  3912.500     8.2285E-01
     511.500  3912.500     8.3289E-01
     512.500  3912.500     8.1905E-01
     513.500  3912.500     7.8293E-01
     514.500  3912.500     7.2547E-01
     515.500  3912.500     6.4763E-01
     516.500  3912.500     5.5518E-01
     517.500  3912.500     4.5595E-01
     518.500  3912.500     3.5497E-01
     519.500  3912.500     2.6050E-01
     520.500  3912.500     1.7607E-01
     521.500  3912.500     1.0896E-01
     522.500  3912.500     5.9954E-02
     523.500  3912.500     2.9728E-02
     524.500  3912.500     1.2501E-02
     525.500  3912.500     5.4639E-03
     526.500  3912.500     1.6551E-03
     527.500  3912.500     2.1966E-04
     528.500  3912.500     2.5430E-05
     529.500  3912.500     1.2644E-06
     530.500  3912.500     7.3234E-08
     531.500  3912.500     0.0000E+00
     532.500  3912.500     0.0000E+00
     533.500  3912.500     0.0000E+00
     534.500  3912.500     0.0000E+00
     535.500  3912.500     0.0000E+00
     536.500  3912.500     0.0000E+00
     537.500  3912.500     0.0000E+00
     538.500  3912.500     0.0000E+00
     539.500  3912.500     0.0000E+00
     540.500  3912.500     0.0000E+00
     541.500  3912.500     0.0000E+00
     542.500  3912.500     0.0000E+00
     543.500  3912.500     0.0000E+00
     544.500  3912.500     0.0000E+00
     495.500  3913.500     1.4619E-01
     496.500  3913.500     1.7066E-01
     497.500  3913.500     1.9866E-01
     498.500  3913.500     2.3030E-01
     499.500  3913.500     2.6590E-01
     500.500  3913.500     3.0598E-01
     501.500  3913.500     3.5129E-01
     502.500  3913.500     4.0088E-01
     503.500  3913.500     4.5519E-01
     504.500  3913.500     5.1331E-01
     505.500  3913.500     5.7319E-01
     506.500  3913.500     6.3373E-01
     507.500  3913.500     6.9299E-01
     508.500  3913.500     7.4894E-01
     509.500  3913.500     7.9719E-01
     510.500  3913.500     8.3200E-01
     511.500  3913.500     8.5205E-01
     512.500  3913.500     8.5185E-01
     513.500  3913.500     8.2708E-01
     514.500  3913.500     7.7973E-01
     515.500  3913.500     7.1079E-01
     516.500  3913.500     6.2398E-01
     517.500  3913.500     5.2431E-01
     518.500  3913.500     4.1956E-01
     519.500  3913.500     3.1473E-01
     520.500  3913.500     2.1967E-01
     521.500  3913.500     1.3761E-01
     522.500  3913.500     7.7813E-02
     523.500  3913.500     3.9398E-02
     524.500  3913.500     1.7204E-02
     525.500  3913.500     7.4329E-03
     526.500  3913.500     2.5728E-03
     527.500  3913.500     3.9630E-04
     528.500  3913.500     6.2685E-05
     529.500  3913.500     1.5289E-06
     530.500  3913.500     1.5396E-07
     531.500  3913.500     0.0000E+00
     532.500  3913.500     0.0000E+00
     533.500  3913.500     0.0000E+00
     534.500  3913.500     0.0000E+00
     535.500  3913.500     0.0000E+00
     536.500  3913.500     0.0000E+00
     537.500  3913.500     0.0000E+00
     538.500  3913.500     0.0000E+00
     539.500  3913.500     0.0000E+00
     540.500  3913.500     0.0000E+00
     541.500  3913.500     0.0000E+00
     542.500  3913.500     0.0000E+00
     543.500  3913.500     0.0000E+00
     544.500  3913.500     0.0000E+00
     495.500  3914.500     1.4158E-01
     496.500  3914.500     1.6626E-01
     497.500  3914.500     1.9304E-01
     498.500  3914.500     2.2436E-01
     499.500  3914.500     2.5867E-01
     500.500  3914.500     2.9785E-01
     501.500  3914.500     3.4130E-01
     502.500  3914.500     3.8968E-01
     503.500  3914.500     4.4252E-01
     504.500  3914.500     4.9892E-01
     505.500  3914.500     5.5727E-01
     506.500  3914.500     6.1768E-01
     507.500  3914.500     6.7847E-01
     508.500  3914.500     7.3673E-01
     509.500  3914.500     7.8927E-01
     510.500  3914.500     8.3416E-01
     511.500  3914.500     8.6178E-01
     512.500  3914.500     8.7256E-01
     513.500  3914.500     8.6186E-01
     514.500  3914.500     8.2716E-01
     515.500  3914.500     7.6997E-01
     516.500  3914.500     6.9246E-01
     517.500  3914.500     5.9781E-01
     518.500  3914.500     4.9106E-01
     519.500  3914.500     3.7993E-01
     520.500  3914.500     2.7076E-01
     521.500  3914.500     1.7424E-01
     522.500  3914.500     9.9603E-02
     523.500  3914.500     5.2097E-02
     524.500  3914.500     2.4450E-02
     525.500  3914.500     9.8516E-03
     526.500  3914.500     3.6500E-03
     527.500  3914.500     6.9463E-04
     528.500  3914.500     8.1376E-05
     529.500  3914.500     1.6267E-06
     530.500  3914.500     1.6604E-07
     531.500  3914.500     0.0000E+00
     532.500  3914.500     0.0000E+00
     533.500  3914.500     0.0000E+00
     534.500  3914.500     0.0000E+00
     535.500  3914.500     0.0000E+00
     536.500  3914.500     0.0000E+00
     537.500  3914.500     0.0000E+00
     538.500  3914.500     0.0000E+00
     539.500  3914.500     0.0000E+00
     540.500  3914.500     0.0000E+00
     541.500  3914.500     0.0000E+00
     542.500  3914.500     0.0000E+00
     543.500  3914.500     0.0000E+00
     544.500  3914.500     0.0000E+00
     495.500  3915.500     1.3562E-01
     496.500  3915.500     1.5962E-01
     497.500  3915.500     1.8521E-01
     498.500  3915.500     2.1529E-01
     499.500  3915.500     2.4825E-01
     500.500  3915.500     2.8614E-01
     501.500  3915.500     3.2816E-01
     502.500  3915.500     3.7444E-01
     503.500  3915.500     4.2503E-01
     504.500  3915.500     4.7824E-01
     505.500  3915.500     5.3658E-01
     506.500  3915.500     5.9666E-01
     507.500  3915.500     6.5772E-01
     508.500  3915.500     7.1887E-01
     509.500  3915.500     7.7581E-01
     510.500  3915.500     8.2349E-01
     511.500  3915.500     8.6330E-01
     512.500  3915.500     8.8353E-01
     513.500  3915.500     8.8563E-01
     514.500  3915.500     8.6970E-01
     515.500  3915.500     8.2675E-01
     516.500  3915.500     7.6197E-01
     517.500  3915.500     6.7542E-01
     518.500  3915.500     5.7289E-01
     519.500  3915.500     4.5592E-01
     520.500  3915.500     3.3553E-01
     521.500  3915.500     2.2260E-01
     522.500  3915.500     1.3018E-01
     523.500  3915.500     6.7926E-02
     524.500  3915.500     3.3598E-02
     525.500  3915.500     1.2860E-02
     526.500  3915.500     5.2620E-03
     527.500  3915.500     1.1696E-03
     528.500  3915.500     9.1858E-05
     529.500  3915.500     2.4454E-06
     530.500  3915.500     1.7179E-07
     531.500  3915.500     0.0000E+00
     532.500  3915.500     0.0000E+00
     533.500  3915.500     0.0000E+00
     534.500  3915.500     0.0000E+00
     535.500  3915.500     0.0000E+00
     536.500  3915.500     0.0000E+00
     537.500  3915.500     0.0000E+00
     538.500  3915.500     0.0000E+00
     539.500  3915.500     0.0000E+00
     540.500  3915.500     0.0000E+00
     541.500  3915.500     0.0000E+00
     542.500  3915.500     0.0000E+00
     543.500  3915.500     0.0000E+00
     544.500  3915.500     0.0000E+00
     495.500  3916.500     1.2880E-01
     496.500  3916.500     1.5177E-01
     497.500  3916.500     1.7615E-01
     498.500  3916.500     2.0476E-01
     499.500  3916.500     2.3713E-01
     500.500  3916.500     2.7208E-01
     501.500  3916.500     3.1235E-01
     502.500  3916.500     3.5611E-01
     503.500  3916.500     4.0443E-01
     504.500  3916.500     4.5695E-01
     505.500  3916.500     5.1210E-01
     506.500  3916.500     5.7111E-01
     507.500  3916.500     6.3318E-01
     508.500  3916.500     6.9434E-01
     509.500  3916.500     7.5405E-01
     510.500  3916.500     8.0876E-01
     511.500  3916.500     8.5273E-01
     512.500  3916.500     8.8942E-01
     513.500  3916.500     9.0507E-01
     514.500  3916.500     9.0320E-01
     515.500  3916.500     8.8096E-01
     516.500  3916.500     8.3296E-01
     517.500  3916.500     7.6117E-01
     518.500  3916.500     6.6574E-01
     519.500  3916.500     5.4984E-01
     520.500  3916.500     4.1784E-01
     521.500  3916.500     2.8593E-01
     522.500  3916.500     1.7297E-01
     523.500  3916.500     9.1339E-02
     524.500  3916.500     4.4596E-02
     525.500  3916.500     1.8707E-02
     526.500  3916.500     6.6713E-03
     527.500  3916.500     1.8433E-03
     528.500  3916.500     1.5914E-04
     529.500  3916.500     2.9003E-06
     530.500  3916.500     2.5463E-07
     531.500  3916.500     0.0000E+00
     532.500  3916.500     0.0000E+00
     533.500  3916.500     0.0000E+00
     534.500  3916.500     0.0000E+00
     535.500  3916.500     0.0000E+00
     536.500  3916.500     0.0000E+00
     537.500  3916.500     0.0000E+00
     538.500  3916.500     0.0000E+00
     539.500  3916.500     0.0000E+00
     540.500  3916.500     0.0000E+00
     541.500  3916.500     0.0000E+00
     542.500  3916.500     0.0000E+00
     543.500  3916.500     0.0000E+00
     544.500  3916.500     0.0000E+00
     495.500  3917.500     1.2052E-01
     496.500  3917.500     1.4230E-01
     497.500  3917.500     1.6534E-01
     498.500  3917.500     1.9214E-01
     499.500  3917.500     2.2285E-01
     500.500  3917.500     2.5624E-01
     501.500  3917.500     2.9416E-01
     502.500  3917.500     3.3546E-01
     503.500  3917.500     3.8175E-01
     504.500  3917.500     4.3162E-01
     505.500  3917.500     4.8454E-01
     506.500  3917.500     5.4284E-01
     507.500  3917.500     6.0257E-01
     508.500  3917.500     6.6578E-01
     509.500  3917.500     7.2726E-01
     510.500  3917.500     7.8768E-01
     511.500  3917.500     8.4065E-01
     512.500  3917.500     8.8416E-01
     513.500  3917.500     9.1668E-01
     514.500  3917.500     9.3163E-01
     515.500  3917.500     9.3051E-01
     516.500  3917.500     9.0633E-01
     517.500  3917.500     8.5535E-01
     518.500  3917.500     7.7351E-01
     519.500  3917.500     6.6065E-01
     520.500  3917.500     5.2471E-01
     521.500  3917.500     3.7486E-01
     522.500  3917.500     2.3519E-01
     523.500  3917.500     1.2894E-01
     524.500  3917.500     6.3087E-02
     525.500  3917.500     2.7724E-02
     526.500  3917.500     9.4767E-03
     527.500  3917.500     2.7484E-03
     528.500  3917.500     2.3382E-04
     529.500  3917.500     4.0216E-06
     530.500  3917.500     2.4784E-07
     531.500  3917.500     0.0000E+00
     532.500  3917.500     0.0000E+00
     533.500  3917.500     0.0000E+00
     534.500  3917.500     0.0000E+00
     535.500  3917.500     0.0000E+00
     536.500  3917.500     0.0000E+00
     537.500  3917.500     0.0000E+00
     538.500  3917.500     0.0000E+00
     539.500  3917.500     0.0000E+00
     540.500  3917.500     0.0000E+00
     541.500  3917.500     0.0000E+00
     542.500  3917.500     0.0000E+00
     543.500  3917.500     0.0000E+00
     544.500  3917.500     0.0000E+00
     495.500  3918.500     1.1152E-01
     496.500  3918.500     1.3168E-01
     497.500  3918.500     1.5363E-01
     498.500  3918.500     1.7844E-01
     499.500  3918.500     2.0700E-01
     500.500  3918.500     2.3817E-01
     501.500  3918.500     2.7434E-01
     502.500  3918.500     3.1346E-01
     503.500  3918.500     3.5675E-01
     504.500  3918.500     4.0414E-01
     505.500  3918.500     4.5657E-01
     506.500  3918.500     5.1198E-01
     507.500  3918.500     5.7236E-01
     508.500  3918.500     6.3363E-01
     509.500  3918.500     6.9611E-01
     510.500  3918.500     7.5985E-01
     511.500  3918.500     8.1923E-01
     512.500  3918.500     8.7305E-01
     513.500  3918.500     9.2039E-01
     514.500  3918.500     9.5844E-01
     515.500  3918.500     9.7922E-01
     516.500  3918.500     9.8194E-01
     517.500  3918.500     9.5571E-01
     518.500  3918.500     8.9818E-01
     519.500  3918.500     7.9800E-01
     520.500  3918.500     6.5899E-01
     521.500  3918.500     4.9514E-01
     522.500  3918.500     3.2889E-01
     523.500  3918.500     1.8931E-01
     524.500  3918.500     9.5737E-02
     525.500  3918.500     4.3867E-02
     526.500  3918.500     1.7042E-02
     527.500  3918.500     5.9958E-03
     528.500  3918.500     2.9997E-03
     529.500  3918.500     5.3414E-03
     530.500  3918.500     1.1334E-02
     531.500  3918.500     4.7761E-03
     532.500  3918.500     0.0000E+00
     533.500  3918.500     0.0000E+00
     534.500  3918.500     0.0000E+00
     535.500  3918.500     0.0000E+00
     536.500  3918.500     0.0000E+00
     537.500  3918.500     0.0000E+00
     538.500  3918.500     0.0000E+00
     539.500  3918.500     0.0000E+00
     540.500  3918.500     0.0000E+00
     541.500  3918.500     0.0000E+00
     542.500  3918.500     0.0000E+00
     543.500  3918.500     0.0000E+00
     544.500  3918.500     0.0000E+00
     495.500  3919.500     1.0167E-01
     496.500  3919.500     1.2033E-01
     497.500  3919.500     1.4139E-01
     498.500  3919.500     1.6436E-01
     499.500  3919.500     1.9130E-01
     500.500  3919.500     2.2068E-01
     501.500  3919.500     2.5319E-01
     502.500  3919.500     2.8997E-01
     503.500  3919.500     3.3125E-01
     504.500  3919.500     3.7556E-01
     505.500  3919.500     4.2658E-01
     506.500  3919.500     4.7809E-01
     507.500  3919.500     5.3853E-01
     508.500  3919.500     5.9884E-01
     509.500  3919.500     6.6362E-01
     510.500  3919.500     7.2798E-01
     511.500  3919.500     7.9422E-01
     512.500  3919.500     8.5693E-01
     513.500  3919.500     9.1848E-01
     514.500  3919.500     9.7674E-01
     515.500  3919.500     1.0220E+00
     516.500  3919.500     1.0590E+00
     517.500  3919.500     1.0647E+00
     518.500  3919.500     1.0385E+00
     519.500  3919.500     9.6060E-01
     520.500  3919.500     8.2715E-01
     521.500  3919.500     6.5134E-01
     522.500  3919.500     4.6420E-01
     523.500  3919.500     2.9532E-01
     524.500  3919.500     1.6562E-01
     525.500  3919.500     8.7523E-02
     526.500  3919.500     4.4332E-02
     527.500  3919.500     4.0972E-02
     528.500  3919.500     7.9269E-02
     529.500  3919.500     3.4158E-01
     530.500  3919.500     1.4563E+01
     531.500  3919.500     0.0000E+00
     532.500  3919.500     0.0000E+00
     533.500  3919.500     0.0000E+00
     534.500  3919.500     0.0000E+00
     535.500  3919.500     0.0000E+00
     536.500  3919.500     0.0000E+00
     537.500  3919.500     0.0000E+00
     538.500  3919.500     0.0000E+00
     539.500  3919.500     0.0000E+00
     540.500  3919.500     0.0000E+00
     541.500  3919.500     0.0000E+00
     542.500  3919.500     0.0000E+00
     543.500  3919.500     0.0000E+00
     544.500  3919.500     0.0000E+00
     495.500  3920.500     9.2054E-02
     496.500  3920.500     1.0865E-01
     497.500  3920.500     1.2818E-01
     498.500  3920.500     1.4981E-01
     499.500  3920.500     1.7409E-01
     500.500  3920.500     2.0107E-01
     501.500  3920.500     2.3156E-01
     502.500  3920.500     2.6613E-01
     503.500  3920.500     3.0417E-01
     504.500  3920.500     3.4751E-01
     505.500  3920.500     3.9399E-01
     506.500  3920.500     4.4610E-01
     507.500  3920.500     5.0284E-01
     508.500  3920.500     5.6209E-01
     509.500  3920.500     6.2614E-01
     510.500  3920.500     6.9440E-01
     511.500  3920.500     7.6312E-01
     512.500  3920.500     8.3704E-01
     513.500  3920.500     9.1044E-01
     514.500  3920.500     9.9117E-01
     515.500  3920.500     1.0643E+00
     516.500  3920.500     1.1354E+00
     517.500  3920.500     1.1819E+00
     518.500  3920.500     1.1920E+00
     519.500  3920.500     1.1475E+00
     520.500  3920.500     1.0313E+00
     521.500  3920.500     8.5071E-01
     522.500  3920.500     6.4314E-01
     523.500  3920.500     4.5736E-01
     524.500  3920.500     3.1525E-01
     525.500  3920.500     2.5516E-01
     526.500  3920.500     3.1350E-01
     527.500  3920.500     5.9343E-01
     528.500  3920.500     1.1438E+00
     529.500  3920.500     4.7122E-01
     530.500  3920.500     3.7478E-04
     531.500  3920.500     0.0000E+00
     532.500  3920.500     0.0000E+00
     533.500  3920.500     0.0000E+00
     534.500  3920.500     0.0000E+00
     535.500  3920.500     0.0000E+00
     536.500  3920.500     0.0000E+00
     537.500  3920.500     0.0000E+00
     538.500  3920.500     0.0000E+00
     539.500  3920.500     0.0000E+00
     540.500  3920.500     0.0000E+00
     541.500  3920.500     0.0000E+00
     542.500  3920.500     0.0000E+00
     543.500  3920.500     0.0000E+00
     544.500  3920.500     0.0000E+00
     495.500  3921.500     8.1722E-02
     496.500  3921.500     9.6706E-02
     497.500  3921.500     1.1490E-01
     498.500  3921.500     1.3459E-01
     499.500  3921.500     1.5664E-01
     500.500  3921.500     1.8169E-01
     501.500  3921.500     2.0992E-01
     502.500  3921.500     2.4125E-01
     503.500  3921.500     2.7678E-01
     504.500  3921.500     3.1722E-01
     505.500  3921.500     3.6116E-01
     506.500  3921.500     4.1008E-01
     507.500  3921.500     4.6404E-01
     508.500  3921.500     5.2342E-01
     509.500  3921.500     5.8704E-01
     510.500  3921.500     6.5660E-01
     511.500  3921.500     7.2820E-01
     512.500  3921.500     8.0924E-01
     513.500  3921.500     8.9903E-01
     514.500  3921.500     9.9143E-01
     515.500  3921.500     1.0984E+00
     516.500  3921.500     1.2004E+00
     517.500  3921.500     1.2985E+00
     518.500  3921.500     1.3578E+00
     519.500  3921.500     1.3592E+00
     520.500  3921.500     1.2672E+00
     521.500  3921.500     1.0861E+00
     522.500  3921.500     8.5742E-01
     523.500  3921.500     6.4337E-01
     524.500  3921.500     4.7742E-01
     525.500  3921.500     3.9658E-01
     526.500  3921.500     4.0142E-01
     527.500  3921.500     3.2300E-01
     528.500  3921.500     1.0389E-01
     529.500  3921.500     2.5398E-01
     530.500  3921.500     9.0969E-02
     531.500  3921.500     2.0757E-03
     532.500  3921.500     0.0000E+00
     533.500  3921.500     0.0000E+00
     534.500  3921.500     0.0000E+00
     535.500  3921.500     0.0000E+00
     536.500  3921.500     0.0000E+00
     537.500  3921.500     0.0000E+00
     538.500  3921.500     0.0000E+00
     539.500  3921.500     0.0000E+00
     540.500  3921.500     0.0000E+00
     541.500  3921.500     0.0000E+00
     542.500  3921.500     0.0000E+00
     543.500  3921.500     0.0000E+00
     544.500  3921.500     0.0000E+00
     495.500  3922.500     7.1627E-02
     496.500  3922.500     8.5014E-02
     497.500  3922.500     1.0073E-01
     498.500  3922.500     1.1944E-01
     499.500  3922.500     1.3926E-01
     500.500  3922.500     1.6226E-01
     501.500  3922.500     1.8812E-01
     502.500  3922.500     2.1827E-01
     503.500  3922.500     2.5053E-01
     504.500  3922.500     2.8841E-01
     505.500  3922.500     3.2892E-01
     506.500  3922.500     3.7667E-01
     507.500  3922.500     4.2666E-01
     508.500  3922.500     4.8337E-01
     509.500  3922.500     5.4750E-01
     510.500  3922.500     6.1341E-01
     511.500  3922.500     6.9182E-01
     512.500  3922.500     7.7825E-01
     513.500  3922.500     8.7704E-01
     514.500  3922.500     9.9021E-01
     515.500  3922.500     1.1211E+00
     516.500  3922.500     1.2627E+00
     517.500  3922.500     1.4089E+00
     518.500  3922.500     1.5329E+00
     519.500  3922.500     1.5914E+00
     520.500  3922.500     1.5430E+00
     521.500  3922.500     1.3583E+00
     522.500  3922.500     1.0995E+00
     523.500  3922.500     8.4141E-01
     524.500  3922.500     6.1150E-01
     525.500  3922.500     4.1984E-01
     526.500  3922.500     2.6870E-01
     527.500  3922.500     2.2569E-01
     528.500  3922.500     4.4810E-01
     529.500  3922.500     6.7792E-01
     530.500  3922.500     7.4526E-01
     531.500  3922.500     1.4840E-06
     532.500  3922.500     0.0000E+00
     533.500  3922.500     0.0000E+00
     534.500  3922.500     0.0000E+00
     535.500  3922.500     0.0000E+00
     536.500  3922.500     0.0000E+00
     537.500  3922.500     0.0000E+00
     538.500  3922.500     0.0000E+00
     539.500  3922.500     0.0000E+00
     540.500  3922.500     0.0000E+00
     541.500  3922.500     0.0000E+00
     542.500  3922.500     0.0000E+00
     543.500  3922.500     0.0000E+00
     544.500  3922.500     0.0000E+00
     495.500  3923.500     6.1278E-02
     496.500  3923.500     7.3050E-02
     497.500  3923.500     8.8164E-02
     498.500  3923.500     1.0419E-01
     499.500  3923.500     1.2266E-01
     500.500  3923.500     1.4347E-01
     501.500  3923.500     1.6687E-01
     502.500  3923.500     1.9425E-01
     503.500  3923.500     2.2382E-01
     504.500  3923.500     2.5857E-01
     505.500  3923.500     2.9547E-01
     506.500  3923.500     3.4045E-01
     507.500  3923.500     3.8822E-01
     508.500  3923.500     4.4267E-01
     509.500  3923.500     5.0355E-01
     510.500  3923.500     5.6983E-01
     511.500  3923.500     6.5026E-01
     512.500  3923.500     7.3975E-01
     513.500  3923.500     8.4647E-01
     514.500  3923.500     9.7748E-01
     515.500  3923.500     1.1260E+00
     516.500  3923.500     1.3048E+00
     517.500  3923.500     1.5038E+00
     518.500  3923.500     1.7010E+00
     519.500  3923.500     1.8447E+00
     520.500  3923.500     1.8674E+00
     521.500  3923.500     1.6975E+00
     522.500  3923.500     1.3903E+00
     523.500  3923.500     1.0766E+00
     524.500  3923.500     8.1790E-01
     525.500  3923.500     6.1509E-01
     526.500  3923.500     4.3146E-01
     527.500  3923.500     4.7202E-01
     528.500  3923.500     5.2388E-01
     529.500  3923.500     1.3335E-01
     530.500  3923.500     7.8010E-05
     531.500  3923.500     2.9096E-06
     532.500  3923.500     2.8199E-07
     533.500  3923.500     0.0000E+00
     534.500  3923.500     0.0000E+00
     535.500  3923.500     0.0000E+00
     536.500  3923.500     0.0000E+00
     537.500  3923.500     0.0000E+00
     538.500  3923.500     0.0000E+00
     539.500  3923.500     0.0000E+00
     540.500  3923.500     0.0000E+00
     541.500  3923.500     0.0000E+00
     542.500  3923.500     0.0000E+00
     543.500  3923.500     0.0000E+00
     544.500  3923.500     0.0000E+00
     495.500  3924.500     5.1063E-02
     496.500  3924.500     6.1870E-02
     497.500  3924.500     7.5111E-02
     498.500  3924.500     8.8888E-02
     499.500  3924.500     1.0658E-01
     500.500  3924.500     1.2517E-01
     501.500  3924.500     1.4637E-01
     502.500  3924.500     1.7150E-01
     503.500  3924.500     1.9777E-01
     504.500  3924.500     2.2935E-01
     505.500  3924.500     2.6374E-01
     506.500  3924.500     3.0422E-01
     507.500  3924.500     3.4860E-01
     508.500  3924.500     3.9981E-01
     509.500  3924.500     4.5744E-01
     510.500  3924.500     5.2622E-01
     511.500  3924.500     6.0521E-01
     512.500  3924.500     6.9787E-01
     513.500  3924.500     8.0854E-01
     514.500  3924.500     9.4858E-01
     515.500  3924.500     1.1216E+00
     516.500  3924.500     1.3278E+00
     517.500  3924.500     1.5787E+00
     518.500  3924.500     1.8505E+00
     519.500  3924.500     2.1118E+00
     520.500  3924.500     2.2524E+00
     521.500  3924.500     2.1371E+00
     522.500  3924.500     1.7803E+00
     523.500  3924.500     1.3490E+00
     524.500  3924.500     1.0139E+00
     525.500  3924.500     7.0892E-01
     526.500  3924.500     4.3893E-01
     527.500  3924.500     2.2124E-01
     528.500  3924.500     9.2343E-02
     529.500  3924.500     1.5576E-01
     530.500  3924.500     9.9929E-04
     531.500  3924.500     9.3190E-02
     532.500  3924.500     7.0964E-07
     533.500  3924.500     0.0000E+00
     534.500  3924.500     0.0000E+00
     535.500  3924.500     0.0000E+00
     536.500  3924.500     0.0000E+00
     537.500  3924.500     0.0000E+00
     538.500  3924.500     0.0000E+00
     539.500  3924.500     0.0000E+00
     540.500  3924.500     0.0000E+00
     541.500  3924.500     0.0000E+00
     542.500  3924.500     0.0000E+00
     543.500  3924.500     0.0000E+00
     544.500  3924.500     0.0000E+00
     495.500  3925.500     4.2068E-02
     496.500  3925.500     5.0614E-02
     497.500  3925.500     6.2861E-02
     498.500  3925.500     7.4748E-02
     499.500  3925.500     9.0715E-02
     500.500  3925.500     1.0672E-01
     501.500  3925.500     1.2659E-01
     502.500  3925.500     1.4822E-01
     503.500  3925.500     1.7255E-01
     504.500  3925.500     2.0083E-01
     505.500  3925.500     2.3175E-01
     506.500  3925.500     2.6781E-01
     507.500  3925.500     3.0917E-01
     508.500  3925.500     3.5683E-01
     509.500  3925.500     4.1431E-01
     510.500  3925.500     4.7738E-01
     511.500  3925.500     5.5486E-01
     512.500  3925.500     6.5208E-01
     513.500  3925.500     7.6638E-01
     514.500  3925.500     9.0756E-01
     515.500  3925.500     1.0862E+00
     516.500  3925.500     1.3194E+00
     517.500  3925.500     1.6052E+00
     518.500  3925.500     1.9587E+00
     519.500  3925.500     2.3530E+00
     520.500  3925.500     2.6772E+00
     521.500  3925.500     2.7583E+00
     522.500  3925.500     2.3920E+00
     523.500  3925.500     1.7781E+00
     524.500  3925.500     1.3240E+00
     525.500  3925.500     1.0079E+00
     526.500  3925.500     6.6174E-01
     527.500  3925.500     2.9823E-01
     528.500  3925.500     1.1721E-01
     529.500  3925.500     1.4149E-01
     530.500  3925.500     2.4431E-01
     531.500  3925.500     2.6864E-02
     532.500  3925.500     8.1046E-07
     533.500  3925.500     0.0000E+00
     534.500  3925.500     0.0000E+00
     535.500  3925.500     0.0000E+00
     536.500  3925.500     0.0000E+00
     537.500  3925.500     0.0000E+00
     538.500  3925.500     0.0000E+00
     539.500  3925.500     0.0000E+00
     540.500  3925.500     0.0000E+00
     541.500  3925.500     0.0000E+00
     542.500  3925.500     0.0000E+00
     543.500  3925.500     0.0000E+00
     544.500  3925.500     0.0000E+00
     495.500  3926.500     3.2744E-02
     496.500  3926.500     4.1391E-02
     497.500  3926.500     5.0239E-02
     498.500  3926.500     6.1425E-02
     499.500  3926.500     7.4695E-02
     500.500  3926.500     9.0828E-02
     501.500  3926.500     1.0741E-01
     502.500  3926.500     1.2617E-01
     503.500  3926.500     1.4865E-01
     504.500  3926.500     1.7248E-01
     505.500  3926.500     2.0110E-01
     506.500  3926.500     2.3347E-01
     507.500  3926.500     2.7202E-01
     508.500  3926.500     3.1618E-01
     509.500  3926.500     3.6801E-01
     510.500  3926.500     4.2770E-01
     511.500  3926.500     5.0449E-01
     512.500  3926.500     5.9704E-01
     513.500  3926.500     7.0929E-01
     514.500  3926.500     8.5169E-01
     515.500  3926.500     1.0395E+00
     516.500  3926.500     1.2754E+00
     517.500  3926.500     1.5855E+00
     518.500  3926.500     1.9884E+00
     519.500  3926.500     2.4929E+00
     520.500  3926.500     3.0744E+00
     521.500  3926.500     3.5302E+00
     522.500  3926.500     3.4616E+00
     523.500  3926.500     2.7434E+00
     524.500  3926.500     1.7963E+00
     525.500  3926.500     1.4952E+00
     526.500  3926.500     1.3931E+00
     527.500  3926.500     1.3758E+00
     528.500  3926.500     1.7006E+00
     529.500  3926.500     3.4147E+00
     530.500  3926.500     9.2629E+00
     531.500  3926.500     4.8344E+00
     532.500  3926.500     1.1603E+00
     533.500  3926.500     1.4147E+00
     534.500  3926.500     0.0000E+00
     535.500  3926.500     0.0000E+00
     536.500  3926.500     0.0000E+00
     537.500  3926.500     0.0000E+00
     538.500  3926.500     0.0000E+00
     539.500  3926.500     0.0000E+00
     540.500  3926.500     0.0000E+00
     541.500  3926.500     0.0000E+00
     542.500  3926.500     0.0000E+00
     543.500  3926.500     0.0000E+00
     544.500  3926.500     0.0000E+00
     495.500  3927.500     2.4611E-02
     496.500  3927.500     3.1732E-02
     497.500  3927.500     3.9184E-02
     498.500  3927.500     4.9110E-02
     499.500  3927.500     5.9474E-02
     500.500  3927.500     7.3352E-02
     501.500  3927.500     8.8122E-02
     502.500  3927.500     1.0619E-01
     503.500  3927.500     1.2509E-01
     504.500  3927.500     1.4667E-01
     505.500  3927.500     1.7226E-01
     506.500  3927.500     2.0053E-01
     507.500  3927.500     2.3536E-01
     508.500  3927.500     2.7493E-01
     509.500  3927.500     3.2181E-01
     510.500  3927.500     3.7760E-01
     511.500  3927.500     4.4983E-01
     512.500  3927.500     5.3775E-01
     513.500  3927.500     6.4644E-01
     514.500  3927.500     7.8393E-01
     515.500  3927.500     9.6433E-01
     516.500  3927.500     1.1952E+00
     517.500  3927.500     1.4997E+00
     518.500  3927.500     1.9240E+00
     519.500  3927.500     2.4961E+00
     520.500  3927.500     3.2464E+00
     521.500  3927.500     4.1342E+00
     522.500  3927.500     4.9020E+00
     523.500  3927.500     5.1026E+00
     524.500  3927.500     4.2462E+00
     525.500  3927.500     3.4407E+00
     526.500  3927.500     3.0275E+00
     527.500  3927.500     2.9035E+00
     528.500  3927.500     3.0559E+00
     529.500  3927.500     2.8229E+00
     530.500  3927.500     1.1644E+00
     531.500  3927.500     8.5191E-01
     532.500  3927.500     3.2601E-01
     533.500  3927.500     0.0000E+00
     534.500  3927.500     0.0000E+00
     535.500  3927.500     0.0000E+00
     536.500  3927.500     0.0000E+00
     537.500  3927.500     0.0000E+00
     538.500  3927.500     0.0000E+00
     539.500  3927.500     0.0000E+00
     540.500  3927.500     0.0000E+00
     541.500  3927.500     0.0000E+00
     542.500  3927.500     0.0000E+00
     543.500  3927.500     0.0000E+00
     544.500  3927.500     0.0000E+00
     495.500  3928.500     1.7987E-02
     496.500  3928.500     2.3161E-02
     497.500  3928.500     2.9747E-02
     498.500  3928.500     3.7191E-02
     499.500  3928.500     4.6667E-02
     500.500  3928.500     5.8063E-02
     501.500  3928.500     7.0006E-02
     502.500  3928.500     8.5925E-02
     503.500  3928.500     1.0320E-01
     504.500  3928.500     1.2162E-01
     505.500  3928.500     1.4427E-01
     506.500  3928.500     1.6822E-01
     507.500  3928.500     2.0042E-01
     508.500  3928.500     2.3420E-01
     509.500  3928.500     2.7746E-01
     510.500  3928.500     3.2849E-01
     511.500  3928.500     3.9364E-01
     512.500  3928.500     4.7409E-01
     513.500  3928.500     5.7637E-01
     514.500  3928.500     7.0060E-01
     515.500  3928.500     8.6232E-01
     516.500  3928.500     1.0830E+00
     517.500  3928.500     1.3615E+00
     518.500  3928.500     1.7578E+00
     519.500  3928.500     2.3031E+00
     520.500  3928.500     3.0795E+00
     521.500  3928.500     4.1160E+00
     522.500  3928.500     5.4171E+00
     523.500  3928.500     7.0859E+00
     524.500  3928.500     1.0311E+01
     525.500  3928.500     1.5823E+01
     526.500  3928.500     2.6176E+01
     527.500  3928.500     2.8491E+01
     528.500  3928.500     3.5292E+00
     529.500  3928.500     5.7349E-01
     530.500  3928.500     5.4853E-01
     531.500  3928.500     8.3850E-01
     532.500  3928.500     4.8358E-01
     533.500  3928.500     6.2891E-07
     534.500  3928.500     0.0000E+00
     535.500  3928.500     0.0000E+00
     536.500  3928.500     0.0000E+00
     537.500  3928.500     0.0000E+00
     538.500  3928.500     0.0000E+00
     539.500  3928.500     0.0000E+00
     540.500  3928.500     0.0000E+00
     541.500  3928.500     0.0000E+00
     542.500  3928.500     0.0000E+00
     543.500  3928.500     0.0000E+00
     544.500  3928.500     0.0000E+00
     495.500  3929.500     1.1689E-02
     496.500  3929.500     1.7152E-02
     497.500  3929.500     2.1562E-02
     498.500  3929.500     2.8422E-02
     499.500  3929.500     3.5328E-02
     500.500  3929.500     4.4201E-02
     501.500  3929.500     5.4723E-02
     502.500  3929.500     6.7053E-02
     503.500  3929.500     8.1873E-02
     504.500  3929.500     9.7134E-02
     505.500  3929.500     1.1780E-01
     506.500  3929.500     1.3810E-01
     507.500  3929.500     1.6755E-01
     508.500  3929.500     1.9616E-01
     509.500  3929.500     2.3573E-01
     510.500  3929.500     2.8125E-01
     511.500  3929.500     3.3801E-01
     512.500  3929.500     4.0953E-01
     513.500  3929.500     4.9741E-01
     514.500  3929.500     6.0487E-01
     515.500  3929.500     7.4981E-01
     516.500  3929.500     9.3386E-01
     517.500  3929.500     1.1734E+00
     518.500  3929.500     1.5042E+00
     519.500  3929.500     1.9504E+00
     520.500  3929.500     2.5659E+00
     521.500  3929.500     3.3745E+00
     522.500  3929.500     4.3209E+00
     523.500  3929.500     5.3212E+00
     524.500  3929.500     6.1362E+00
     525.500  3929.500     5.3172E+00
     526.500  3929.500     2.8103E+00
     527.500  3929.500     1.4900E+00
     528.500  3929.500     1.0560E+00
     529.500  3929.500     1.3992E+00
     530.500  3929.500     2.1413E+00
     531.500  3929.500     2.1502E-01
     532.500  3929.500     6.2525E-01
     533.500  3929.500     1.5939E-06
     534.500  3929.500     0.0000E+00
     535.500  3929.500     0.0000E+00
     536.500  3929.500     0.0000E+00
     537.500  3929.500     0.0000E+00
     538.500  3929.500     0.0000E+00
     539.500  3929.500     0.0000E+00
     540.500  3929.500     0.0000E+00
     541.500  3929.500     0.0000E+00
     542.500  3929.500     0.0000E+00
     543.500  3929.500     0.0000E+00
     544.500  3929.500     0.0000E+00
     495.500  3930.500     6.7576E-03
     496.500  3930.500     1.0769E-02
     497.500  3930.500     1.4627E-02
     498.500  3930.500     1.9320E-02
     499.500  3930.500     2.6032E-02
     500.500  3930.500     3.1669E-02
     501.500  3930.500     4.1354E-02
     502.500  3930.500     4.9211E-02
     503.500  3930.500     6.3505E-02
     504.500  3930.500     7.5867E-02
     505.500  3930.500     9.4593E-02
     506.500  3930.500     1.1191E-01
     507.500  3930.500     1.3696E-01
     508.500  3930.500     1.6162E-01
     509.500  3930.500     1.9496E-01
     510.500  3930.500     2.3366E-01
     511.500  3930.500     2.8273E-01
     512.500  3930.500     3.4170E-01
     513.500  3930.500     4.1816E-01
     514.500  3930.500     5.0995E-01
     515.500  3930.500     6.2886E-01
     516.500  3930.500     7.6985E-01
     517.500  3930.500     9.6015E-01
     518.500  3930.500     1.1922E+00
     519.500  3930.500     1.5146E+00
     520.500  3930.500     1.8835E+00
     521.500  3930.500     2.3076E+00
     522.500  3930.500     2.6058E+00
     523.500  3930.500     2.5414E+00
     524.500  3930.500     1.8346E+00
     525.500  3930.500     1.1909E+00
     526.500  3930.500     1.1334E+00
     527.500  3930.500     1.1431E+00
     528.500  3930.500     1.2780E+00
     529.500  3930.500     1.1745E+00
     530.500  3930.500     2.8399E-01
     531.500  3930.500     2.9881E-01
     532.500  3930.500     2.5172E-02
     533.500  3930.500     5.1256E-02
     534.500  3930.500     1.8616E-02
     535.500  3930.500     1.7922E-02
     536.500  3930.500     0.0000E+00
     537.500  3930.500     0.0000E+00
     538.500  3930.500     0.0000E+00
     539.500  3930.500     0.0000E+00
     540.500  3930.500     0.0000E+00
     541.500  3930.500     0.0000E+00
     542.500  3930.500     0.0000E+00
     543.500  3930.500     0.0000E+00
     544.500  3930.500     0.0000E+00
     495.500  3931.500     3.2340E-03
     496.500  3931.500     5.5167E-03
     497.500  3931.500     9.1577E-03
     498.500  3931.500     1.3031E-02
     499.500  3931.500     1.7646E-02
     500.500  3931.500     2.3163E-02
     501.500  3931.500     2.9624E-02
     502.500  3931.500     3.7101E-02
     503.500  3931.500     4.6521E-02
     504.500  3931.500     5.7896E-02
     505.500  3931.500     7.1383E-02
     506.500  3931.500     8.9066E-02
     507.500  3931.500     1.0530E-01
     508.500  3931.500     1.3168E-01
     509.500  3931.500     1.5657E-01
     510.500  3931.500     1.9202E-01
     511.500  3931.500     2.3149E-01
     512.500  3931.500     2.8112E-01
     513.500  3931.500     3.3755E-01
     514.500  3931.500     4.1180E-01
     515.500  3931.500     5.0155E-01
     516.500  3931.500     6.0579E-01
     517.500  3931.500     7.4510E-01
     518.500  3931.500     8.9880E-01
     519.500  3931.500     1.0670E+00
     520.500  3931.500     1.2638E+00
     521.500  3931.500     1.3784E+00
     522.500  3931.500     1.3324E+00
     523.500  3931.500     1.0466E+00
     524.500  3931.500     7.7751E-01
     525.500  3931.500     7.4353E-01
     526.500  3931.500     7.1573E-01
     527.500  3931.500     6.5349E-01
     528.500  3931.500     5.3400E-01
     529.500  3931.500     6.9757E-01
     530.500  3931.500     1.2200E+00
     531.500  3931.500     1.0694E+00
     532.500  3931.500     5.8852E-02
     533.500  3931.500     2.2248E-02
     534.500  3931.500     1.0420E-03
     535.500  3931.500     0.0000E+00
     536.500  3931.500     0.0000E+00
     537.500  3931.500     0.0000E+00
     538.500  3931.500     0.0000E+00
     539.500  3931.500     0.0000E+00
     540.500  3931.500     0.0000E+00
     541.500  3931.500     0.0000E+00
     542.500  3931.500     0.0000E+00
     543.500  3931.500     0.0000E+00
     544.500  3931.500     0.0000E+00
     495.500  3932.500     4.5129E-04
     496.500  3932.500     2.3022E-03
     497.500  3932.500     4.1885E-03
     498.500  3932.500     7.5242E-03
     499.500  3932.500     1.0637E-02
     500.500  3932.500     1.4776E-02
     501.500  3932.500     1.9803E-02
     502.500  3932.500     2.5840E-02
     503.500  3932.500     3.2109E-02
     504.500  3932.500     4.4195E-02
     505.500  3932.500     5.2551E-02
     506.500  3932.500     6.8474E-02
     507.500  3932.500     8.1869E-02
     508.500  3932.500     1.0406E-01
     509.500  3932.500     1.2298E-01
     510.500  3932.500     1.5147E-01
     511.500  3932.500     1.8246E-01
     512.500  3932.500     2.2109E-01
     513.500  3932.500     2.6572E-01
     514.500  3932.500     3.2625E-01
     515.500  3932.500     3.8072E-01
     516.500  3932.500     4.6383E-01
     517.500  3932.500     5.4221E-01
     518.500  3932.500     6.3451E-01
     519.500  3932.500     7.2259E-01
     520.500  3932.500     7.6863E-01
     521.500  3932.500     7.5525E-01
     522.500  3932.500     6.4745E-01
     523.500  3932.500     4.8770E-01
     524.500  3932.500     4.5107E-01
     525.500  3932.500     4.2885E-01
     526.500  3932.500     3.8495E-01
     527.500  3932.500     3.5429E-01
     528.500  3932.500     3.6927E-01
     529.500  3932.500     4.3208E-01
     530.500  3932.500     3.1048E-01
     531.500  3932.500     2.2037E-02
     532.500  3932.500     4.5023E-03
     533.500  3932.500     0.0000E+00
     534.500  3932.500     0.0000E+00
     535.500  3932.500     0.0000E+00
     536.500  3932.500     0.0000E+00
     537.500  3932.500     0.0000E+00
     538.500  3932.500     0.0000E+00
     539.500  3932.500     0.0000E+00
     540.500  3932.500     0.0000E+00
     541.500  3932.500     0.0000E+00
     542.500  3932.500     0.0000E+00
     543.500  3932.500     0.0000E+00
     544.500  3932.500     0.0000E+00
     495.500  3933.500     8.5016E-05
     496.500  3933.500     3.1456E-04
     497.500  3933.500     1.8170E-03
     498.500  3933.500     3.0190E-03
     499.500  3933.500     6.0655E-03
     500.500  3933.500     8.4349E-03
     501.500  3933.500     1.2796E-02
     502.500  3933.500     1.6301E-02
     503.500  3933.500     2.3032E-02
     504.500  3933.500     2.8779E-02
     505.500  3933.500     3.9246E-02
     506.500  3933.500     4.6725E-02
     507.500  3933.500     6.2899E-02
     508.500  3933.500     7.3717E-02
     509.500  3933.500     9.5714E-02
     510.500  3933.500     1.1433E-01
     511.500  3933.500     1.4170E-01
     512.500  3933.500     1.6788E-01
     513.500  3933.500     2.0510E-01
     514.500  3933.500     2.3845E-01
     515.500  3933.500     2.8784E-01
     516.500  3933.500     3.2935E-01
     517.500  3933.500     3.8121E-01
     518.500  3933.500     4.2572E-01
     519.500  3933.500     4.4484E-01
     520.500  3933.500     4.4647E-01
     521.500  3933.500     4.0312E-01
     522.500  3933.500     3.1895E-01
     523.500  3933.500     2.7096E-01
     524.500  3933.500     2.5459E-01
     525.500  3933.500     2.2489E-01
     526.500  3933.500     1.9288E-01
     527.500  3933.500     1.7439E-01
     528.500  3933.500     1.4549E-01
     529.500  3933.500     6.6714E-02
     530.500  3933.500     2.5063E-02
     531.500  3933.500     1.2457E-01
     532.500  3933.500     2.9817E-02
     533.500  3933.500     3.9713E-02
     534.500  3933.500     0.0000E+00
     535.500  3933.500     0.0000E+00
     536.500  3933.500     0.0000E+00
     537.500  3933.500     0.0000E+00
     538.500  3933.500     0.0000E+00
     539.500  3933.500     0.0000E+00
     540.500  3933.500     0.0000E+00
     541.500  3933.500     0.0000E+00
     542.500  3933.500     0.0000E+00
     543.500  3933.500     0.0000E+00
     544.500  3933.500     0.0000E+00
     495.500  3934.500     9.4403E-06
     496.500  3934.500     2.4285E-05
     497.500  3934.500     2.1453E-04
     498.500  3934.500     1.0079E-03
     499.500  3934.500     2.8263E-03
     500.500  3934.500     4.3583E-03
     501.500  3934.500     7.1805E-03
     502.500  3934.500     1.0387E-02
     503.500  3934.500     1.4308E-02
     504.500  3934.500     2.0170E-02
     505.500  3934.500     2.6620E-02
     506.500  3934.500     3.4514E-02
     507.500  3934.500     4.2760E-02
     508.500  3934.500     5.5888E-02
     509.500  3934.500     6.8493E-02
     510.500  3934.500     8.6822E-02
     511.500  3934.500     1.0209E-01
     512.500  3934.500     1.2440E-01
     513.500  3934.500     1.4632E-01
     514.500  3934.500     1.7537E-01
     515.500  3934.500     1.9795E-01
     516.500  3934.500     2.3102E-01
     517.500  3934.500     2.5228E-01
     518.500  3934.500     2.6408E-01
     519.500  3934.500     2.6646E-01
     520.500  3934.500     2.5464E-01
     521.500  3934.500     2.1225E-01
     522.500  3934.500     1.6619E-01
     523.500  3934.500     1.5374E-01
     524.500  3934.500     1.3530E-01
     525.500  3934.500     1.0939E-01
     526.500  3934.500     9.1285E-02
     527.500  3934.500     7.6824E-02
     528.500  3934.500     5.0995E-02
     529.500  3934.500     3.3579E-02
     530.500  3934.500     3.7904E-02
     531.500  3934.500     1.3106E-02
     532.500  3934.500     2.5043E-03
     533.500  3934.500     0.0000E+00
     534.500  3934.500     0.0000E+00
     535.500  3934.500     0.0000E+00
     536.500  3934.500     0.0000E+00
     537.500  3934.500     0.0000E+00
     538.500  3934.500     0.0000E+00
     539.500  3934.500     0.0000E+00
     540.500  3934.500     0.0000E+00
     541.500  3934.500     0.0000E+00
     542.500  3934.500     0.0000E+00
     543.500  3934.500     0.0000E+00
     544.500  3934.500     0.0000E+00
     495.500  3935.500     1.1767E-07
     496.500  3935.500     2.2082E-06
     497.500  3935.500     1.8801E-05
     498.500  3935.500     1.2188E-04
     499.500  3935.500     8.6069E-04
     500.500  3935.500     2.2259E-03
     501.500  3935.500     3.7068E-03
     502.500  3935.500     5.7959E-03
     503.500  3935.500     9.1060E-03
     504.500  3935.500     1.2392E-02
     505.500  3935.500     1.6550E-02
     506.500  3935.500     2.3109E-02
     507.500  3935.500     2.9925E-02
     508.500  3935.500     3.8670E-02
     509.500  3935.500     4.8607E-02
     510.500  3935.500     5.9240E-02
     511.500  3935.500     7.4473E-02
     512.500  3935.500     8.6124E-02
     513.500  3935.500     1.0440E-01
     514.500  3935.500     1.2022E-01
     515.500  3935.500     1.3835E-01
     516.500  3935.500     1.5067E-01
     517.500  3935.500     1.5555E-01
     518.500  3935.500     1.5973E-01
     519.500  3935.500     1.5618E-01
     520.500  3935.500     1.3573E-01
     521.500  3935.500     1.0912E-01
     522.500  3935.500     9.4477E-02
     523.500  3935.500     8.3662E-02
     524.500  3935.500     6.6811E-02
     525.500  3935.500     5.2508E-02
     526.500  3935.500     4.2319E-02
     527.500  3935.500     3.1997E-02
     528.500  3935.500     1.8374E-02
     529.500  3935.500     8.0587E-03
     530.500  3935.500     2.5435E-03
     531.500  3935.500     1.8714E-04
     532.500  3935.500     0.0000E+00
     533.500  3935.500     0.0000E+00
     534.500  3935.500     0.0000E+00
     535.500  3935.500     0.0000E+00
     536.500  3935.500     0.0000E+00
     537.500  3935.500     0.0000E+00
     538.500  3935.500     0.0000E+00
     539.500  3935.500     0.0000E+00
     540.500  3935.500     0.0000E+00
     541.500  3935.500     0.0000E+00
     542.500  3935.500     0.0000E+00
     543.500  3935.500     0.0000E+00
     544.500  3935.500     0.0000E+00
     495.500  3936.500     0.0000E+00
     496.500  3936.500     0.0000E+00
     497.500  3936.500     3.4656E-06
     498.500  3936.500     2.6238E-05
     499.500  3936.500     1.1210E-04
     500.500  3936.500     6.0386E-04
     501.500  3936.500     1.8123E-03
     502.500  3936.500     2.9058E-03
     503.500  3936.500     4.3098E-03
     504.500  3936.500     7.1820E-03
     505.500  3936.500     1.0473E-02
     506.500  3936.500     1.4184E-02
     507.500  3936.500     2.0017E-02
     508.500  3936.500     2.5615E-02
     509.500  3936.500     3.1469E-02
     510.500  3936.500     4.0157E-02
     511.500  3936.500     4.9763E-02
     512.500  3936.500     5.7746E-02
     513.500  3936.500     6.8046E-02
     514.500  3936.500     7.7801E-02
     515.500  3936.500     8.5891E-02
     516.500  3936.500     8.9290E-02
     517.500  3936.500     9.1861E-02
     518.500  3936.500     9.5115E-02
     519.500  3936.500     8.5182E-02
     520.500  3936.500     7.2272E-02
     521.500  3936.500     5.9057E-02
     522.500  3936.500     5.2138E-02
     523.500  3936.500     4.3038E-02
     524.500  3936.500     3.2964E-02
     525.500  3936.500     2.4795E-02
     526.500  3936.500     1.9747E-02
     527.500  3936.500     1.2808E-02
     528.500  3936.500     5.9315E-03
     529.500  3936.500     1.8218E-03
     530.500  3936.500     2.3633E-04
     531.500  3936.500     1.3913E-06
     532.500  3936.500     0.0000E+00
     533.500  3936.500     0.0000E+00
     534.500  3936.500     0.0000E+00
     535.500  3936.500     0.0000E+00
     536.500  3936.500     0.0000E+00
     537.500  3936.500     0.0000E+00
     538.500  3936.500     0.0000E+00
     539.500  3936.500     0.0000E+00
     540.500  3936.500     0.0000E+00
     541.500  3936.500     0.0000E+00
     542.500  3936.500     0.0000E+00
     543.500  3936.500     0.0000E+00
     544.500  3936.500     0.0000E+00
     495.500  3937.500     0.0000E+00
     496.500  3937.500     0.0000E+00
     497.500  3937.500     0.0000E+00
     498.500  3937.500     3.1982E-06
     499.500  3937.500     3.6203E-05
     500.500  3937.500     1.2192E-04
     501.500  3937.500     3.6259E-04
     502.500  3937.500     8.3738E-04
     503.500  3937.500     2.1271E-03
     504.500  3937.500     3.5360E-03
     505.500  3937.500     6.2208E-03
     506.500  3937.500     7.4546E-03
     507.500  3937.500     1.1204E-02
     508.500  3937.500     1.6540E-02
     509.500  3937.500     2.0151E-02
     510.500  3937.500     2.4141E-02
     511.500  3937.500     3.2085E-02
     512.500  3937.500     3.5565E-02
     513.500  3937.500     4.0694E-02
     514.500  3937.500     4.6940E-02
     515.500  3937.500     5.0469E-02
     516.500  3937.500     5.2211E-02
     517.500  3937.500     5.4045E-02
     518.500  3937.500     4.9836E-02
     519.500  3937.500     4.4679E-02
     520.500  3937.500     3.6411E-02
     521.500  3937.500     3.2896E-02
     522.500  3937.500     2.7755E-02
     523.500  3937.500     2.1557E-02
     524.500  3937.500     1.5866E-02
     525.500  3937.500     1.2191E-02
     526.500  3937.500     8.8593E-03
     527.500  3937.500     4.9682E-03
     528.500  3937.500     1.8871E-03
     529.500  3937.500     3.8703E-04
     530.500  3937.500     3.4908E-05
     531.500  3937.500     0.0000E+00
     532.500  3937.500     0.0000E+00
     533.500  3937.500     0.0000E+00
     534.500  3937.500     0.0000E+00
     535.500  3937.500     0.0000E+00
     536.500  3937.500     0.0000E+00
     537.500  3937.500     0.0000E+00
     538.500  3937.500     0.0000E+00
     539.500  3937.500     0.0000E+00
     540.500  3937.500     0.0000E+00
     541.500  3937.500     0.0000E+00
     542.500  3937.500     0.0000E+00
     543.500  3937.500     0.0000E+00
     544.500  3937.500     0.0000E+00
     495.500  3938.500     0.0000E+00
     496.500  3938.500     0.0000E+00
     497.500  3938.500     0.0000E+00
     498.500  3938.500     0.0000E+00
     499.500  3938.500     3.1251E-06
     500.500  3938.500     2.9706E-05
     501.500  3938.500     1.0523E-04
     502.500  3938.500     2.7591E-04
     503.500  3938.500     6.8062E-04
     504.500  3938.500     1.5618E-03
     505.500  3938.500     2.6761E-03
     506.500  3938.500     3.6783E-03
     507.500  3938.500     6.0781E-03
     508.500  3938.500     8.9887E-03
     509.500  3938.500     1.0529E-02
     510.500  3938.500     1.5474E-02
     511.500  3938.500     1.7000E-02
     512.500  3938.500     1.9732E-02
     513.500  3938.500     2.3221E-02
     514.500  3938.500     2.7044E-02
     515.500  3938.500     2.7733E-02
     516.500  3938.500     2.8806E-02
     517.500  3938.500     2.6954E-02
     518.500  3938.500     2.5713E-02
     519.500  3938.500     2.2038E-02
     520.500  3938.500     2.0272E-02
     521.500  3938.500     1.7775E-02
     522.500  3938.500     1.4474E-02
     523.500  3938.500     1.1160E-02
     524.500  3938.500     8.0224E-03
     525.500  3938.500     6.0808E-03
     526.500  3938.500     3.9013E-03
     527.500  3938.500     1.8505E-03
     528.500  3938.500     4.7787E-04
     529.500  3938.500     1.0554E-04
     530.500  3938.500     5.4437E-06
     531.500  3938.500     0.0000E+00
     532.500  3938.500     0.0000E+00
     533.500  3938.500     0.0000E+00
     534.500  3938.500     0.0000E+00
     535.500  3938.500     0.0000E+00
     536.500  3938.500     0.0000E+00
     537.500  3938.500     0.0000E+00
     538.500  3938.500     0.0000E+00
     539.500  3938.500     0.0000E+00
     540.500  3938.500     0.0000E+00
     541.500  3938.500     0.0000E+00
     542.500  3938.500     0.0000E+00
     543.500  3938.500     0.0000E+00
     544.500  3938.500     0.0000E+00
     495.500  3939.500     0.0000E+00
     496.500  3939.500     0.0000E+00
     497.500  3939.500     0.0000E+00
     498.500  3939.500     0.0000E+00
     499.500  3939.500     0.0000E+00
     500.500  3939.500     2.3399E-06
     501.500  3939.500     2.3069E-05
     502.500  3939.500     1.0537E-04
     503.500  3939.500     1.8039E-04
     504.500  3939.500     4.5242E-04
     505.500  3939.500     7.3506E-04
     506.500  3939.500     1.7796E-03
     507.500  3939.500     2.7605E-03
     508.500  3939.500     3.6284E-03
     509.500  3939.500     5.6135E-03
     510.500  3939.500     6.9056E-03
     511.500  3939.500     8.4217E-03
     512.500  3939.500     1.1736E-02
     513.500  3939.500     1.2737E-02
     514.500  3939.500     1.3319E-02
     515.500  3939.500     1.3655E-02
     516.500  3939.500     1.3214E-02
     517.500  3939.500     1.3170E-02
     518.500  3939.500     1.2132E-02
     519.500  3939.500     1.2063E-02
     520.500  3939.500     1.0808E-02
     521.500  3939.500     9.2182E-03
     522.500  3939.500     7.4703E-03
     523.500  3939.500     5.3683E-03
     524.500  3939.500     4.1008E-03
     525.500  3939.500     2.8589E-03
     526.500  3939.500     1.6144E-03
     527.500  3939.500     5.3167E-04
     528.500  3939.500     1.2663E-04
     529.500  3939.500     2.6745E-05
     530.500  3939.500     0.0000E+00
     531.500  3939.500     0.0000E+00
     532.500  3939.500     0.0000E+00
     533.500  3939.500     0.0000E+00
     534.500  3939.500     0.0000E+00
     535.500  3939.500     0.0000E+00
     536.500  3939.500     0.0000E+00
     537.500  3939.500     0.0000E+00
     538.500  3939.500     0.0000E+00
     539.500  3939.500     0.0000E+00
     540.500  3939.500     0.0000E+00
     541.500  3939.500     0.0000E+00
     542.500  3939.500     0.0000E+00
     543.500  3939.500     0.0000E+00
     544.500  3939.500     0.0000E+00
     495.500  3940.500     0.0000E+00
     496.500  3940.500     0.0000E+00
     497.500  3940.500     0.0000E+00
     498.500  3940.500     0.0000E+00
     499.500  3940.500     0.0000E+00
     500.500  3940.500     0.0000E+00
     501.500  3940.500     0.0000E+00
     502.500  3940.500     1.0440E-05
     503.500  3940.500     4.8985E-05
     504.500  3940.500     1.4954E-04
     505.500  3940.500     3.0418E-04
     506.500  3940.500     6.0046E-04
     507.500  3940.500     8.9330E-04
     508.500  3940.500     1.2156E-03
     509.500  3940.500     2.3006E-03
     510.500  3940.500     2.7683E-03
     511.500  3940.500     3.7355E-03
     512.500  3940.500     4.5358E-03
     513.500  3940.500     5.2090E-03
     514.500  3940.500     6.0417E-03
     515.500  3940.500     6.3542E-03
     516.500  3940.500     6.3223E-03
     517.500  3940.500     6.6824E-03
     518.500  3940.500     6.6705E-03
     519.500  3940.500     6.1339E-03
     520.500  3940.500     5.4784E-03
     521.500  3940.500     4.6960E-03
     522.500  3940.500     3.7454E-03
     523.500  3940.500     2.6991E-03
     524.500  3940.500     1.9867E-03
     525.500  3940.500     1.2283E-03
     526.500  3940.500     5.5326E-04
     527.500  3940.500     1.0694E-04
     528.500  3940.500     4.1247E-05
     529.500  3940.500     4.5019E-06
     530.500  3940.500     0.0000E+00
     531.500  3940.500     0.0000E+00
     532.500  3940.500     0.0000E+00
     533.500  3940.500     0.0000E+00
     534.500  3940.500     0.0000E+00
     535.500  3940.500     0.0000E+00
     536.500  3940.500     0.0000E+00
     537.500  3940.500     0.0000E+00
     538.500  3940.500     0.0000E+00
     539.500  3940.500     0.0000E+00
     540.500  3940.500     0.0000E+00
     541.500  3940.500     0.0000E+00
     542.500  3940.500     0.0000E+00
     543.500  3940.500     0.0000E+00
     544.500  3940.500     0.0000E+00
     495.500  3941.500     0.0000E+00
     496.500  3941.500     0.0000E+00
     497.500  3941.500     0.0000E+00
     498.500  3941.500     0.0000E+00
     499.500  3941.500     0.0000E+00
     500.500  3941.500     0.0000E+00
     501.500  3941.500     0.0000E+00
     502.500  3941.500     0.0000E+00
     503.500  3941.500     9.1809E-06
     504.500  3941.500     2.8161E-05
     505.500  3941.500     1.2664E-04
     506.500  3941.500     2.3610E-04
     507.500  3941.500     3.3353E-04
     508.500  3941.500     6.2551E-04
     509.500  3941.500     9.2791E-04
     510.500  3941.500     1.2160E-03
     511.500  3941.500     1.5929E-03
     512.500  3941.500     2.0431E-03
     513.500  3941.500     2.4159E-03
     514.500  3941.500     2.7841E-03
     515.500  3941.500     2.9460E-03
     516.500  3941.500     3.3778E-03
     517.500  3941.500     3.5940E-03
     518.500  3941.500     3.4023E-03
     519.500  3941.500     3.1184E-03
     520.500  3941.500     2.8221E-03
     521.500  3941.500     2.3726E-03
     522.500  3941.500     1.8172E-03
     523.500  3941.500     1.3125E-03
     524.500  3941.500     8.8885E-04
     525.500  3941.500     4.4926E-04
     526.500  3941.500     9.5514E-05
     527.500  3941.500     3.4109E-05
     528.500  3941.500     1.1050E-05
     529.500  3941.500     0.0000E+00
     530.500  3941.500     0.0000E+00
     531.500  3941.500     0.0000E+00
     532.500  3941.500     0.0000E+00
     533.500  3941.500     0.0000E+00
     534.500  3941.500     0.0000E+00
     535.500  3941.500     0.0000E+00
     536.500  3941.500     0.0000E+00
     537.500  3941.500     0.0000E+00
     538.500  3941.500     0.0000E+00
     539.500  3941.500     0.0000E+00
     540.500  3941.500     0.0000E+00
     541.500  3941.500     0.0000E+00
     542.500  3941.500     0.0000E+00
     543.500  3941.500     0.0000E+00
     544.500  3941.500     0.0000E+00
     495.500  3942.500     0.0000E+00
     496.500  3942.500     0.0000E+00
     497.500  3942.500     0.0000E+00
     498.500  3942.500     0.0000E+00
     499.500  3942.500     0.0000E+00
     500.500  3942.500     0.0000E+00
     501.500  3942.500     0.0000E+00
     502.500  3942.500     0.0000E+00
     503.500  3942.500     0.0000E+00
     504.500  3942.500     1.0960E-06
     505.500  3942.500     1.3231E-05
     506.500  3942.500     3.8277E-05
     507.500  3942.500     1.3471E-04
     508.500  3942.500     2.3650E-04
     509.500  3942.500     3.4910E-04
     510.500  3942.500     5.8866E-04
     511.500  3942.500     7.4673E-04
     512.500  3942.500     1.0337E-03
     513.500  3942.500     1.2808E-03
     514.500  3942.500     1.4070E-03
     515.500  3942.500     1.6285E-03
     516.500  3942.500     1.8009E-03
     517.500  3942.500     1.7672E-03
     518.500  3942.500     1.6502E-03
     519.500  3942.500     1.5372E-03
     520.500  3942.500     1.3942E-03
     521.500  3942.500     1.1454E-03
     522.500  3942.500     8.4955E-04
     523.500  3942.500     5.5449E-04
     524.500  3942.500     3.3532E-04
     525.500  3942.500     1.0277E-04
     526.500  3942.500     2.7273E-05
     527.500  3942.500     1.1057E-05
     528.500  3942.500     1.6323E-06
     529.500  3942.500     0.0000E+00
     530.500  3942.500     0.0000E+00
     531.500  3942.500     0.0000E+00
     532.500  3942.500     0.0000E+00
     533.500  3942.500     0.0000E+00
     534.500  3942.500     0.0000E+00
     535.500  3942.500     0.0000E+00
     536.500  3942.500     0.0000E+00
     537.500  3942.500     0.0000E+00
     538.500  3942.500     0.0000E+00
     539.500  3942.500     0.0000E+00
     540.500  3942.500     0.0000E+00
     541.500  3942.500     0.0000E+00
     542.500  3942.500     0.0000E+00
     543.500  3942.500     0.0000E+00
     544.500  3942.500     0.0000E+00
     495.500  3943.500     0.0000E+00
     496.500  3943.500     0.0000E+00
     497.500  3943.500     0.0000E+00
     498.500  3943.500     0.0000E+00
     499.500  3943.500     0.0000E+00
     500.500  3943.500     0.0000E+00
     501.500  3943.500     0.0000E+00
     502.500  3943.500     0.0000E+00
     503.500  3943.500     0.0000E+00
     504.500  3943.500     0.0000E+00
     505.500  3943.500     3.0968E-07
     506.500  3943.500     7.1222E-06
     507.500  3943.500     1.3458E-05
     508.500  3943.500     4.8711E-05
     509.500  3943.500     9.9186E-05
     510.500  3943.500     1.6805E-04
     511.500  3943.500     2.8275E-04
     512.500  3943.500     4.2375E-04
     513.500  3943.500     4.9143E-04
     514.500  3943.500     6.1352E-04
     515.500  3943.500     7.7111E-04
     516.500  3943.500     7.9752E-04
     517.500  3943.500     7.7660E-04
     518.500  3943.500     7.8303E-04
     519.500  3943.500     7.2214E-04
     520.500  3943.500     5.9817E-04
     521.500  3943.500     4.9052E-04
     522.500  3943.500     3.4147E-04
     523.500  3943.500     2.2879E-04
     524.500  3943.500     1.0526E-04
     525.500  3943.500     1.6656E-05
     526.500  3943.500     8.8997E-06
     527.500  3943.500     2.3996E-06
     528.500  3943.500     0.0000E+00
     529.500  3943.500     0.0000E+00
     530.500  3943.500     0.0000E+00
     531.500  3943.500     0.0000E+00
     532.500  3943.500     0.0000E+00
     533.500  3943.500     0.0000E+00
     534.500  3943.500     0.0000E+00
     535.500  3943.500     0.0000E+00
     536.500  3943.500     0.0000E+00
     537.500  3943.500     0.0000E+00
     538.500  3943.500     0.0000E+00
     539.500  3943.500     0.0000E+00
     540.500  3943.500     0.0000E+00
     541.500  3943.500     0.0000E+00
     542.500  3943.500     0.0000E+00
     543.500  3943.500     0.0000E+00
     544.500  3943.500     0.0000E+00
     495.500  3944.500     0.0000E+00
     496.500  3944.500     0.0000E+00
     497.500  3944.500     0.0000E+00
     498.500  3944.500     0.0000E+00
     499.500  3944.500     0.0000E+00
     500.500  3944.500     0.0000E+00
     501.500  3944.500     0.0000E+00
     502.500  3944.500     0.0000E+00
     503.500  3944.500     0.0000E+00
     504.500  3944.500     0.0000E+00
     505.500  3944.500     0.0000E+00
     506.500  3944.500     0.0000E+00
     507.500  3944.500     1.4419E-06
     508.500  3944.500     6.3513E-06
     509.500  3944.500     1.1714E-05
     510.500  3944.500     2.2564E-05
     511.500  3944.500     5.6025E-05
     512.500  3944.500     9.2951E-05
     513.500  3944.500     1.2850E-04
     514.500  3944.500     1.8929E-04
     515.500  3944.500     1.9719E-04
     516.500  3944.500     2.2582E-04
     517.500  3944.500     2.6402E-04
     518.500  3944.500     2.9219E-04
     519.500  3944.500     2.8327E-04
     520.500  3944.500     2.3312E-04
     521.500  3944.500     1.7576E-04
     522.500  3944.500     1.2038E-04
     523.500  3944.500     7.7220E-05
     524.500  3944.500     2.3524E-05
     525.500  3944.500     4.7163E-06
     526.500  3944.500     1.4613E-06
     527.500  3944.500     0.0000E+00
     528.500  3944.500     0.0000E+00
     529.500  3944.500     0.0000E+00
     530.500  3944.500     0.0000E+00
     531.500  3944.500     0.0000E+00
     532.500  3944.500     0.0000E+00
     533.500  3944.500     0.0000E+00
     534.500  3944.500     0.0000E+00
     535.500  3944.500     0.0000E+00
     536.500  3944.500     0.0000E+00
     537.500  3944.500     0.0000E+00
     538.500  3944.500     0.0000E+00
     539.500  3944.500     0.0000E+00
     540.500  3944.500     0.0000E+00
     541.500  3944.500     0.0000E+00
     542.500  3944.500     0.0000E+00
     543.500  3944.500     0.0000E+00
     544.500  3944.500     0.0000E+00
     495.500  3945.500     0.0000E+00
     496.500  3945.500     0.0000E+00
     497.500  3945.500     0.0000E+00
     498.500  3945.500     0.0000E+00
     499.500  3945.500     0.0000E+00
     500.500  3945.500     0.0000E+00
     501.500  3945.500     0.0000E+00
     502.500  3945.500     0.0000E+00
     503.500  3945.500     0.0000E+00
     504.500  3945.500     0.0000E+00
     505.500  3945.500     0.0000E+00
     506.500  3945.500     0.0000E+00
     507.500  3945.500     0.0000E+00
     508.500  3945.500     0.0000E+00
     509.500  3945.500     1.4981E-06
     510.500  3945.500     3.4908E-06
     511.500  3945.500     7.1721E-06
     512.500  3945.500     1.1191E-05
     513.500  3945.500     1.7736E-05
     514.500  3945.500     2.1339E-05
     515.500  3945.500     2.6686E-05
     516.500  3945.500     5.3305E-05
     517.500  3945.500     7.4489E-05
     518.500  3945.500     6.9588E-05
     519.500  3945.500     5.5721E-05
     520.500  3945.500     4.4810E-05
     521.500  3945.500     3.2734E-05
     522.500  3945.500     2.2233E-05
     523.500  3945.500     4.1242E-06
     524.500  3945.500     1.9318E-06
     525.500  3945.500     5.0858E-07
     526.500  3945.500     0.0000E+00
     527.500  3945.500     0.0000E+00
     528.500  3945.500     0.0000E+00
     529.500  3945.500     0.0000E+00
     530.500  3945.500     0.0000E+00
     531.500  3945.500     0.0000E+00
     532.500  3945.500     0.0000E+00
     533.500  3945.500     0.0000E+00
     534.500  3945.500     0.0000E+00
     535.500  3945.500     0.0000E+00
     536.500  3945.500     0.0000E+00
     537.500  3945.500     0.0000E+00
     538.500  3945.500     0.0000E+00
     539.500  3945.500     0.0000E+00
     540.500  3945.500     0.0000E+00
     541.500  3945.500     0.0000E+00
     542.500  3945.500     0.0000E+00
     543.500  3945.500     0.0000E+00
     544.500  3945.500     0.0000E+00
     495.500  3946.500     0.0000E+00
     496.500  3946.500     0.0000E+00
     497.500  3946.500     0.0000E+00
     498.500  3946.500     0.0000E+00
     499.500  3946.500     0.0000E+00
     500.500  3946.500     0.0000E+00
     501.500  3946.500     0.0000E+00
     502.500  3946.500     0.0000E+00
     503.500  3946.500     0.0000E+00
     504.500  3946.500     0.0000E+00
     505.500  3946.500     0.0000E+00
     506.500  3946.500     0.0000E+00
     507.500  3946.500     0.0000E+00
     508.500  3946.500     0.0000E+00
     509.500  3946.500     0.0000E+00
     510.500  3946.500     0.0000E+00
     511.500  3946.500     8.3277E-07
     512.500  3946.500     1.5644E-06
     513.500  3946.500     2.5112E-06
     514.500  3946.500     3.4873E-06
     515.500  3946.500     4.4249E-06
     516.500  3946.500     5.9625E-06
     517.500  3946.500     5.6205E-06
     518.500  3946.500     5.3544E-06
     519.500  3946.500     5.5665E-06
     520.500  3946.500     3.6388E-06
     521.500  3946.500     2.0464E-06
     522.500  3946.500     1.6799E-06
     523.500  3946.500     7.6698E-07
     524.500  3946.500     0.0000E+00
     525.500  3946.500     0.0000E+00
     526.500  3946.500     0.0000E+00
     527.500  3946.500     0.0000E+00
     528.500  3946.500     0.0000E+00
     529.500  3946.500     0.0000E+00
     530.500  3946.500     0.0000E+00
     531.500  3946.500     0.0000E+00
     532.500  3946.500     0.0000E+00
     533.500  3946.500     0.0000E+00
     534.500  3946.500     0.0000E+00
     535.500  3946.500     0.0000E+00
     536.500  3946.500     0.0000E+00
     537.500  3946.500     0.0000E+00
     538.500  3946.500     0.0000E+00
     539.500  3946.500     0.0000E+00
     540.500  3946.500     0.0000E+00
     541.500  3946.500     0.0000E+00
     542.500  3946.500     0.0000E+00
     543.500  3946.500     0.0000E+00
     544.500  3946.500     0.0000E+00
     495.500  3947.500     0.0000E+00
     496.500  3947.500     0.0000E+00
     497.500  3947.500     0.0000E+00
     498.500  3947.500     0.0000E+00
     499.500  3947.500     0.0000E+00
     500.500  3947.500     0.0000E+00
     501.500  3947.500     0.0000E+00
     502.500  3947.500     0.0000E+00
     503.500  3947.500     0.0000E+00
     504.500  3947.500     0.0000E+00
     505.500  3947.500     0.0000E+00
     506.500  3947.500     0.0000E+00
     507.500  3947.500     0.0000E+00
     508.500  3947.500     0.0000E+00
     509.500  3947.500     0.0000E+00
     510.500  3947.500     0.0000E+00
     511.500  3947.500     0.0000E+00
     512.500  3947.500     0.0000E+00
     513.500  3947.500     0.0000E+00
     514.500  3947.500     4.7257E-07
     515.500  3947.500     4.6436E-07
     516.500  3947.500     6.8584E-07
     517.500  3947.500     1.0539E-06
     518.500  3947.500     8.7144E-07
     519.500  3947.500     6.7421E-07
     520.500  3947.500     3.9408E-07
     521.500  3947.500     0.0000E+00
     522.500  3947.500     0.0000E+00
     523.500  3947.500     0.0000E+00
     524.500  3947.500     0.0000E+00
     525.500  3947.500     0.0000E+00
     526.500  3947.500     0.0000E+00
     527.500  3947.500     0.0000E+00
     528.500  3947.500     0.0000E+00
     529.500  3947.500     0.0000E+00
     530.500  3947.500     0.0000E+00
     531.500  3947.500     0.0000E+00
     532.500  3947.500     0.0000E+00
     533.500  3947.500     0.0000E+00
     534.500  3947.500     0.0000E+00
     535.500  3947.500     0.0000E+00
     536.500  3947.500     0.0000E+00
     537.500  3947.500     0.0000E+00
     538.500  3947.500     0.0000E+00
     539.500  3947.500     0.0000E+00
     540.500  3947.500     0.0000E+00
     541.500  3947.500     0.0000E+00
     542.500  3947.500     0.0000E+00
     543.500  3947.500     0.0000E+00
     544.500  3947.500     0.0000E+00
     495.500  3948.500     0.0000E+00
     496.500  3948.500     0.0000E+00
     497.500  3948.500     0.0000E+00
     498.500  3948.500     0.0000E+00
     499.500  3948.500     0.0000E+00
     500.500  3948.500     0.0000E+00
     501.500  3948.500     0.0000E+00
     502.500  3948.500     0.0000E+00
     503.500  3948.500     0.0000E+00
     504.500  3948.500     0.0000E+00
     505.500  3948.500     0.0000E+00
     506.500  3948.500     0.0000E+00
     507.500  3948.500     0.0000E+00
     508.500  3948.500     0.0000E+00
     509.500  3948.500     0.0000E+00
     510.500  3948.500     0.0000E+00
     511.500  3948.500     0.0000E+00
     512.500  3948.500     0.0000E+00
     513.500  3948.500     0.0000E+00
     514.500  3948.500     0.0000E+00
     515.500  3948.500     0.0000E+00
     516.500  3948.500     0.0000E+00
     517.500  3948.500     0.0000E+00
     518.500  3948.500     0.0000E+00
     519.500  3948.500     0.0000E+00
     520.500  3948.500     0.0000E+00
     521.500  3948.500     0.0000E+00
     522.500  3948.500     0.0000E+00
     523.500  3948.500     0.0000E+00
     524.500  3948.500     0.0000E+00
     525.500  3948.500     0.0000E+00
     526.500  3948.500     0.0000E+00
     527.500  3948.500     0.0000E+00
     528.500  3948.500     0.0000E+00
     529.500  3948.500     0.0000E+00
     530.500  3948.500     0.0000E+00
     531.500  3948.500     0.0000E+00
     532.500  3948.500     0.0000E+00
     533.500  3948.500     0.0000E+00
     534.500  3948.500     0.0000E+00
     535.500  3948.500     0.0000E+00
     536.500  3948.500     0.0000E+00
     537.500  3948.500     0.0000E+00
     538.500  3948.500     0.0000E+00
     539.500  3948.500     0.0000E+00
     540.500  3948.500     0.0000E+00
     541.500  3948.500     0.0000E+00
     542.500  3948.500     0.0000E+00
     543.500  3948.500     0.0000E+00
     544.500  3948.500     0.0000E+00
     495.500  3949.500     0.0000E+00
     496.500  3949.500     0.0000E+00
     497.500  3949.500     0.0000E+00
     498.500  3949.500     0.0000E+00
     499.500  3949.500     0.0000E+00
     500.500  3949.500     0.0000E+00
     501.500  3949.500     0.0000E+00
     502.500  3949.500     0.0000E+00
     503.500  3949.500     0.0000E+00
     504.500  3949.500     0.0000E+00
     505.500  3949.500     0.0000E+00
     506.500  3949.500     0.0000E+00
     507.500  3949.500     0.0000E+00
     508.500  3949.500     0.0000E+00
     509.500  3949.500     0.0000E+00
     510.500  3949.500     0.0000E+00
     511.500  3949.500     0.0000E+00
     512.500  3949.500     0.0000E+00
     513.500  3949.500     0.0000E+00
     514.500  3949.500     0.0000E+00
     515.500  3949.500     0.0000E+00
     516.500  3949.500     0.0000E+00
     517.500  3949.500     0.0000E+00
     518.500  3949.500     0.0000E+00
     519.500  3949.500     0.0000E+00
     520.500  3949.500     0.0000E+00
     521.500  3949.500     0.0000E+00
     522.500  3949.500     0.0000E+00
     523.500  3949.500     0.0000E+00
     524.500  3949.500     0.0000E+00
     525.500  3949.500     0.0000E+00
     526.500  3949.500     0.0000E+00
     527.500  3949.500     0.0000E+00
     528.500  3949.500     0.0000E+00
     529.500  3949.500     0.0000E+00
     530.500  3949.500     0.0000E+00
     531.500  3949.500     0.0000E+00
     532.500  3949.500     0.0000E+00
     533.500  3949.500     0.0000E+00
     534.500  3949.500     0.0000E+00
     535.500  3949.500     0.0000E+00
     536.500  3949.500     0.0000E+00
     537.500  3949.500     0.0000E+00
     538.500  3949.500     0.0000E+00
     539.500  3949.500     0.0000E+00
     540.500  3949.500     0.0000E+00
     541.500  3949.500     0.0000E+00
     542.500  3949.500     0.0000E+00
     543.500  3949.500     0.0000E+00
     544.500  3949.500     0.0000E+00
     495.500  3950.500     0.0000E+00
     496.500  3950.500     0.0000E+00
     497.500  3950.500     0.0000E+00
     498.500  3950.500     0.0000E+00
     499.500  3950.500     0.0000E+00
     500.500  3950.500     0.0000E+00
     501.500  3950.500     0.0000E+00
     502.500  3950.500     0.0000E+00
     503.500  3950.500     0.0000E+00
     504.500  3950.500     0.0000E+00
     505.500  3950.500     0.0000E+00
     506.500  3950.500     0.0000E+00
     507.500  3950.500     0.0000E+00
     508.500  3950.500     0.0000E+00
     509.500  3950.500     0.0000E+00
     510.500  3950.500     0.0000E+00
     511.500  3950.500     0.0000E+00
     512.500  3950.500     0.0000E+00
     513.500  3950.500     0.0000E+00
     514.500  3950.500     0.0000E+00
     515.500  3950.500     0.0000E+00
     516.500  3950.500     0.0000E+00
     517.500  3950.500     0.0000E+00
     518.500  3950.500     0.0000E+00
     519.500  3950.500     0.0000E+00
     520.500  3950.500     0.0000E+00
     521.500  3950.500     0.0000E+00
     522.500  3950.500     0.0000E+00
     523.500  3950.500     0.0000E+00
     524.500  3950.500     0.0000E+00
     525.500  3950.500     0.0000E+00
     526.500  3950.500     0.0000E+00
     527.500  3950.500     0.0000E+00
     528.500  3950.500     0.0000E+00
     529.500  3950.500     0.0000E+00
     530.500  3950.500     0.0000E+00
     531.500  3950.500     0.0000E+00
     532.500  3950.500     0.0000E+00
     533.500  3950.500     0.0000E+00
     534.500  3950.500     0.0000E+00
     535.500  3950.500     0.0000E+00
     536.500  3950.500     0.0000E+00
     537.500  3950.500     0.0000E+00
     538.500  3950.500     0.0000E+00
     539.500  3950.500     0.0000E+00
     540.500  3950.500     0.0000E+00
     541.500  3950.500     0.0000E+00
     542.500  3950.500     0.0000E+00
     543.500  3950.500     0.0000E+00
     544.500  3950.500     0.0000E+00
     495.500  3951.500     0.0000E+00
     496.500  3951.500     0.0000E+00
     497.500  3951.500     0.0000E+00
     498.500  3951.500     0.0000E+00
     499.500  3951.500     0.0000E+00
     500.500  3951.500     0.0000E+00
     501.500  3951.500     0.0000E+00
     502.500  3951.500     0.0000E+00
     503.500  3951.500     0.0000E+00
     504.500  3951.500     0.0000E+00
     505.500  3951.500     0.0000E+00
     506.500  3951.500     0.0000E+00
     507.500  3951.500     0.0000E+00
     508.500  3951.500     0.0000E+00
     509.500  3951.500     0.0000E+00
     510.500  3951.500     0.0000E+00
     511.500  3951.500     0.0000E+00
     512.500  3951.500     0.0000E+00
     513.500  3951.500     0.0000E+00
     514.500  3951.500     0.0000E+00
     515.500  3951.500     0.0000E+00
     516.500  3951.500     0.0000E+00
     517.500  3951.500     0.0000E+00
     518.500  3951.500     0.0000E+00
     519.500  3951.500     0.0000E+00
     520.500  3951.500     0.0000E+00
     521.500  3951.500     0.0000E+00
     522.500  3951.500     0.0000E+00
     523.500  3951.500     0.0000E+00
     524.500  3951.500     0.0000E+00
     525.500  3951.500     0.0000E+00
     526.500  3951.500     0.0000E+00
     527.500  3951.500     0.0000E+00
     528.500  3951.500     0.0000E+00
     529.500  3951.500     0.0000E+00
     530.500  3951.500     0.0000E+00
     531.500  3951.500     0.0000E+00
     532.500  3951.500     0.0000E+00
     533.500  3951.500     0.0000E+00
     534.500  3951.500     0.0000E+00
     535.500  3951.500     0.0000E+00
     536.500  3951.500     0.0000E+00
     537.500  3951.500     0.0000E+00
     538.500  3951.500     0.0000E+00
     539.500  3951.500     0.0000E+00
     540.500  3951.500     0.0000E+00
     541.500  3951.500     0.0000E+00
     542.500  3951.500     0.0000E+00
     543.500  3951.500     0.0000E+00
     544.500  3951.500     0.0000E+00
     495.500  3952.500     0.0000E+00
     496.500  3952.500     0.0000E+00
     497.500  3952.500     0.0000E+00
     498.500  3952.500     0.0000E+00
     499.500  3952.500     0.0000E+00
     500.500  3952.500     0.0000E+00
     501.500  3952.500     0.0000E+00
     502.500  3952.500     0.0000E+00
     503.500  3952.500     0.0000E+00
     504.500  3952.500     0.0000E+00
     505.500  3952.500     0.0000E+00
     506.500  3952.500     0.0000E+00
     507.500  3952.500     0.0000E+00
     508.500  3952.500     0.0000E+00
     509.500  3952.500     0.0000E+00
     510.500  3952.500     0.0000E+00
     511.500  3952.500     0.0000E+00
     512.500  3952.500     0.0000E+00
     513.500  3952.500     0.0000E+00
     514.500  3952.500     0.0000E+00
     515.500  3952.500     0.0000E+00
     516.500  3952.500     0.0000E+00
     517.500  3952.500     0.0000E+00
     518.500  3952.500     0.0000E+00
     519.500  3952.500     0.0000E+00
     520.500  3952.500     0.0000E+00
     521.500  3952.500     0.0000E+00
     522.500  3952.500     0.0000E+00
     523.500  3952.500     0.0000E+00
     524.500  3952.500     0.0000E+00
     525.500  3952.500     0.0000E+00
     526.500  3952.500     0.0000E+00
     527.500  3952.500     0.0000E+00
     528.500  3952.500     0.0000E+00
     529.500  3952.500     0.0000E+00
     530.500  3952.500     0.0000E+00
     531.500  3952.500     0.0000E+00
     532.500  3952.500     0.0000E+00
     533.500  3952.500     0.0000E+00
     534.500  3952.500     0.0000E+00
     535.500  3952.500     0.0000E+00
     536.500  3952.500     0.0000E+00
     537.500  3952.500     0.0000E+00
     538.500  3952.500     0.0000E+00
     539.500  3952.500     0.0000E+00
     540.500  3952.500     0.0000E+00
     541.500  3952.500     0.0000E+00
     542.500  3952.500     0.0000E+00
     543.500  3952.500     0.0000E+00
     544.500  3952.500     0.0000E+00
     495.500  3953.500     0.0000E+00
     496.500  3953.500     0.0000E+00
     497.500  3953.500     0.0000E+00
     498.500  3953.500     0.0000E+00
     499.500  3953.500     0.0000E+00
     500.500  3953.500     0.0000E+00
     501.500  3953.500     0.0000E+00
     502.500  3953.500     0.0000E+00
     503.500  3953.500     0.0000E+00
     504.500  3953.500     0.0000E+00
     505.500  3953.500     0.0000E+00
     506.500  3953.500     0.0000E+00
     507.500  3953.500     0.0000E+00
     508.500  3953.500     0.0000E+00
     509.500  3953.500     0.0000E+00
     510.500  3953.500     0.0000E+00
     511.500  3953.500     0.0000E+00
     512.500  3953.500     0.0000E+00
     513.500  3953.500     0.0000E+00
     514.500  3953.500     0.0000E+00
     515.500  3953.500     0.0000E+00
     516.500  3953.500     0.0000E+00
     517.500  3953.500     0.0000E+00
     518.500  3953.500     0.0000E+00
     519.500  3953.500     0.0000E+00
     520.500  3953.500     0.0000E+00
     521.500  3953.500     0.0000E+00
     522.500  3953.500     0.0000E+00
     523.500  3953.500     0.0000E+00
     524.500  3953.500     0.0000E+00
     525.500  3953.500     0.0000E+00
     526.500  3953.500     0.0000E+00
     527.500  3953.500     0.0000E+00
     528.500  3953.500     0.0000E+00
     529.500  3953.500     0.0000E+00
     530.500  3953.500     0.0000E+00
     531.500  3953.500     0.0000E+00
     532.500  3953.500     0.0000E+00
     533.500  3953.500     0.0000E+00
     534.500  3953.500     0.0000E+00
     535.500  3953.500     0.0000E+00
     536.500  3953.500     0.0000E+00
     537.500  3953.500     0.0000E+00
     538.500  3953.500     0.0000E+00
     539.500  3953.500     0.0000E+00
     540.500  3953.500     0.0000E+00
     541.500  3953.500     0.0000E+00
     542.500  3953.500     0.0000E+00
     543.500  3953.500     0.0000E+00
     544.500  3953.500     0.0000E+00
     495.500  3954.500     0.0000E+00
     496.500  3954.500     0.0000E+00
     497.500  3954.500     0.0000E+00
     498.500  3954.500     0.0000E+00
     499.500  3954.500     0.0000E+00
     500.500  3954.500     0.0000E+00
     501.500  3954.500     0.0000E+00
     502.500  3954.500     0.0000E+00
     503.500  3954.500     0.0000E+00
     504.500  3954.500     0.0000E+00
     505.500  3954.500     0.0000E+00
     506.500  3954.500     0.0000E+00
     507.500  3954.500     0.0000E+00
     508.500  3954.500     0.0000E+00
     509.500  3954.500     0.0000E+00
     510.500  3954.500     0.0000E+00
     511.500  3954.500     0.0000E+00
     512.500  3954.500     0.0000E+00
     513.500  3954.500     0.0000E+00
     514.500  3954.500     0.0000E+00
     515.500  3954.500     0.0000E+00
     516.500  3954.500     0.0000E+00
     517.500  3954.500     0.0000E+00
     518.500  3954.500     0.0000E+00
     519.500  3954.500     0.0000E+00
     520.500  3954.500     0.0000E+00
     521.500  3954.500     0.0000E+00
     522.500  3954.500     0.0000E+00
     523.500  3954.500     0.0000E+00
     524.500  3954.500     0.0000E+00
     525.500  3954.500     0.0000E+00
     526.500  3954.500     0.0000E+00
     527.500  3954.500     0.0000E+00
     528.500  3954.500     0.0000E+00
     529.500  3954.500     0.0000E+00
     530.500  3954.500     0.0000E+00
     531.500  3954.500     0.0000E+00
     532.500  3954.500     0.0000E+00
     533.500  3954.500     0.0000E+00
     534.500  3954.500     0.0000E+00
     535.500  3954.500     0.0000E+00
     536.500  3954.500     0.0000E+00
     537.500  3954.500     0.0000E+00
     538.500  3954.500     0.0000E+00
     539.500  3954.500     0.0000E+00
     540.500  3954.500     0.0000E+00
     541.500  3954.500     0.0000E+00
     542.500  3954.500     0.0000E+00
     543.500  3954.500     0.0000E+00
     544.500  3954.500     0.0000E+00
     523.642  3934.174     1.8299E-01
     533.661  3935.153     0.0000E+00
     534.934  3933.278     0.0000E+00
     537.941  3928.923     0.0000E+00
     539.209  3926.428     0.0000E+00
     530.687  3933.234     1.6913E-02
     528.743  3936.682     3.6367E-03
     529.379  3937.549     4.1675E-04
     527.900  3932.391     3.7358E-01
     529.626  3931.465     7.1503E-01
     530.937  3931.355     1.2390E+00
     534.513  3928.843     0.0000E+00
     530.716  3928.240     5.2768E-01
     527.755  3927.782     2.9620E+01
     530.426  3921.802     2.5733E-01
     528.551  3921.285     1.5463E-01
     529.374  3937.537     4.3190E-04
