        1   HOUR AVERAGE  CONCENTRATION VALUES AT EACH RECEPTOR  (ug/m**3)    

                   PM2.5         1

     RECEPTOR (x,y) km      VALUE
 
     495.500  3905.500     1.0686E-02
     496.500  3905.500     1.1462E-02
     497.500  3905.500     1.1673E-02
     498.500  3905.500     1.1292E-02
     499.500  3905.500     1.1097E-02
     500.500  3905.500     1.0848E-02
     501.500  3905.500     1.0448E-02
     502.500  3905.500     1.0397E-02
     503.500  3905.500     1.0037E-02
     504.500  3905.500     9.5067E-03
     505.500  3905.500     9.0133E-03
     506.500  3905.500     8.4674E-03
     507.500  3905.500     7.8491E-03
     508.500  3905.500     7.1329E-03
     509.500  3905.500     6.5024E-03
     510.500  3905.500     6.3526E-03
     511.500  3905.500     6.3237E-03
     512.500  3905.500     5.9369E-03
     513.500  3905.500     5.5198E-03
     514.500  3905.500     5.2932E-03
     515.500  3905.500     4.9397E-03
     516.500  3905.500     4.6455E-03
     517.500  3905.500     4.3566E-03
     518.500  3905.500     3.9074E-03
     519.500  3905.500     3.4933E-03
     520.500  3905.500     3.1244E-03
     521.500  3905.500     2.7012E-03
     522.500  3905.500     2.4430E-03
     523.500  3905.500     2.1699E-03
     524.500  3905.500     1.9044E-03
     525.500  3905.500     1.6891E-03
     526.500  3905.500     1.5105E-03
     527.500  3905.500     1.3885E-03
     528.500  3905.500     1.2628E-03
     529.500  3905.500     1.2878E-03
     530.500  3905.500     1.3143E-03
     531.500  3905.500     1.4380E-03
     532.500  3905.500     1.6588E-03
     533.500  3905.500     1.9245E-03
     534.500  3905.500     2.2144E-03
     535.500  3905.500     2.4941E-03
     536.500  3905.500     2.7507E-03
     537.500  3905.500     2.9683E-03
     538.500  3905.500     3.1262E-03
     539.500  3905.500     3.2212E-03
     540.500  3905.500     3.2857E-03
     541.500  3905.500     3.2642E-03
     542.500  3905.500     3.2330E-03
     543.500  3905.500     3.1574E-03
     544.500  3905.500     3.0187E-03
     495.500  3906.500     1.2002E-02
     496.500  3906.500     1.3034E-02
     497.500  3906.500     1.3252E-02
     498.500  3906.500     1.2648E-02
     499.500  3906.500     1.2788E-02
     500.500  3906.500     1.2457E-02
     501.500  3906.500     1.2120E-02
     502.500  3906.500     1.2079E-02
     503.500  3906.500     1.1993E-02
     504.500  3906.500     1.1426E-02
     505.500  3906.500     1.0885E-02
     506.500  3906.500     1.0222E-02
     507.500  3906.500     9.4997E-03
     508.500  3906.500     8.8474E-03
     509.500  3906.500     8.6125E-03
     510.500  3906.500     8.7740E-03
     511.500  3906.500     8.4432E-03
     512.500  3906.500     7.7010E-03
     513.500  3906.500     7.3590E-03
     514.500  3906.500     6.8094E-03
     515.500  3906.500     6.3702E-03
     516.500  3906.500     5.9648E-03
     517.500  3906.500     5.5340E-03
     518.500  3906.500     4.9890E-03
     519.500  3906.500     4.3888E-03
     520.500  3906.500     3.9128E-03
     521.500  3906.500     3.5527E-03
     522.500  3906.500     3.1536E-03
     523.500  3906.500     2.7430E-03
     524.500  3906.500     2.4527E-03
     525.500  3906.500     2.1498E-03
     526.500  3906.500     2.0064E-03
     527.500  3906.500     1.7842E-03
     528.500  3906.500     1.7692E-03
     529.500  3906.500     1.7266E-03
     530.500  3906.500     1.8425E-03
     531.500  3906.500     2.0384E-03
     532.500  3906.500     2.3503E-03
     533.500  3906.500     2.7161E-03
     534.500  3906.500     3.0708E-03
     535.500  3906.500     3.4493E-03
     536.500  3906.500     3.7924E-03
     537.500  3906.500     4.0892E-03
     538.500  3906.500     4.2730E-03
     539.500  3906.500     4.3200E-03
     540.500  3906.500     4.3802E-03
     541.500  3906.500     4.3489E-03
     542.500  3906.500     4.2143E-03
     543.500  3906.500     4.0138E-03
     544.500  3906.500     3.8482E-03
     495.500  3907.500     1.3372E-02
     496.500  3907.500     1.4269E-02
     497.500  3907.500     1.4288E-02
     498.500  3907.500     1.4771E-02
     499.500  3907.500     1.4635E-02
     500.500  3907.500     1.4290E-02
     501.500  3907.500     1.4040E-02
     502.500  3907.500     1.3822E-02
     503.500  3907.500     1.4235E-02
     504.500  3907.500     1.4231E-02
     505.500  3907.500     1.3579E-02
     506.500  3907.500     1.2499E-02
     507.500  3907.500     1.2166E-02
     508.500  3907.500     1.2140E-02
     509.500  3907.500     1.2824E-02
     510.500  3907.500     1.2173E-02
     511.500  3907.500     1.1137E-02
     512.500  3907.500     1.0153E-02
     513.500  3907.500     9.2206E-03
     514.500  3907.500     8.5017E-03
     515.500  3907.500     7.9921E-03
     516.500  3907.500     7.4968E-03
     517.500  3907.500     6.9290E-03
     518.500  3907.500     6.2145E-03
     519.500  3907.500     5.5160E-03
     520.500  3907.500     4.9081E-03
     521.500  3907.500     4.5765E-03
     522.500  3907.500     4.0930E-03
     523.500  3907.500     3.6705E-03
     524.500  3907.500     3.2040E-03
     525.500  3907.500     2.7662E-03
     526.500  3907.500     2.5409E-03
     527.500  3907.500     2.3314E-03
     528.500  3907.500     2.3471E-03
     529.500  3907.500     2.3570E-03
     530.500  3907.500     2.5807E-03
     531.500  3907.500     2.8728E-03
     532.500  3907.500     3.3381E-03
     533.500  3907.500     3.8178E-03
     534.500  3907.500     4.3095E-03
     535.500  3907.500     4.8211E-03
     536.500  3907.500     5.4324E-03
     537.500  3907.500     5.6722E-03
     538.500  3907.500     5.9931E-03
     539.500  3907.500     6.1155E-03
     540.500  3907.500     5.9883E-03
     541.500  3907.500     5.7704E-03
     542.500  3907.500     5.5581E-03
     543.500  3907.500     5.2004E-03
     544.500  3907.500     4.8732E-03
     495.500  3908.500     1.4204E-02
     496.500  3908.500     1.5565E-02
     497.500  3908.500     1.6349E-02
     498.500  3908.500     1.7876E-02
     499.500  3908.500     1.6633E-02
     500.500  3908.500     1.6592E-02
     501.500  3908.500     1.6457E-02
     502.500  3908.500     1.6311E-02
     503.500  3908.500     1.8277E-02
     504.500  3908.500     1.7933E-02
     505.500  3908.500     1.6363E-02
     506.500  3908.500     1.6149E-02
     507.500  3908.500     1.5975E-02
     508.500  3908.500     1.8167E-02
     509.500  3908.500     1.9536E-02
     510.500  3908.500     1.6667E-02
     511.500  3908.500     1.4669E-02
     512.500  3908.500     1.3044E-02
     513.500  3908.500     1.1849E-02
     514.500  3908.500     1.1183E-02
     515.500  3908.500     1.0518E-02
     516.500  3908.500     9.9575E-03
     517.500  3908.500     9.1095E-03
     518.500  3908.500     8.0795E-03
     519.500  3908.500     7.2834E-03
     520.500  3908.500     6.7129E-03
     521.500  3908.500     6.0624E-03
     522.500  3908.500     5.5570E-03
     523.500  3908.500     4.8195E-03
     524.500  3908.500     4.1481E-03
     525.500  3908.500     3.5771E-03
     526.500  3908.500     3.3678E-03
     527.500  3908.500     3.1956E-03
     528.500  3908.500     3.1833E-03
     529.500  3908.500     3.2917E-03
     530.500  3908.500     3.6314E-03
     531.500  3908.500     4.0715E-03
     532.500  3908.500     4.6537E-03
     533.500  3908.500     5.3517E-03
     534.500  3908.500     6.1926E-03
     535.500  3908.500     6.9711E-03
     536.500  3908.500     7.8047E-03
     537.500  3908.500     8.1513E-03
     538.500  3908.500     8.3649E-03
     539.500  3908.500     8.3097E-03
     540.500  3908.500     8.1906E-03
     541.500  3908.500     7.8563E-03
     542.500  3908.500     7.4515E-03
     543.500  3908.500     6.8609E-03
     544.500  3908.500     6.2722E-03
     495.500  3909.500     1.6670E-02
     496.500  3909.500     1.7499E-02
     497.500  3909.500     1.8189E-02
     498.500  3909.500     2.1138E-02
     499.500  3909.500     2.1457E-02
     500.500  3909.500     1.9188E-02
     501.500  3909.500     1.9167E-02
     502.500  3909.500     1.9126E-02
     503.500  3909.500     2.0181E-02
     504.500  3909.500     2.1423E-02
     505.500  3909.500     2.1956E-02
     506.500  3909.500     2.1383E-02
     507.500  3909.500     2.3417E-02
     508.500  3909.500     2.7850E-02
     509.500  3909.500     2.4982E-02
     510.500  3909.500     2.1160E-02
     511.500  3909.500     1.8673E-02
     512.500  3909.500     1.6514E-02
     513.500  3909.500     1.5078E-02
     514.500  3909.500     1.4362E-02
     515.500  3909.500     1.3530E-02
     516.500  3909.500     1.2742E-02
     517.500  3909.500     1.1635E-02
     518.500  3909.500     1.0497E-02
     519.500  3909.500     9.5981E-03
     520.500  3909.500     8.7435E-03
     521.500  3909.500     8.0167E-03
     522.500  3909.500     7.0829E-03
     523.500  3909.500     6.3221E-03
     524.500  3909.500     5.5899E-03
     525.500  3909.500     4.9190E-03
     526.500  3909.500     5.1104E-03
     527.500  3909.500     4.9268E-03
     528.500  3909.500     5.2092E-03
     529.500  3909.500     4.9790E-03
     530.500  3909.500     5.3997E-03
     531.500  3909.500     6.3034E-03
     532.500  3909.500     6.5765E-03
     533.500  3909.500     8.3084E-03
     534.500  3909.500     9.7755E-03
     535.500  3909.500     1.1040E-02
     536.500  3909.500     1.1575E-02
     537.500  3909.500     1.1688E-02
     538.500  3909.500     1.2048E-02
     539.500  3909.500     1.1462E-02
     540.500  3909.500     1.1001E-02
     541.500  3909.500     1.0478E-02
     542.500  3909.500     9.7610E-03
     543.500  3909.500     8.8321E-03
     544.500  3909.500     8.0675E-03
     495.500  3910.500     1.6705E-02
     496.500  3910.500     1.8738E-02
     497.500  3910.500     2.0391E-02
     498.500  3910.500     2.4209E-02
     499.500  3910.500     2.4955E-02
     500.500  3910.500     2.5889E-02
     501.500  3910.500     2.3119E-02
     502.500  3910.500     2.3263E-02
     503.500  3910.500     2.3908E-02
     504.500  3910.500     2.8036E-02
     505.500  3910.500     2.7908E-02
     506.500  3910.500     2.9405E-02
     507.500  3910.500     3.5903E-02
     508.500  3910.500     3.6423E-02
     509.500  3910.500     3.0134E-02
     510.500  3910.500     2.5986E-02
     511.500  3910.500     2.2973E-02
     512.500  3910.500     2.0830E-02
     513.500  3910.500     1.9235E-02
     514.500  3910.500     1.7887E-02
     515.500  3910.500     1.6943E-02
     516.500  3910.500     1.5967E-02
     517.500  3910.500     1.4521E-02
     518.500  3910.500     1.3208E-02
     519.500  3910.500     1.1940E-02
     520.500  3910.500     1.0867E-02
     521.500  3910.500     9.8151E-03
     522.500  3910.500     8.8934E-03
     523.500  3910.500     8.0469E-03
     524.500  3910.500     7.1691E-03
     525.500  3910.500     7.2486E-03
     526.500  3910.500     7.1732E-03
     527.500  3910.500     7.9367E-03
     528.500  3910.500     9.6901E-03
     529.500  3910.500     9.1160E-03
     530.500  3910.500     9.9033E-03
     531.500  3910.500     1.0840E-02
     532.500  3910.500     1.1951E-02
     533.500  3910.500     1.5118E-02
     534.500  3910.500     1.5653E-02
     535.500  3910.500     1.6930E-02
     536.500  3910.500     1.6753E-02
     537.500  3910.500     1.7406E-02
     538.500  3910.500     1.6950E-02
     539.500  3910.500     1.6501E-02
     540.500  3910.500     1.4831E-02
     541.500  3910.500     1.3835E-02
     542.500  3910.500     1.2675E-02
     543.500  3910.500     1.1631E-02
     544.500  3910.500     1.0329E-02
     495.500  3911.500     2.1219E-02
     496.500  3911.500     2.3312E-02
     497.500  3911.500     2.2593E-02
     498.500  3911.500     2.3762E-02
     499.500  3911.500     2.9255E-02
     500.500  3911.500     3.1206E-02
     501.500  3911.500     3.1636E-02
     502.500  3911.500     2.8027E-02
     503.500  3911.500     2.8127E-02
     504.500  3911.500     3.3716E-02
     505.500  3911.500     3.5512E-02
     506.500  3911.500     4.5021E-02
     507.500  3911.500     5.1500E-02
     508.500  3911.500     4.2464E-02
     509.500  3911.500     3.5958E-02
     510.500  3911.500     3.1443E-02
     511.500  3911.500     2.8046E-02
     512.500  3911.500     2.5577E-02
     513.500  3911.500     2.3647E-02
     514.500  3911.500     2.2264E-02
     515.500  3911.500     2.0990E-02
     516.500  3911.500     1.9523E-02
     517.500  3911.500     1.7643E-02
     518.500  3911.500     1.5986E-02
     519.500  3911.500     1.4377E-02
     520.500  3911.500     1.2995E-02
     521.500  3911.500     1.1717E-02
     522.500  3911.500     1.0874E-02
     523.500  3911.500     1.0099E-02
     524.500  3911.500     1.0311E-02
     525.500  3911.500     9.9699E-03
     526.500  3911.500     1.1672E-02
     527.500  3911.500     1.2996E-02
     528.500  3911.500     1.3950E-02
     529.500  3911.500     1.6179E-02
     530.500  3911.500     1.9250E-02
     531.500  3911.500     2.0783E-02
     532.500  3911.500     2.3815E-02
     533.500  3911.500     2.3417E-02
     534.500  3911.500     2.5228E-02
     535.500  3911.500     2.5192E-02
     536.500  3911.500     2.4494E-02
     537.500  3911.500     2.5038E-02
     538.500  3911.500     2.3429E-02
     539.500  3911.500     2.2421E-02
     540.500  3911.500     2.1302E-02
     541.500  3911.500     1.9271E-02
     542.500  3911.500     1.7038E-02
     543.500  3911.500     1.5095E-02
     544.500  3911.500     1.3303E-02
     495.500  3912.500     2.3454E-02
     496.500  3912.500     2.6835E-02
     497.500  3912.500     2.7680E-02
     498.500  3912.500     2.7293E-02
     499.500  3912.500     3.4845E-02
     500.500  3912.500     3.7115E-02
     501.500  3912.500     3.9422E-02
     502.500  3912.500     3.9459E-02
     503.500  3912.500     3.3648E-02
     504.500  3912.500     4.2189E-02
     505.500  3912.500     5.2543E-02
     506.500  3912.500     7.0032E-02
     507.500  3912.500     5.9582E-02
     508.500  3912.500     4.9613E-02
     509.500  3912.500     4.3066E-02
     510.500  3912.500     3.8044E-02
     511.500  3912.500     3.4282E-02
     512.500  3912.500     3.1331E-02
     513.500  3912.500     2.9091E-02
     514.500  3912.500     2.7257E-02
     515.500  3912.500     2.5522E-02
     516.500  3912.500     2.3320E-02
     517.500  3912.500     2.1038E-02
     518.500  3912.500     1.8782E-02
     519.500  3912.500     1.7080E-02
     520.500  3912.500     1.5465E-02
     521.500  3912.500     1.4120E-02
     522.500  3912.500     1.3032E-02
     523.500  3912.500     1.3592E-02
     524.500  3912.500     1.4983E-02
     525.500  3912.500     1.8088E-02
     526.500  3912.500     1.8217E-02
     527.500  3912.500     2.0769E-02
     528.500  3912.500     2.6330E-02
     529.500  3912.500     2.9408E-02
     530.500  3912.500     3.2103E-02
     531.500  3912.500     3.4943E-02
     532.500  3912.500     3.6221E-02
     533.500  3912.500     3.8930E-02
     534.500  3912.500     3.8144E-02
     535.500  3912.500     3.6889E-02
     536.500  3912.500     3.7431E-02
     537.500  3912.500     3.5256E-02
     538.500  3912.500     3.3857E-02
     539.500  3912.500     3.2635E-02
     540.500  3912.500     3.0234E-02
     541.500  3912.500     2.7247E-02
     542.500  3912.500     2.4912E-02
     543.500  3912.500     2.0011E-02
     544.500  3912.500     1.7391E-02
     495.500  3913.500     2.5935E-02
     496.500  3913.500     3.0327E-02
     497.500  3913.500     3.3709E-02
     498.500  3913.500     3.6311E-02
     499.500  3913.500     4.1056E-02
     500.500  3913.500     4.4324E-02
     501.500  3913.500     4.7581E-02
     502.500  3913.500     4.4951E-02
     503.500  3913.500     4.0730E-02
     504.500  3913.500     4.3803E-02
     505.500  3913.500     8.2395E-02
     506.500  3913.500     8.2479E-02
     507.500  3913.500     6.7515E-02
     508.500  3913.500     5.8237E-02
     509.500  3913.500     5.1305E-02
     510.500  3913.500     4.5896E-02
     511.500  3913.500     4.1558E-02
     512.500  3913.500     3.8203E-02
     513.500  3913.500     3.5486E-02
     514.500  3913.500     3.3101E-02
     515.500  3913.500     3.0309E-02
     516.500  3913.500     2.7452E-02
     517.500  3913.500     2.4467E-02
     518.500  3913.500     2.2146E-02
     519.500  3913.500     2.0024E-02
     520.500  3913.500     1.8357E-02
     521.500  3913.500     1.6996E-02
     522.500  3913.500     1.7735E-02
     523.500  3913.500     2.0567E-02
     524.500  3913.500     2.5057E-02
     525.500  3913.500     3.1606E-02
     526.500  3913.500     3.6959E-02
     527.500  3913.500     3.6478E-02
     528.500  3913.500     4.4715E-02
     529.500  3913.500     4.6658E-02
     530.500  3913.500     5.2473E-02
     531.500  3913.500     5.8212E-02
     532.500  3913.500     5.8268E-02
     533.500  3913.500     5.9342E-02
     534.500  3913.500     5.7694E-02
     535.500  3913.500     5.4524E-02
     536.500  3913.500     5.2570E-02
     537.500  3913.500     5.2654E-02
     538.500  3913.500     5.0231E-02
     539.500  3913.500     4.6765E-02
     540.500  3913.500     4.2422E-02
     541.500  3913.500     3.8944E-02
     542.500  3913.500     3.3246E-02
     543.500  3913.500     2.9526E-02
     544.500  3913.500     2.3852E-02
     495.500  3914.500     2.9088E-02
     496.500  3914.500     3.4448E-02
     497.500  3914.500     3.9271E-02
     498.500  3914.500     4.3803E-02
     499.500  3914.500     4.8151E-02
     500.500  3914.500     5.2844E-02
     501.500  3914.500     5.7471E-02
     502.500  3914.500     4.8216E-02
     503.500  3914.500     6.1958E-02
     504.500  3914.500     6.1844E-02
     505.500  3914.500     1.0698E-01
     506.500  3914.500     9.0300E-02
     507.500  3914.500     7.7333E-02
     508.500  3914.500     6.8286E-02
     509.500  3914.500     6.0915E-02
     510.500  3914.500     5.4884E-02
     511.500  3914.500     5.0059E-02
     512.500  3914.500     4.6187E-02
     513.500  3914.500     4.2692E-02
     514.500  3914.500     3.8900E-02
     515.500  3914.500     3.5244E-02
     516.500  3914.500     3.1597E-02
     517.500  3914.500     2.8518E-02
     518.500  3914.500     2.5847E-02
     519.500  3914.500     2.3661E-02
     520.500  3914.500     2.1808E-02
     521.500  3914.500     2.2714E-02
     522.500  3914.500     2.9313E-02
     523.500  3914.500     3.6603E-02
     524.500  3914.500     4.8282E-02
     525.500  3914.500     5.7003E-02
     526.500  3914.500     6.2682E-02
     527.500  3914.500     6.7324E-02
     528.500  3914.500     7.6650E-02
     529.500  3914.500     8.5703E-02
     530.500  3914.500     8.4778E-02
     531.500  3914.500     8.3780E-02
     532.500  3914.500     8.2034E-02
     533.500  3914.500     8.2912E-02
     534.500  3914.500     8.3229E-02
     535.500  3914.500     8.1251E-02
     536.500  3914.500     7.8148E-02
     537.500  3914.500     7.4211E-02
     538.500  3914.500     7.2676E-02
     539.500  3914.500     6.8351E-02
     540.500  3914.500     6.1152E-02
     541.500  3914.500     5.4201E-02
     542.500  3914.500     4.7672E-02
     543.500  3914.500     3.8945E-02
     544.500  3914.500     3.2797E-02
     495.500  3915.500     3.2785E-02
     496.500  3915.500     3.8925E-02
     497.500  3915.500     4.5050E-02
     498.500  3915.500     5.0648E-02
     499.500  3915.500     5.6659E-02
     500.500  3915.500     6.3076E-02
     501.500  3915.500     6.9361E-02
     502.500  3915.500     7.2624E-02
     503.500  3915.500     9.5988E-02
     504.500  3915.500     1.0087E-01
     505.500  3915.500     1.1725E-01
     506.500  3915.500     1.0045E-01
     507.500  3915.500     8.8726E-02
     508.500  3915.500     7.9200E-02
     509.500  3915.500     7.1085E-02
     510.500  3915.500     6.4667E-02
     511.500  3915.500     6.0275E-02
     512.500  3915.500     5.6893E-02
     513.500  3915.500     5.3170E-02
     514.500  3915.500     5.0902E-02
     515.500  3915.500     4.7126E-02
     516.500  3915.500     4.5956E-02
     517.500  3915.500     4.2910E-02
     518.500  3915.500     3.9962E-02
     519.500  3915.500     3.7065E-02
     520.500  3915.500     3.5385E-02
     521.500  3915.500     4.2543E-02
     522.500  3915.500     5.5926E-02
     523.500  3915.500     7.0630E-02
     524.500  3915.500     8.1832E-02
     525.500  3915.500     9.1586E-02
     526.500  3915.500     1.0498E-01
     527.500  3915.500     1.1720E-01
     528.500  3915.500     1.2406E-01
     529.500  3915.500     1.2339E-01
     530.500  3915.500     1.1623E-01
     531.500  3915.500     1.1281E-01
     532.500  3915.500     1.1534E-01
     533.500  3915.500     1.1776E-01
     534.500  3915.500     1.1309E-01
     535.500  3915.500     1.1302E-01
     536.500  3915.500     1.1053E-01
     537.500  3915.500     1.0994E-01
     538.500  3915.500     1.0396E-01
     539.500  3915.500     9.9884E-02
     540.500  3915.500     9.0889E-02
     541.500  3915.500     7.7836E-02
     542.500  3915.500     6.8625E-02
     543.500  3915.500     5.6832E-02
     544.500  3915.500     4.4040E-02
     495.500  3916.500     3.6758E-02
     496.500  3916.500     4.4159E-02
     497.500  3916.500     5.1253E-02
     498.500  3916.500     5.8502E-02
     499.500  3916.500     6.6502E-02
     500.500  3916.500     7.4648E-02
     501.500  3916.500     8.2741E-02
     502.500  3916.500     9.3830E-02
     503.500  3916.500     1.7173E-01
     504.500  3916.500     1.3797E-01
     505.500  3916.500     1.2353E-01
     506.500  3916.500     1.1222E-01
     507.500  3916.500     1.0072E-01
     508.500  3916.500     9.0486E-02
     509.500  3916.500     8.3245E-02
     510.500  3916.500     7.8407E-02
     511.500  3916.500     7.6128E-02
     512.500  3916.500     7.1110E-02
     513.500  3916.500     6.9514E-02
     514.500  3916.500     6.7310E-02
     515.500  3916.500     6.7403E-02
     516.500  3916.500     6.7602E-02
     517.500  3916.500     6.6313E-02
     518.500  3916.500     6.5301E-02
     519.500  3916.500     6.3620E-02
     520.500  3916.500     6.6793E-02
     521.500  3916.500     8.1406E-02
     522.500  3916.500     9.9017E-02
     523.500  3916.500     1.1774E-01
     524.500  3916.500     1.3128E-01
     525.500  3916.500     1.4723E-01
     526.500  3916.500     1.5531E-01
     527.500  3916.500     1.7285E-01
     528.500  3916.500     1.6910E-01
     529.500  3916.500     1.6634E-01
     530.500  3916.500     1.5013E-01
     531.500  3916.500     1.5489E-01
     532.500  3916.500     1.5610E-01
     533.500  3916.500     1.5504E-01
     534.500  3916.500     1.5767E-01
     535.500  3916.500     1.5749E-01
     536.500  3916.500     1.6044E-01
     537.500  3916.500     1.6082E-01
     538.500  3916.500     1.5409E-01
     539.500  3916.500     1.4414E-01
     540.500  3916.500     1.3056E-01
     541.500  3916.500     1.1612E-01
     542.500  3916.500     9.8988E-02
     543.500  3916.500     7.8916E-02
     544.500  3916.500     6.2434E-02
     495.500  3917.500     4.1169E-02
     496.500  3917.500     4.9587E-02
     497.500  3917.500     5.8171E-02
     498.500  3917.500     6.7454E-02
     499.500  3917.500     7.7353E-02
     500.500  3917.500     8.7700E-02
     501.500  3917.500     9.8115E-02
     502.500  3917.500     1.7147E-01
     503.500  3917.500     1.9059E-01
     504.500  3917.500     1.5462E-01
     505.500  3917.500     1.3349E-01
     506.500  3917.500     1.2413E-01
     507.500  3917.500     1.1296E-01
     508.500  3917.500     1.0490E-01
     509.500  3917.500     1.0040E-01
     510.500  3917.500     9.7167E-02
     511.500  3917.500     9.4483E-02
     512.500  3917.500     9.4148E-02
     513.500  3917.500     9.2449E-02
     514.500  3917.500     9.3986E-02
     515.500  3917.500     9.7196E-02
     516.500  3917.500     9.7668E-02
     517.500  3917.500     9.8591E-02
     518.500  3917.500     9.8525E-02
     519.500  3917.500     1.0082E-01
     520.500  3917.500     1.1624E-01
     521.500  3917.500     1.4112E-01
     522.500  3917.500     1.6380E-01
     523.500  3917.500     1.7876E-01
     524.500  3917.500     2.0506E-01
     525.500  3917.500     2.2739E-01
     526.500  3917.500     1.9531E-01
     527.500  3917.500     2.0237E-01
     528.500  3917.500     1.9520E-01
     529.500  3917.500     1.9230E-01
     530.500  3917.500     2.0432E-01
     531.500  3917.500     2.2805E-01
     532.500  3917.500     2.0701E-01
     533.500  3917.500     2.0584E-01
     534.500  3917.500     2.1368E-01
     535.500  3917.500     2.2707E-01
     536.500  3917.500     2.2994E-01
     537.500  3917.500     2.2949E-01
     538.500  3917.500     2.1974E-01
     539.500  3917.500     2.1014E-01
     540.500  3917.500     1.8896E-01
     541.500  3917.500     1.6222E-01
     542.500  3917.500     1.3977E-01
     543.500  3917.500     1.0967E-01
     544.500  3917.500     9.1061E-02
     495.500  3918.500     4.5868E-02
     496.500  3918.500     5.5486E-02
     497.500  3918.500     6.5801E-02
     498.500  3918.500     7.7080E-02
     499.500  3918.500     8.9249E-02
     500.500  3918.500     1.0121E-01
     501.500  3918.500     1.4568E-01
     502.500  3918.500     2.3149E-01
     503.500  3918.500     1.8790E-01
     504.500  3918.500     1.6216E-01
     505.500  3918.500     1.4420E-01
     506.500  3918.500     1.3538E-01
     507.500  3918.500     1.2755E-01
     508.500  3918.500     1.2369E-01
     509.500  3918.500     1.2196E-01
     510.500  3918.500     1.1876E-01
     511.500  3918.500     1.1894E-01
     512.500  3918.500     1.2072E-01
     513.500  3918.500     1.2545E-01
     514.500  3918.500     1.3091E-01
     515.500  3918.500     1.3658E-01
     516.500  3918.500     1.4034E-01
     517.500  3918.500     1.4597E-01
     518.500  3918.500     1.5606E-01
     519.500  3918.500     1.7243E-01
     520.500  3918.500     2.0297E-01
     521.500  3918.500     2.3232E-01
     522.500  3918.500     2.6268E-01
     523.500  3918.500     2.6484E-01
     524.500  3918.500     2.8446E-01
     525.500  3918.500     2.6649E-01
     526.500  3918.500     2.3869E-01
     527.500  3918.500     2.4113E-01
     528.500  3918.500     2.5131E-01
     529.500  3918.500     2.6904E-01
     530.500  3918.500     2.8803E-01
     531.500  3918.500     2.7546E-01
     532.500  3918.500     2.6687E-01
     533.500  3918.500     2.7498E-01
     534.500  3918.500     2.9537E-01
     535.500  3918.500     3.1350E-01
     536.500  3918.500     3.2139E-01
     537.500  3918.500     3.1963E-01
     538.500  3918.500     3.0638E-01
     539.500  3918.500     2.8864E-01
     540.500  3918.500     2.5952E-01
     541.500  3918.500     2.2554E-01
     542.500  3918.500     1.9392E-01
     543.500  3918.500     1.5578E-01
     544.500  3918.500     1.2446E-01
     495.500  3919.500     5.0773E-02
     496.500  3919.500     6.1602E-02
     497.500  3919.500     7.3876E-02
     498.500  3919.500     8.7191E-02
     499.500  3919.500     1.0145E-01
     500.500  3919.500     1.2423E-01
     501.500  3919.500     2.6028E-01
     502.500  3919.500     2.2041E-01
     503.500  3919.500     1.8860E-01
     504.500  3919.500     1.7032E-01
     505.500  3919.500     1.5354E-01
     506.500  3919.500     1.4926E-01
     507.500  3919.500     1.4595E-01
     508.500  3919.500     1.4533E-01
     509.500  3919.500     1.4573E-01
     510.500  3919.500     1.4557E-01
     511.500  3919.500     1.5014E-01
     512.500  3919.500     1.5892E-01
     513.500  3919.500     1.7094E-01
     514.500  3919.500     1.8152E-01
     515.500  3919.500     1.9154E-01
     516.500  3919.500     2.0979E-01
     517.500  3919.500     2.3219E-01
     518.500  3919.500     2.5161E-01
     519.500  3919.500     2.8599E-01
     520.500  3919.500     3.2706E-01
     521.500  3919.500     3.6773E-01
     522.500  3919.500     4.0933E-01
     523.500  3919.500     4.2574E-01
     524.500  3919.500     3.2496E-01
     525.500  3919.500     3.2001E-01
     526.500  3919.500     3.1520E-01
     527.500  3919.500     3.6124E-01
     528.500  3919.500     3.8106E-01
     529.500  3919.500     3.8405E-01
     530.500  3919.500     3.4138E-01
     531.500  3919.500     9.6080E+00
     532.500  3919.500     5.1751E+00
     533.500  3919.500     2.2041E+00
     534.500  3919.500     1.0460E+00
     535.500  3919.500     5.0728E-01
     536.500  3919.500     4.3903E-01
     537.500  3919.500     4.2828E-01
     538.500  3919.500     4.1761E-01
     539.500  3919.500     3.8757E-01
     540.500  3919.500     3.4763E-01
     541.500  3919.500     3.1090E-01
     542.500  3919.500     2.5393E-01
     543.500  3919.500     2.0906E-01
     544.500  3919.500     1.6195E-01
     495.500  3920.500     5.5518E-02
     496.500  3920.500     6.7995E-02
     497.500  3920.500     8.2096E-02
     498.500  3920.500     9.7603E-02
     499.500  3920.500     1.1561E-01
     500.500  3920.500     2.4175E-01
     501.500  3920.500     2.5273E-01
     502.500  3920.500     2.1130E-01
     503.500  3920.500     1.9005E-01
     504.500  3920.500     1.7561E-01
     505.500  3920.500     1.6461E-01
     506.500  3920.500     1.6483E-01
     507.500  3920.500     1.6700E-01
     508.500  3920.500     1.6976E-01
     509.500  3920.500     1.7241E-01
     510.500  3920.500     1.8087E-01
     511.500  3920.500     1.9377E-01
     512.500  3920.500     2.1570E-01
     513.500  3920.500     2.3191E-01
     514.500  3920.500     2.5237E-01
     515.500  3920.500     2.8893E-01
     516.500  3920.500     3.2923E-01
     517.500  3920.500     3.7009E-01
     518.500  3920.500     4.0575E-01
     519.500  3920.500     4.5785E-01
     520.500  3920.500     5.0616E-01
     521.500  3920.500     5.5391E-01
     522.500  3920.500     5.8747E-01
     523.500  3920.500     5.2780E-01
     524.500  3920.500     4.6876E-01
     525.500  3920.500     5.0791E-01
     526.500  3920.500     6.4743E-01
     527.500  3920.500     4.8459E-01
     528.500  3920.500     4.6804E-01
     529.500  3920.500     4.7401E-01
     530.500  3920.500     4.1313E-01
     531.500  3920.500     4.1262E-01
     532.500  3920.500     4.3993E-01
     533.500  3920.500     6.2508E-01
     534.500  3920.500     1.3744E+00
     535.500  3920.500     3.0597E+00
     536.500  3920.500     3.5893E+00
     537.500  3920.500     1.8193E+00
     538.500  3920.500     6.2597E-01
     539.500  3920.500     5.1784E-01
     540.500  3920.500     4.5581E-01
     541.500  3920.500     3.8914E-01
     542.500  3920.500     3.3231E-01
     543.500  3920.500     2.6900E-01
     544.500  3920.500     2.0786E-01
     495.500  3921.500     6.0255E-02
     496.500  3921.500     7.4226E-02
     497.500  3921.500     9.0149E-02
     498.500  3921.500     1.0707E-01
     499.500  3921.500     1.7947E-01
     500.500  3921.500     2.8280E-01
     501.500  3921.500     2.3102E-01
     502.500  3921.500     2.0565E-01
     503.500  3921.500     1.9174E-01
     504.500  3921.500     1.8109E-01
     505.500  3921.500     1.7991E-01
     506.500  3921.500     1.8115E-01
     507.500  3921.500     1.9001E-01
     508.500  3921.500     1.9825E-01
     509.500  3921.500     2.1085E-01
     510.500  3921.500     2.2890E-01
     511.500  3921.500     2.6139E-01
     512.500  3921.500     2.8733E-01
     513.500  3921.500     3.2080E-01
     514.500  3921.500     3.7561E-01
     515.500  3921.500     4.4777E-01
     516.500  3921.500     5.1415E-01
     517.500  3921.500     5.7051E-01
     518.500  3921.500     6.3081E-01
     519.500  3921.500     6.8227E-01
     520.500  3921.500     7.3934E-01
     521.500  3921.500     7.4585E-01
     522.500  3921.500     7.0967E-01
     523.500  3921.500     7.9082E-01
     524.500  3921.500     7.1072E-01
     525.500  3921.500     7.1926E-01
     526.500  3921.500     6.7787E-01
     527.500  3921.500     5.5254E-01
     528.500  3921.500     5.9274E-01
     529.500  3921.500     6.0063E-01
     530.500  3921.500     5.1741E-01
     531.500  3921.500     1.5027E+00
     532.500  3921.500     1.0428E+00
     533.500  3921.500     1.2805E+00
     534.500  3921.500     1.0206E+00
     535.500  3921.500     1.1368E+00
     536.500  3921.500     1.4117E+00
     537.500  3921.500     1.6852E+00
     538.500  3921.500     1.4670E+00
     539.500  3921.500     1.0470E+00
     540.500  3921.500     6.9732E-01
     541.500  3921.500     5.0812E-01
     542.500  3921.500     4.1215E-01
     543.500  3921.500     3.3066E-01
     544.500  3921.500     2.6125E-01
     495.500  3922.500     6.4722E-02
     496.500  3922.500     8.0041E-02
     497.500  3922.500     9.7341E-02
     498.500  3922.500     1.3003E-01
     499.500  3922.500     2.9876E-01
     500.500  3922.500     2.4743E-01
     501.500  3922.500     2.1619E-01
     502.500  3922.500     2.0117E-01
     503.500  3922.500     1.9311E-01
     504.500  3922.500     1.9182E-01
     505.500  3922.500     1.9750E-01
     506.500  3922.500     2.0046E-01
     507.500  3922.500     2.1728E-01
     508.500  3922.500     2.3531E-01
     509.500  3922.500     2.5963E-01
     510.500  3922.500     3.0234E-01
     511.500  3922.500     3.3787E-01
     512.500  3922.500     3.8207E-01
     513.500  3922.500     4.6064E-01
     514.500  3922.500     5.7114E-01
     515.500  3922.500     6.7025E-01
     516.500  3922.500     7.6080E-01
     517.500  3922.500     8.3101E-01
     518.500  3922.500     8.5665E-01
     519.500  3922.500     9.7142E-01
     520.500  3922.500     1.0567E+00
     521.500  3922.500     1.1135E+00
     522.500  3922.500     1.1428E+00
     523.500  3922.500     1.1745E+00
     524.500  3922.500     1.1036E+00
     525.500  3922.500     1.0016E+00
     526.500  3922.500     7.8374E-01
     527.500  3922.500     7.3749E-01
     528.500  3922.500     8.6078E-01
     529.500  3922.500     7.4221E-01
     530.500  3922.500     6.7487E-01
     531.500  3922.500     6.3811E-01
     532.500  3922.500     7.2291E-01
     533.500  3922.500     8.8286E-01
     534.500  3922.500     1.0417E+00
     535.500  3922.500     1.1910E+00
     536.500  3922.500     1.1667E+00
     537.500  3922.500     1.1265E+00
     538.500  3922.500     1.0981E+00
     539.500  3922.500     1.1436E+00
     540.500  3922.500     1.0596E+00
     541.500  3922.500     7.6217E-01
     542.500  3922.500     5.1853E-01
     543.500  3922.500     4.0110E-01
     544.500  3922.500     3.1095E-01
     495.500  3923.500     6.8606E-02
     496.500  3923.500     8.5132E-02
     497.500  3923.500     1.0799E-01
     498.500  3923.500     2.5883E-01
     499.500  3923.500     2.6038E-01
     500.500  3923.500     2.2157E-01
     501.500  3923.500     2.0489E-01
     502.500  3923.500     1.9706E-01
     503.500  3923.500     1.9670E-01
     504.500  3923.500     2.0299E-01
     505.500  3923.500     2.1625E-01
     506.500  3923.500     2.2679E-01
     507.500  3923.500     2.4873E-01
     508.500  3923.500     2.8180E-01
     509.500  3923.500     3.3364E-01
     510.500  3923.500     3.7958E-01
     511.500  3923.500     4.3381E-01
     512.500  3923.500     5.3517E-01
     513.500  3923.500     6.8638E-01
     514.500  3923.500     8.2884E-01
     515.500  3923.500     9.5187E-01
     516.500  3923.500     1.0555E+00
     517.500  3923.500     1.1446E+00
     518.500  3923.500     1.1722E+00
     519.500  3923.500     1.3412E+00
     520.500  3923.500     1.4470E+00
     521.500  3923.500     1.4937E+00
     522.500  3923.500     1.5528E+00
     523.500  3923.500     1.6073E+00
     524.500  3923.500     1.4888E+00
     525.500  3923.500     1.2152E+00
     526.500  3923.500     8.7219E-01
     527.500  3923.500     9.4917E-01
     528.500  3923.500     1.0349E+00
     529.500  3923.500     9.6710E-01
     530.500  3923.500     8.0206E-01
     531.500  3923.500     8.3239E-01
     532.500  3923.500     8.8425E-01
     533.500  3923.500     9.5084E-01
     534.500  3923.500     1.0345E+00
     535.500  3923.500     1.1691E+00
     536.500  3923.500     1.2198E+00
     537.500  3923.500     1.2246E+00
     538.500  3923.500     1.1070E+00
     539.500  3923.500     9.6936E-01
     540.500  3923.500     8.9172E-01
     541.500  3923.500     7.7799E-01
     542.500  3923.500     5.9964E-01
     543.500  3923.500     4.6935E-01
     544.500  3923.500     3.6549E-01
     495.500  3924.500     7.1827E-02
     496.500  3924.500     8.8899E-02
     497.500  3924.500     1.7488E-01
     498.500  3924.500     2.6827E-01
     499.500  3924.500     2.2241E-01
     500.500  3924.500     2.0300E-01
     501.500  3924.500     1.9522E-01
     502.500  3924.500     1.9376E-01
     503.500  3924.500     2.0069E-01
     504.500  3924.500     2.1479E-01
     505.500  3924.500     2.3396E-01
     506.500  3924.500     2.5729E-01
     507.500  3924.500     2.8869E-01
     508.500  3924.500     3.5380E-01
     509.500  3924.500     4.0978E-01
     510.500  3924.500     4.6926E-01
     511.500  3924.500     5.8210E-01
     512.500  3924.500     7.7836E-01
     513.500  3924.500     9.6689E-01
     514.500  3924.500     1.1405E+00
     515.500  3924.500     1.2778E+00
     516.500  3924.500     1.4141E+00
     517.500  3924.500     1.5271E+00
     518.500  3924.500     1.6317E+00
     519.500  3924.500     1.5886E+00
     520.500  3924.500     1.8857E+00
     521.500  3924.500     1.9727E+00
     522.500  3924.500     1.9125E+00
     523.500  3924.500     1.7046E+00
     524.500  3924.500     1.6131E+00
     525.500  3924.500     1.3456E+00
     526.500  3924.500     1.0126E+00
     527.500  3924.500     1.1385E+00
     528.500  3924.500     1.0993E+00
     529.500  3924.500     1.1258E+00
     530.500  3924.500     1.0305E+00
     531.500  3924.500     1.0285E+00
     532.500  3924.500     1.1711E+00
     533.500  3924.500     1.3268E+00
     534.500  3924.500     1.3499E+00
     535.500  3924.500     1.5383E+00
     536.500  3924.500     1.5305E+00
     537.500  3924.500     1.4587E+00
     538.500  3924.500     1.3074E+00
     539.500  3924.500     1.1349E+00
     540.500  3924.500     9.4389E-01
     541.500  3924.500     8.0433E-01
     542.500  3924.500     6.5000E-01
     543.500  3924.500     5.2363E-01
     544.500  3924.500     4.1042E-01
     495.500  3925.500     7.4027E-02
     496.500  3925.500     1.1494E-01
     497.500  3925.500     2.6393E-01
     498.500  3925.500     2.1975E-01
     499.500  3925.500     1.9636E-01
     500.500  3925.500     1.8778E-01
     501.500  3925.500     1.8607E-01
     502.500  3925.500     1.9189E-01
     503.500  3925.500     2.0512E-01
     504.500  3925.500     2.2738E-01
     505.500  3925.500     2.5442E-01
     506.500  3925.500     2.9418E-01
     507.500  3925.500     3.4994E-01
     508.500  3925.500     4.2225E-01
     509.500  3925.500     4.8719E-01
     510.500  3925.500     6.0712E-01
     511.500  3925.500     8.3014E-01
     512.500  3925.500     1.0580E+00
     513.500  3925.500     1.2765E+00
     514.500  3925.500     1.4717E+00
     515.500  3925.500     1.6451E+00
     516.500  3925.500     1.8152E+00
     517.500  3925.500     2.0160E+00
     518.500  3925.500     2.3334E+00
     519.500  3925.500     2.3423E+00
     520.500  3925.500     2.1668E+00
     521.500  3925.500     1.9415E+00
     522.500  3925.500     1.8499E+00
     523.500  3925.500     1.8418E+00
     524.500  3925.500     1.6592E+00
     525.500  3925.500     1.5797E+00
     526.500  3925.500     1.4328E+00
     527.500  3925.500     1.2212E+00
     528.500  3925.500     1.0877E+00
     529.500  3925.500     1.0932E+00
     530.500  3925.500     1.2179E+00
     531.500  3925.500     1.3306E+00
     532.500  3925.500     1.6736E+00
     533.500  3925.500     2.0777E+00
     534.500  3925.500     2.2051E+00
     535.500  3925.500     2.2689E+00
     536.500  3925.500     2.1612E+00
     537.500  3925.500     1.8012E+00
     538.500  3925.500     1.6002E+00
     539.500  3925.500     1.3512E+00
     540.500  3925.500     1.0899E+00
     541.500  3925.500     8.8787E-01
     542.500  3925.500     7.1462E-01
     543.500  3925.500     5.8189E-01
     544.500  3925.500     4.6039E-01
     495.500  3926.500     8.3249E-02
     496.500  3926.500     2.1977E-01
     497.500  3926.500     2.1359E-01
     498.500  3926.500     1.8583E-01
     499.500  3926.500     1.7620E-01
     500.500  3926.500     1.7427E-01
     501.500  3926.500     1.7773E-01
     502.500  3926.500     1.9053E-01
     503.500  3926.500     2.1078E-01
     504.500  3926.500     2.3893E-01
     505.500  3926.500     2.7868E-01
     506.500  3926.500     3.4330E-01
     507.500  3926.500     4.0981E-01
     508.500  3926.500     4.7547E-01
     509.500  3926.500     6.0479E-01
     510.500  3926.500     8.3170E-01
     511.500  3926.500     1.0928E+00
     512.500  3926.500     1.3432E+00
     513.500  3926.500     1.5910E+00
     514.500  3926.500     1.7889E+00
     515.500  3926.500     2.0054E+00
     516.500  3926.500     2.1891E+00
     517.500  3926.500     2.4465E+00
     518.500  3926.500     2.7926E+00
     519.500  3926.500     2.9662E+00
     520.500  3926.500     3.3573E+00
     521.500  3926.500     3.4406E+00
     522.500  3926.500     2.7845E+00
     523.500  3926.500     3.3954E+00
     524.500  3926.500     2.8232E+00
     525.500  3926.500     2.5440E+00
     526.500  3926.500     1.7652E+00
     527.500  3926.500     1.2518E+00
     528.500  3926.500     1.1286E+00
     529.500  3926.500     1.1641E+00
     530.500  3926.500     1.4406E+00
     531.500  3926.500     1.7222E+00
     532.500  3926.500     2.1636E+00
     533.500  3926.500     3.3719E+00
     534.500  3926.500     1.6773E+01
     535.500  3926.500     3.3530E+01
     536.500  3926.500     1.3815E+01
     537.500  3926.500     4.7002E+00
     538.500  3926.500     2.2943E+00
     539.500  3926.500     1.7039E+00
     540.500  3926.500     1.3345E+00
     541.500  3926.500     1.0422E+00
     542.500  3926.500     8.1809E-01
     543.500  3926.500     6.4080E-01
     544.500  3926.500     5.0147E-01
     495.500  3927.500     1.2954E-01
     496.500  3927.500     2.0377E-01
     497.500  3927.500     1.7295E-01
     498.500  3927.500     1.6139E-01
     499.500  3927.500     1.5950E-01
     500.500  3927.500     1.6245E-01
     501.500  3927.500     1.7252E-01
     502.500  3927.500     1.8984E-01
     503.500  3927.500     2.1325E-01
     504.500  3927.500     2.5320E-01
     505.500  3927.500     3.1108E-01
     506.500  3927.500     3.7715E-01
     507.500  3927.500     4.4298E-01
     508.500  3927.500     5.6436E-01
     509.500  3927.500     7.7927E-01
     510.500  3927.500     1.0586E+00
     511.500  3927.500     1.3364E+00
     512.500  3927.500     1.6419E+00
     513.500  3927.500     1.8706E+00
     514.500  3927.500     2.0799E+00
     515.500  3927.500     2.2959E+00
     516.500  3927.500     2.5602E+00
     517.500  3927.500     2.8907E+00
     518.500  3927.500     3.2372E+00
     519.500  3927.500     3.4067E+00
     520.500  3927.500     3.8548E+00
     521.500  3927.500     3.9998E+00
     522.500  3927.500     4.2108E+00
     523.500  3927.500     3.5874E+00
     524.500  3927.500     2.5001E+00
     525.500  3927.500     2.0711E+00
     526.500  3927.500     1.6501E+00
     527.500  3927.500     1.3384E+00
     528.500  3927.500     1.2534E+00
     529.500  3927.500     1.3506E+00
     530.500  3927.500     3.5523E+00
     531.500  3927.500     7.7423E+00
     532.500  3927.500     1.0703E+01
     533.500  3927.500     8.6711E+00
     534.500  3927.500     4.6423E+00
     535.500  3927.500     3.8714E+00
     536.500  3927.500     4.8357E+00
     537.500  3927.500     1.4078E+01
     538.500  3927.500     1.4664E+01
     539.500  3927.500     5.5301E+00
     540.500  3927.500     1.6969E+00
     541.500  3927.500     1.1337E+00
     542.500  3927.500     8.8984E-01
     543.500  3927.500     6.8413E-01
     544.500  3927.500     5.4278E-01
     495.500  3928.500     1.8562E-01
     496.500  3928.500     1.5880E-01
     497.500  3928.500     1.4513E-01
     498.500  3928.500     1.4243E-01
     499.500  3928.500     1.4504E-01
     500.500  3928.500     1.5179E-01
     501.500  3928.500     1.6626E-01
     502.500  3928.500     1.8694E-01
     503.500  3928.500     2.2134E-01
     504.500  3928.500     2.7076E-01
     505.500  3928.500     3.2633E-01
     506.500  3928.500     3.9624E-01
     507.500  3928.500     4.9106E-01
     508.500  3928.500     6.7023E-01
     509.500  3928.500     9.4373E-01
     510.500  3928.500     1.2513E+00
     511.500  3928.500     1.5898E+00
     512.500  3928.500     1.8994E+00
     513.500  3928.500     2.0989E+00
     514.500  3928.500     2.3155E+00
     515.500  3928.500     2.6284E+00
     516.500  3928.500     3.0956E+00
     517.500  3928.500     3.5502E+00
     518.500  3928.500     3.8738E+00
     519.500  3928.500     4.1203E+00
     520.500  3928.500     4.2539E+00
     521.500  3928.500     4.1927E+00
     522.500  3928.500     3.9907E+00
     523.500  3928.500     3.1164E+00
     524.500  3928.500     2.5371E+00
     525.500  3928.500     2.0751E+00
     526.500  3928.500     1.6616E+00
     527.500  3928.500     1.3982E+00
     528.500  3928.500     1.4068E+00
     529.500  3928.500     1.7760E+00
     530.500  3928.500     1.5418E+01
     531.500  3928.500     4.7272E+01
     532.500  3928.500     5.2309E+01
     533.500  3928.500     6.7183E+01
     534.500  3928.500     6.0091E+01
     535.500  3928.500     2.9974E+01
     536.500  3928.500     8.6725E+00
     537.500  3928.500     3.4171E+00
     538.500  3928.500     2.7546E+00
     539.500  3928.500     4.0682E+00
     540.500  3928.500     2.6544E+00
     541.500  3928.500     1.1695E+00
     542.500  3928.500     9.2103E-01
     543.500  3928.500     7.0474E-01
     544.500  3928.500     5.6030E-01
     495.500  3929.500     1.4393E-01
     496.500  3929.500     1.2852E-01
     497.500  3929.500     1.2449E-01
     498.500  3929.500     1.2720E-01
     499.500  3929.500     1.3272E-01
     500.500  3929.500     1.4286E-01
     501.500  3929.500     1.5980E-01
     502.500  3929.500     1.8742E-01
     503.500  3929.500     2.2687E-01
     504.500  3929.500     2.7255E-01
     505.500  3929.500     3.3680E-01
     506.500  3929.500     4.1511E-01
     507.500  3929.500     5.4486E-01
     508.500  3929.500     7.7389E-01
     509.500  3929.500     1.0903E+00
     510.500  3929.500     1.4615E+00
     511.500  3929.500     1.8334E+00
     512.500  3929.500     2.0007E+00
     513.500  3929.500     2.1958E+00
     514.500  3929.500     2.4996E+00
     515.500  3929.500     2.9620E+00
     516.500  3929.500     3.6371E+00
     517.500  3929.500     4.1695E+00
     518.500  3929.500     4.2592E+00
     519.500  3929.500     4.4279E+00
     520.500  3929.500     4.4210E+00
     521.500  3929.500     4.0388E+00
     522.500  3929.500     3.9976E+00
     523.500  3929.500     3.2130E+00
     524.500  3929.500     2.3047E+00
     525.500  3929.500     1.9156E+00
     526.500  3929.500     1.8136E+00
     527.500  3929.500     1.5960E+00
     528.500  3929.500     1.7602E+00
     529.500  3929.500     2.3058E+00
     530.500  3929.500     2.5489E+00
     531.500  3929.500     2.7348E+00
     532.500  3929.500     1.0673E+01
     533.500  3929.500     1.6839E+01
     534.500  3929.500     1.7052E+01
     535.500  3929.500     1.0315E+01
     536.500  3929.500     6.0322E+00
     537.500  3929.500     3.5157E+00
     538.500  3929.500     2.3871E+00
     539.500  3929.500     1.7875E+00
     540.500  3929.500     1.4491E+00
     541.500  3929.500     1.1367E+00
     542.500  3929.500     9.1376E-01
     543.500  3929.500     7.0444E-01
     544.500  3929.500     5.6847E-01
     495.500  3930.500     1.1231E-01
     496.500  3930.500     1.0729E-01
     497.500  3930.500     1.0876E-01
     498.500  3930.500     1.1419E-01
     499.500  3930.500     1.2264E-01
     500.500  3930.500     1.3522E-01
     501.500  3930.500     1.5728E-01
     502.500  3930.500     1.8550E-01
     503.500  3930.500     2.2378E-01
     504.500  3930.500     2.7528E-01
     505.500  3930.500     3.3861E-01
     506.500  3930.500     4.2793E-01
     507.500  3930.500     5.9478E-01
     508.500  3930.500     8.6685E-01
     509.500  3930.500     1.2102E+00
     510.500  3930.500     1.6312E+00
     511.500  3930.500     1.8526E+00
     512.500  3930.500     2.0279E+00
     513.500  3930.500     2.1988E+00
     514.500  3930.500     2.4459E+00
     515.500  3930.500     2.9087E+00
     516.500  3930.500     3.4846E+00
     517.500  3930.500     3.9869E+00
     518.500  3930.500     4.2129E+00
     519.500  3930.500     4.3520E+00
     520.500  3930.500     4.3041E+00
     521.500  3930.500     3.8879E+00
     522.500  3930.500     3.5336E+00
     523.500  3930.500     3.1033E+00
     524.500  3930.500     2.0627E+00
     525.500  3930.500     2.0318E+00
     526.500  3930.500     1.7486E+00
     527.500  3930.500     1.7525E+00
     528.500  3930.500     2.0552E+00
     529.500  3930.500     2.4582E+00
     530.500  3930.500     2.6061E+00
     531.500  3930.500     3.2778E+00
     532.500  3930.500     4.5263E+00
     533.500  3930.500     6.3709E+00
     534.500  3930.500     8.2370E+00
     535.500  3930.500     6.8448E+00
     536.500  3930.500     5.5155E+00
     537.500  3930.500     3.6967E+00
     538.500  3930.500     2.4621E+00
     539.500  3930.500     1.7741E+00
     540.500  3930.500     1.3673E+00
     541.500  3930.500     1.0895E+00
     542.500  3930.500     8.8533E-01
     543.500  3930.500     6.9506E-01
     544.500  3930.500     5.6403E-01
     495.500  3931.500     9.0982E-02
     496.500  3931.500     9.1743E-02
     497.500  3931.500     9.6016E-02
     498.500  3931.500     1.0395E-01
     499.500  3931.500     1.1520E-01
     500.500  3931.500     1.3050E-01
     501.500  3931.500     1.5308E-01
     502.500  3931.500     1.8153E-01
     503.500  3931.500     2.2011E-01
     504.500  3931.500     2.7118E-01
     505.500  3931.500     3.3464E-01
     506.500  3931.500     4.4805E-01
     507.500  3931.500     6.4776E-01
     508.500  3931.500     9.2688E-01
     509.500  3931.500     1.2890E+00
     510.500  3931.500     1.5641E+00
     511.500  3931.500     1.7662E+00
     512.500  3931.500     1.9105E+00
     513.500  3931.500     2.0784E+00
     514.500  3931.500     2.2107E+00
     515.500  3931.500     2.6201E+00
     516.500  3931.500     3.0780E+00
     517.500  3931.500     3.5541E+00
     518.500  3931.500     3.8888E+00
     519.500  3931.500     3.9747E+00
     520.500  3931.500     3.9545E+00
     521.500  3931.500     3.6228E+00
     522.500  3931.500     2.7691E+00
     523.500  3931.500     2.3157E+00
     524.500  3931.500     2.1560E+00
     525.500  3931.500     2.0420E+00
     526.500  3931.500     1.6754E+00
     527.500  3931.500     1.6860E+00
     528.500  3931.500     2.0324E+00
     529.500  3931.500     2.2488E+00
     530.500  3931.500     2.6638E+00
     531.500  3931.500     3.0233E+00
     532.500  3931.500     4.0541E+00
     533.500  3931.500     4.7037E+00
     534.500  3931.500     6.3595E+00
     535.500  3931.500     5.9876E+00
     536.500  3931.500     6.5380E+00
     537.500  3931.500     4.8039E+00
     538.500  3931.500     2.4933E+00
     539.500  3931.500     1.8381E+00
     540.500  3931.500     1.3416E+00
     541.500  3931.500     1.0641E+00
     542.500  3931.500     8.6870E-01
     543.500  3931.500     6.8056E-01
     544.500  3931.500     5.5256E-01
     495.500  3932.500     7.6106E-02
     496.500  3932.500     7.9828E-02
     497.500  3932.500     8.6146E-02
     498.500  3932.500     9.6256E-02
     499.500  3932.500     1.0938E-01
     500.500  3932.500     1.2635E-01
     501.500  3932.500     1.4672E-01
     502.500  3932.500     1.7589E-01
     503.500  3932.500     2.1440E-01
     504.500  3932.500     2.6532E-01
     505.500  3932.500     3.3718E-01
     506.500  3932.500     4.7085E-01
     507.500  3932.500     6.9096E-01
     508.500  3932.500     9.6568E-01
     509.500  3932.500     1.2422E+00
     510.500  3932.500     1.4140E+00
     511.500  3932.500     1.5560E+00
     512.500  3932.500     1.7020E+00
     513.500  3932.500     1.8458E+00
     514.500  3932.500     1.9971E+00
     515.500  3932.500     2.2165E+00
     516.500  3932.500     2.6117E+00
     517.500  3932.500     3.0919E+00
     518.500  3932.500     3.4097E+00
     519.500  3932.500     3.4932E+00
     520.500  3932.500     3.5303E+00
     521.500  3932.500     3.4657E+00
     522.500  3932.500     3.0754E+00
     523.500  3932.500     2.1088E+00
     524.500  3932.500     2.2868E+00
     525.500  3932.500     1.9705E+00
     526.500  3932.500     1.6498E+00
     527.500  3932.500     1.6312E+00
     528.500  3932.500     2.2263E+00
     529.500  3932.500     2.5742E+00
     530.500  3932.500     2.6739E+00
     531.500  3932.500     3.0477E+00
     532.500  3932.500     3.6331E+00
     533.500  3932.500     3.6898E+00
     534.500  3932.500     5.7493E+00
     535.500  3932.500     6.1294E+00
     536.500  3932.500     7.9777E+00
     537.500  3932.500     6.4832E+00
     538.500  3932.500     3.3425E+00
     539.500  3932.500     2.0541E+00
     540.500  3932.500     1.4200E+00
     541.500  3932.500     1.0167E+00
     542.500  3932.500     8.2078E-01
     543.500  3932.500     6.5785E-01
     544.500  3932.500     5.3369E-01
     495.500  3933.500     6.5202E-02
     496.500  3933.500     7.0395E-02
     497.500  3933.500     7.9103E-02
     498.500  3933.500     8.9670E-02
     499.500  3933.500     1.0300E-01
     500.500  3933.500     1.2028E-01
     501.500  3933.500     1.4197E-01
     502.500  3933.500     1.6958E-01
     503.500  3933.500     2.0846E-01
     504.500  3933.500     2.5784E-01
     505.500  3933.500     3.4247E-01
     506.500  3933.500     4.8923E-01
     507.500  3933.500     7.0686E-01
     508.500  3933.500     9.6441E-01
     509.500  3933.500     1.1262E+00
     510.500  3933.500     1.2383E+00
     511.500  3933.500     1.3410E+00
     512.500  3933.500     1.4515E+00
     513.500  3933.500     1.5680E+00
     514.500  3933.500     1.6289E+00
     515.500  3933.500     1.8465E+00
     516.500  3933.500     2.0850E+00
     517.500  3933.500     2.6948E+00
     518.500  3933.500     2.9386E+00
     519.500  3933.500     3.0085E+00
     520.500  3933.500     3.0640E+00
     521.500  3933.500     3.0220E+00
     522.500  3933.500     2.7145E+00
     523.500  3933.500     1.9106E+00
     524.500  3933.500     4.0368E+00
     525.500  3933.500     1.3084E+01
     526.500  3933.500     7.9240E+00
     527.500  3933.500     5.0458E+00
     528.500  3933.500     3.7702E+00
     529.500  3933.500     2.9053E+00
     530.500  3933.500     2.5366E+00
     531.500  3933.500     2.7906E+00
     532.500  3933.500     3.0580E+00
     533.500  3933.500     3.7012E+00
     534.500  3933.500     5.4354E+00
     535.500  3933.500     6.5117E+00
     536.500  3933.500     7.4718E+00
     537.500  3933.500     5.8553E+00
     538.500  3933.500     3.3848E+00
     539.500  3933.500     2.4302E+00
     540.500  3933.500     1.6194E+00
     541.500  3933.500     1.0144E+00
     542.500  3933.500     7.7195E-01
     543.500  3933.500     6.2386E-01
     544.500  3933.500     4.9746E-01
     495.500  3934.500     5.6658E-02
     496.500  3934.500     6.3138E-02
     497.500  3934.500     7.2624E-02
     498.500  3934.500     8.4068E-02
     499.500  3934.500     9.7934E-02
     500.500  3934.500     1.1507E-01
     501.500  3934.500     1.3585E-01
     502.500  3934.500     1.6310E-01
     503.500  3934.500     2.0094E-01
     504.500  3934.500     2.5473E-01
     505.500  3934.500     3.4907E-01
     506.500  3934.500     4.9361E-01
     507.500  3934.500     6.7963E-01
     508.500  3934.500     8.4935E-01
     509.500  3934.500     9.9979E-01
     510.500  3934.500     1.0566E+00
     511.500  3934.500     1.1461E+00
     512.500  3934.500     1.2137E+00
     513.500  3934.500     1.3557E+00
     514.500  3934.500     1.4734E+00
     515.500  3934.500     1.6289E+00
     516.500  3934.500     1.6221E+00
     517.500  3934.500     2.2171E+00
     518.500  3934.500     2.5496E+00
     519.500  3934.500     2.6263E+00
     520.500  3934.500     2.7212E+00
     521.500  3934.500     2.3953E+00
     522.500  3934.500     2.1896E+00
     523.500  3934.500     6.3901E+00
     524.500  3934.500     1.2173E+01
     525.500  3934.500     1.3563E+01
     526.500  3934.500     1.2463E+01
     527.500  3934.500     9.6010E+00
     528.500  3934.500     4.6435E+00
     529.500  3934.500     2.9386E+00
     530.500  3934.500     2.3883E+00
     531.500  3934.500     2.6160E+00
     532.500  3934.500     3.0437E+00
     533.500  3934.500     4.0645E+00
     534.500  3934.500     4.9426E+00
     535.500  3934.500     6.4465E+00
     536.500  3934.500     6.7898E+00
     537.500  3934.500     4.9034E+00
     538.500  3934.500     3.1175E+00
     539.500  3934.500     2.2287E+00
     540.500  3934.500     1.5142E+00
     541.500  3934.500     9.7758E-01
     542.500  3934.500     7.3127E-01
     543.500  3934.500     5.9129E-01
     544.500  3934.500     4.6525E-01
     495.500  3935.500     4.9969E-02
     496.500  3935.500     5.7315E-02
     497.500  3935.500     6.7031E-02
     498.500  3935.500     7.8438E-02
     499.500  3935.500     9.2394E-02
     500.500  3935.500     1.0976E-01
     501.500  3935.500     1.3037E-01
     502.500  3935.500     1.5783E-01
     503.500  3935.500     1.9452E-01
     504.500  3935.500     2.5186E-01
     505.500  3935.500     3.5010E-01
     506.500  3935.500     4.8809E-01
     507.500  3935.500     6.3027E-01
     508.500  3935.500     7.4511E-01
     509.500  3935.500     8.4888E-01
     510.500  3935.500     8.8755E-01
     511.500  3935.500     9.4734E-01
     512.500  3935.500     1.0463E+00
     513.500  3935.500     1.1600E+00
     514.500  3935.500     1.2555E+00
     515.500  3935.500     1.3636E+00
     516.500  3935.500     1.5357E+00
     517.500  3935.500     1.5625E+00
     518.500  3935.500     2.0099E+00
     519.500  3935.500     2.0868E+00
     520.500  3935.500     1.7368E+00
     521.500  3935.500     1.7185E+00
     522.500  3935.500     1.4870E+00
     523.500  3935.500     3.3097E+00
     524.500  3935.500     6.8081E+00
     525.500  3935.500     7.0492E+00
     526.500  3935.500     6.2005E+00
     527.500  3935.500     5.4244E+00
     528.500  3935.500     3.6151E+00
     529.500  3935.500     2.6478E+00
     530.500  3935.500     2.7168E+00
     531.500  3935.500     3.7624E+00
     532.500  3935.500     4.6287E+00
     533.500  3935.500     4.6498E+00
     534.500  3935.500     4.6898E+00
     535.500  3935.500     5.2210E+00
     536.500  3935.500     5.7237E+00
     537.500  3935.500     4.4440E+00
     538.500  3935.500     2.8627E+00
     539.500  3935.500     2.0590E+00
     540.500  3935.500     1.3603E+00
     541.500  3935.500     9.0210E-01
     542.500  3935.500     6.8337E-01
     543.500  3935.500     5.3409E-01
     544.500  3935.500     4.2434E-01
     495.500  3936.500     4.4934E-02
     496.500  3936.500     5.2863E-02
     497.500  3936.500     6.2467E-02
     498.500  3936.500     7.3763E-02
     499.500  3936.500     8.7965E-02
     500.500  3936.500     1.0401E-01
     501.500  3936.500     1.2498E-01
     502.500  3936.500     1.5229E-01
     503.500  3936.500     1.8746E-01
     504.500  3936.500     2.4914E-01
     505.500  3936.500     3.4380E-01
     506.500  3936.500     4.5932E-01
     507.500  3936.500     5.4206E-01
     508.500  3936.500     6.2924E-01
     509.500  3936.500     6.9293E-01
     510.500  3936.500     7.6828E-01
     511.500  3936.500     8.0068E-01
     512.500  3936.500     8.8838E-01
     513.500  3936.500     9.8013E-01
     514.500  3936.500     1.0596E+00
     515.500  3936.500     1.1435E+00
     516.500  3936.500     1.2606E+00
     517.500  3936.500     1.2820E+00
     518.500  3936.500     1.2711E+00
     519.500  3936.500     1.4960E+00
     520.500  3936.500     1.4084E+00
     521.500  3936.500     1.3924E+00
     522.500  3936.500     1.4218E+00
     523.500  3936.500     1.6949E+00
     524.500  3936.500     1.8100E+00
     525.500  3936.500     3.6228E+00
     526.500  3936.500     3.8525E+00
     527.500  3936.500     3.4839E+00
     528.500  3936.500     2.9891E+00
     529.500  3936.500     2.4517E+00
     530.500  3936.500     3.1614E+00
     531.500  3936.500     4.7410E+00
     532.500  3936.500     5.5729E+00
     533.500  3936.500     5.8141E+00
     534.500  3936.500     5.3747E+00
     535.500  3936.500     4.7991E+00
     536.500  3936.500     4.3159E+00
     537.500  3936.500     3.2449E+00
     538.500  3936.500     2.4283E+00
     539.500  3936.500     1.7963E+00
     540.500  3936.500     1.2078E+00
     541.500  3936.500     8.2337E-01
     542.500  3936.500     6.2736E-01
     543.500  3936.500     4.8969E-01
     544.500  3936.500     3.8764E-01
     495.500  3937.500     4.0697E-02
     496.500  3937.500     4.8748E-02
     497.500  3937.500     5.8221E-02
     498.500  3937.500     6.9122E-02
     499.500  3937.500     8.2826E-02
     500.500  3937.500     9.8783E-02
     501.500  3937.500     1.2040E-01
     502.500  3937.500     1.4642E-01
     503.500  3937.500     1.8280E-01
     504.500  3937.500     2.4632E-01
     505.500  3937.500     3.2387E-01
     506.500  3937.500     4.1018E-01
     507.500  3937.500     4.6720E-01
     508.500  3937.500     5.2969E-01
     509.500  3937.500     5.9614E-01
     510.500  3937.500     6.6108E-01
     511.500  3937.500     6.7009E-01
     512.500  3937.500     7.3847E-01
     513.500  3937.500     8.1906E-01
     514.500  3937.500     8.7106E-01
     515.500  3937.500     9.3857E-01
     516.500  3937.500     1.0146E+00
     517.500  3937.500     1.0515E+00
     518.500  3937.500     1.2460E+00
     519.500  3937.500     1.1695E+00
     520.500  3937.500     1.1714E+00
     521.500  3937.500     1.2414E+00
     522.500  3937.500     1.3192E+00
     523.500  3937.500     1.3687E+00
     524.500  3937.500     1.2320E+00
     525.500  3937.500     2.0081E+00
     526.500  3937.500     2.6000E+00
     527.500  3937.500     2.4214E+00
     528.500  3937.500     3.0256E+00
     529.500  3937.500     3.4430E+00
     530.500  3937.500     2.4461E+00
     531.500  3937.500     2.7388E+00
     532.500  3937.500     3.5581E+00
     533.500  3937.500     4.3404E+00
     534.500  3937.500     4.6551E+00
     535.500  3937.500     4.0176E+00
     536.500  3937.500     3.3692E+00
     537.500  3937.500     2.5335E+00
     538.500  3937.500     1.8534E+00
     539.500  3937.500     1.4682E+00
     540.500  3937.500     1.0863E+00
     541.500  3937.500     7.6307E-01
     542.500  3937.500     5.6622E-01
     543.500  3937.500     4.3658E-01
     544.500  3937.500     3.3692E-01
     495.500  3938.500     3.7047E-02
     496.500  3938.500     4.5226E-02
     497.500  3938.500     5.4417E-02
     498.500  3938.500     6.5457E-02
     499.500  3938.500     7.7795E-02
     500.500  3938.500     9.4593E-02
     501.500  3938.500     1.1486E-01
     502.500  3938.500     1.4081E-01
     503.500  3938.500     1.7946E-01
     504.500  3938.500     2.3548E-01
     505.500  3938.500     2.9549E-01
     506.500  3938.500     3.4912E-01
     507.500  3938.500     4.0524E-01
     508.500  3938.500     4.5726E-01
     509.500  3938.500     5.0975E-01
     510.500  3938.500     5.3837E-01
     511.500  3938.500     5.7915E-01
     512.500  3938.500     6.1920E-01
     513.500  3938.500     6.7513E-01
     514.500  3938.500     7.2540E-01
     515.500  3938.500     7.6829E-01
     516.500  3938.500     8.3042E-01
     517.500  3938.500     9.3964E-01
     518.500  3938.500     1.0995E+00
     519.500  3938.500     1.1928E+00
     520.500  3938.500     1.1482E+00
     521.500  3938.500     1.1846E+00
     522.500  3938.500     1.2300E+00
     523.500  3938.500     1.1752E+00
     524.500  3938.500     1.1358E+00
     525.500  3938.500     1.4839E+00
     526.500  3938.500     1.8120E+00
     527.500  3938.500     2.5760E+00
     528.500  3938.500     3.6787E+00
     529.500  3938.500     4.4518E+00
     530.500  3938.500     3.6077E+00
     531.500  3938.500     2.6168E+00
     532.500  3938.500     2.6617E+00
     533.500  3938.500     3.1546E+00
     534.500  3938.500     3.8304E+00
     535.500  3938.500     3.5259E+00
     536.500  3938.500     2.8729E+00
     537.500  3938.500     1.9345E+00
     538.500  3938.500     1.4228E+00
     539.500  3938.500     1.1707E+00
     540.500  3938.500     9.3152E-01
     541.500  3938.500     6.8791E-01
     542.500  3938.500     4.9800E-01
     543.500  3938.500     3.7814E-01
     544.500  3938.500     2.9921E-01
     495.500  3939.500     3.4198E-02
     496.500  3939.500     4.2064E-02
     497.500  3939.500     5.0803E-02
     498.500  3939.500     6.0968E-02
     499.500  3939.500     7.3728E-02
     500.500  3939.500     9.0009E-02
     501.500  3939.500     1.1015E-01
     502.500  3939.500     1.3596E-01
     503.500  3939.500     1.7484E-01
     504.500  3939.500     2.1883E-01
     505.500  3939.500     2.7082E-01
     506.500  3939.500     3.0865E-01
     507.500  3939.500     3.5302E-01
     508.500  3939.500     4.0180E-01
     509.500  3939.500     4.3479E-01
     510.500  3939.500     4.6578E-01
     511.500  3939.500     5.0062E-01
     512.500  3939.500     5.2563E-01
     513.500  3939.500     5.6439E-01
     514.500  3939.500     6.0929E-01
     515.500  3939.500     6.5479E-01
     516.500  3939.500     6.9495E-01
     517.500  3939.500     7.6819E-01
     518.500  3939.500     8.9080E-01
     519.500  3939.500     9.3615E-01
     520.500  3939.500     1.0152E+00
     521.500  3939.500     1.0409E+00
     522.500  3939.500     1.1327E+00
     523.500  3939.500     1.1376E+00
     524.500  3939.500     1.1080E+00
     525.500  3939.500     1.2398E+00
     526.500  3939.500     1.3460E+00
     527.500  3939.500     2.0171E+00
     528.500  3939.500     2.7623E+00
     529.500  3939.500     3.1241E+00
     530.500  3939.500     3.2650E+00
     531.500  3939.500     2.7518E+00
     532.500  3939.500     2.4035E+00
     533.500  3939.500     2.3897E+00
     534.500  3939.500     2.7074E+00
     535.500  3939.500     2.5828E+00
     536.500  3939.500     2.2965E+00
     537.500  3939.500     1.5762E+00
     538.500  3939.500     1.1113E+00
     539.500  3939.500     9.1838E-01
     540.500  3939.500     7.7842E-01
     541.500  3939.500     5.8809E-01
     542.500  3939.500     4.2376E-01
     543.500  3939.500     3.2734E-01
     544.500  3939.500     2.5231E-01
     495.500  3940.500     3.1889E-02
     496.500  3940.500     3.9027E-02
     497.500  3940.500     4.7247E-02
     498.500  3940.500     5.7228E-02
     499.500  3940.500     7.0218E-02
     500.500  3940.500     8.5638E-02
     501.500  3940.500     1.0574E-01
     502.500  3940.500     1.3217E-01
     503.500  3940.500     1.6283E-01
     504.500  3940.500     2.0191E-01
     505.500  3940.500     2.4270E-01
     506.500  3940.500     2.7044E-01
     507.500  3940.500     3.1683E-01
     508.500  3940.500     3.6079E-01
     509.500  3940.500     3.9248E-01
     510.500  3940.500     4.1503E-01
     511.500  3940.500     4.2756E-01
     512.500  3940.500     4.4997E-01
     513.500  3940.500     4.7330E-01
     514.500  3940.500     5.1809E-01
     515.500  3940.500     5.4012E-01
     516.500  3940.500     5.8545E-01
     517.500  3940.500     6.5060E-01
     518.500  3940.500     7.4883E-01
     519.500  3940.500     8.2815E-01
     520.500  3940.500     8.3655E-01
     521.500  3940.500     8.8873E-01
     522.500  3940.500     9.9944E-01
     523.500  3940.500     1.0837E+00
     524.500  3940.500     1.0361E+00
     525.500  3940.500     9.4691E-01
     526.500  3940.500     1.1077E+00
     527.500  3940.500     1.4579E+00
     528.500  3940.500     1.9046E+00
     529.500  3940.500     2.5707E+00
     530.500  3940.500     2.6568E+00
     531.500  3940.500     2.3567E+00
     532.500  3940.500     2.0502E+00
     533.500  3940.500     1.8710E+00
     534.500  3940.500     1.9644E+00
     535.500  3940.500     2.0116E+00
     536.500  3940.500     1.6488E+00
     537.500  3940.500     1.2487E+00
     538.500  3940.500     9.3440E-01
     539.500  3940.500     7.3416E-01
     540.500  3940.500     6.1381E-01
     541.500  3940.500     4.6211E-01
     542.500  3940.500     3.5289E-01
     543.500  3940.500     2.6437E-01
     544.500  3940.500     2.0251E-01
     495.500  3941.500     2.9512E-02
     496.500  3941.500     3.6180E-02
     497.500  3941.500     4.4057E-02
     498.500  3941.500     5.4125E-02
     499.500  3941.500     6.6484E-02
     500.500  3941.500     8.1923E-02
     501.500  3941.500     1.0140E-01
     502.500  3941.500     1.2494E-01
     503.500  3941.500     1.5212E-01
     504.500  3941.500     1.7882E-01
     505.500  3941.500     2.1170E-01
     506.500  3941.500     2.3924E-01
     507.500  3941.500     2.7979E-01
     508.500  3941.500     3.0738E-01
     509.500  3941.500     3.3909E-01
     510.500  3941.500     3.5806E-01
     511.500  3941.500     3.7368E-01
     512.500  3941.500     3.8738E-01
     513.500  3941.500     4.0373E-01
     514.500  3941.500     4.3554E-01
     515.500  3941.500     4.6869E-01
     516.500  3941.500     5.6165E-01
     517.500  3941.500     5.9681E-01
     518.500  3941.500     6.4926E-01
     519.500  3941.500     7.1768E-01
     520.500  3941.500     7.0007E-01
     521.500  3941.500     7.4363E-01
     522.500  3941.500     8.4863E-01
     523.500  3941.500     9.1775E-01
     524.500  3941.500     7.6542E-01
     525.500  3941.500     8.7909E-01
     526.500  3941.500     1.1253E+00
     527.500  3941.500     1.2869E+00
     528.500  3941.500     1.4911E+00
     529.500  3941.500     1.7770E+00
     530.500  3941.500     1.9124E+00
     531.500  3941.500     1.8586E+00
     532.500  3941.500     1.6556E+00
     533.500  3941.500     1.5124E+00
     534.500  3941.500     1.6153E+00
     535.500  3941.500     1.7889E+00
     536.500  3941.500     1.3281E+00
     537.500  3941.500     1.0731E+00
     538.500  3941.500     7.9989E-01
     539.500  3941.500     6.3139E-01
     540.500  3941.500     4.7968E-01
     541.500  3941.500     3.6754E-01
     542.500  3941.500     2.7837E-01
     543.500  3941.500     2.1602E-01
     544.500  3941.500     1.6458E-01
     495.500  3942.500     2.7114E-02
     496.500  3942.500     3.3339E-02
     497.500  3942.500     4.1178E-02
     498.500  3942.500     5.1031E-02
     499.500  3942.500     6.3110E-02
     500.500  3942.500     7.8326E-02
     501.500  3942.500     9.6376E-02
     502.500  3942.500     1.1568E-01
     503.500  3942.500     1.3864E-01
     504.500  3942.500     1.6181E-01
     505.500  3942.500     1.8821E-01
     506.500  3942.500     2.1541E-01
     507.500  3942.500     2.4116E-01
     508.500  3942.500     2.6476E-01
     509.500  3942.500     2.9305E-01
     510.500  3942.500     3.1703E-01
     511.500  3942.500     3.2131E-01
     512.500  3942.500     3.4473E-01
     513.500  3942.500     3.6646E-01
     514.500  3942.500     3.8552E-01
     515.500  3942.500     4.2622E-01
     516.500  3942.500     4.8293E-01
     517.500  3942.500     5.5439E-01
     518.500  3942.500     6.1060E-01
     519.500  3942.500     6.4885E-01
     520.500  3942.500     5.9965E-01
     521.500  3942.500     7.3442E-01
     522.500  3942.500     8.2197E-01
     523.500  3942.500     7.2723E-01
     524.500  3942.500     8.1396E-01
     525.500  3942.500     8.5148E-01
     526.500  3942.500     9.8470E-01
     527.500  3942.500     1.0133E+00
     528.500  3942.500     1.1295E+00
     529.500  3942.500     1.2942E+00
     530.500  3942.500     1.4217E+00
     531.500  3942.500     1.3941E+00
     532.500  3942.500     1.3076E+00
     533.500  3942.500     1.3309E+00
     534.500  3942.500     1.5368E+00
     535.500  3942.500     1.7349E+00
     536.500  3942.500     1.2718E+00
     537.500  3942.500     9.5083E-01
     538.500  3942.500     6.7400E-01
     539.500  3942.500     4.8555E-01
     540.500  3942.500     3.7179E-01
     541.500  3942.500     2.9442E-01
     542.500  3942.500     2.2787E-01
     543.500  3942.500     1.7188E-01
     544.500  3942.500     1.2972E-01
     495.500  3943.500     2.4987E-02
     496.500  3943.500     3.1015E-02
     497.500  3943.500     3.8603E-02
     498.500  3943.500     4.8215E-02
     499.500  3943.500     5.9908E-02
     500.500  3943.500     7.4802E-02
     501.500  3943.500     9.0784E-02
     502.500  3943.500     1.0669E-01
     503.500  3943.500     1.2475E-01
     504.500  3943.500     1.4245E-01
     505.500  3943.500     1.6580E-01
     506.500  3943.500     1.8634E-01
     507.500  3943.500     2.0711E-01
     508.500  3943.500     2.2957E-01
     509.500  3943.500     2.5265E-01
     510.500  3943.500     2.7511E-01
     511.500  3943.500     2.9342E-01
     512.500  3943.500     3.3685E-01
     513.500  3943.500     3.3983E-01
     514.500  3943.500     3.4374E-01
     515.500  3943.500     3.7797E-01
     516.500  3943.500     4.2389E-01
     517.500  3943.500     5.1974E-01
     518.500  3943.500     5.9614E-01
     519.500  3943.500     5.7509E-01
     520.500  3943.500     5.9521E-01
     521.500  3943.500     7.5141E-01
     522.500  3943.500     8.3234E-01
     523.500  3943.500     7.4216E-01
     524.500  3943.500     9.6388E-01
     525.500  3943.500     7.9569E-01
     526.500  3943.500     8.2688E-01
     527.500  3943.500     8.7927E-01
     528.500  3943.500     9.1429E-01
     529.500  3943.500     1.0433E+00
     530.500  3943.500     1.0717E+00
     531.500  3943.500     1.0622E+00
     532.500  3943.500     1.0311E+00
     533.500  3943.500     1.0765E+00
     534.500  3943.500     1.3632E+00
     535.500  3943.500     1.2723E+00
     536.500  3943.500     1.0248E+00
     537.500  3943.500     8.3647E-01
     538.500  3943.500     5.6549E-01
     539.500  3943.500     3.9426E-01
     540.500  3943.500     2.9051E-01
     541.500  3943.500     2.2331E-01
     542.500  3943.500     1.7638E-01
     543.500  3943.500     1.2915E-01
     544.500  3943.500     1.0169E-01
     495.500  3944.500     2.2682E-02
     496.500  3944.500     2.8548E-02
     497.500  3944.500     3.5799E-02
     498.500  3944.500     4.5395E-02
     499.500  3944.500     5.7332E-02
     500.500  3944.500     7.0054E-02
     501.500  3944.500     8.4374E-02
     502.500  3944.500     9.7821E-02
     503.500  3944.500     1.1155E-01
     504.500  3944.500     1.2627E-01
     505.500  3944.500     1.4454E-01
     506.500  3944.500     1.6132E-01
     507.500  3944.500     1.8092E-01
     508.500  3944.500     1.9861E-01
     509.500  3944.500     2.1940E-01
     510.500  3944.500     2.4011E-01
     511.500  3944.500     2.6525E-01
     512.500  3944.500     2.9535E-01
     513.500  3944.500     3.0394E-01
     514.500  3944.500     3.0460E-01
     515.500  3944.500     3.4169E-01
     516.500  3944.500     3.6323E-01
     517.500  3944.500     4.6101E-01
     518.500  3944.500     5.8209E-01
     519.500  3944.500     5.0192E-01
     520.500  3944.500     5.5543E-01
     521.500  3944.500     6.4953E-01
     522.500  3944.500     7.2001E-01
     523.500  3944.500     6.6982E-01
     524.500  3944.500     8.4925E-01
     525.500  3944.500     6.9564E-01
     526.500  3944.500     7.2306E-01
     527.500  3944.500     7.6532E-01
     528.500  3944.500     8.4577E-01
     529.500  3944.500     8.0802E-01
     530.500  3944.500     8.1330E-01
     531.500  3944.500     8.2376E-01
     532.500  3944.500     8.1359E-01
     533.500  3944.500     8.8343E-01
     534.500  3944.500     1.1214E+00
     535.500  3944.500     8.1081E-01
     536.500  3944.500     6.5758E-01
     537.500  3944.500     5.4003E-01
     538.500  3944.500     3.9156E-01
     539.500  3944.500     2.9651E-01
     540.500  3944.500     2.2414E-01
     541.500  3944.500     1.7479E-01
     542.500  3944.500     1.3248E-01
     543.500  3944.500     9.7291E-02
     544.500  3944.500     7.3778E-02
     495.500  3945.500     2.0891E-02
     496.500  3945.500     2.6385E-02
     497.500  3945.500     3.3477E-02
     498.500  3945.500     4.2428E-02
     499.500  3945.500     5.3440E-02
     500.500  3945.500     6.4873E-02
     501.500  3945.500     7.6870E-02
     502.500  3945.500     8.7467E-02
     503.500  3945.500     9.9492E-02
     504.500  3945.500     1.1176E-01
     505.500  3945.500     1.2752E-01
     506.500  3945.500     1.4138E-01
     507.500  3945.500     1.5710E-01
     508.500  3945.500     1.7265E-01
     509.500  3945.500     1.9289E-01
     510.500  3945.500     2.1038E-01
     511.500  3945.500     2.3177E-01
     512.500  3945.500     2.5751E-01
     513.500  3945.500     2.9021E-01
     514.500  3945.500     3.1378E-01
     515.500  3945.500     3.1230E-01
     516.500  3945.500     3.4041E-01
     517.500  3945.500     4.0122E-01
     518.500  3945.500     4.5284E-01
     519.500  3945.500     4.9194E-01
     520.500  3945.500     5.2484E-01
     521.500  3945.500     6.0393E-01
     522.500  3945.500     6.9405E-01
     523.500  3945.500     7.1519E-01
     524.500  3945.500     6.6870E-01
     525.500  3945.500     6.1162E-01
     526.500  3945.500     6.1773E-01
     527.500  3945.500     7.4415E-01
     528.500  3945.500     6.7971E-01
     529.500  3945.500     6.5905E-01
     530.500  3945.500     6.2112E-01
     531.500  3945.500     6.4057E-01
     532.500  3945.500     6.5985E-01
     533.500  3945.500     7.7173E-01
     534.500  3945.500     9.2609E-01
     535.500  3945.500     6.4071E-01
     536.500  3945.500     4.7057E-01
     537.500  3945.500     3.6922E-01
     538.500  3945.500     2.9703E-01
     539.500  3945.500     2.6337E-01
     540.500  3945.500     1.7633E-01
     541.500  3945.500     1.2862E-01
     542.500  3945.500     9.3635E-02
     543.500  3945.500     7.2694E-02
     544.500  3945.500     5.4470E-02
     495.500  3946.500     1.9037E-02
     496.500  3946.500     2.4029E-02
     497.500  3946.500     3.1135E-02
     498.500  3946.500     3.9503E-02
     499.500  3946.500     4.9094E-02
     500.500  3946.500     5.9992E-02
     501.500  3946.500     6.8960E-02
     502.500  3946.500     7.7692E-02
     503.500  3946.500     8.7604E-02
     504.500  3946.500     9.8710E-02
     505.500  3946.500     1.1182E-01
     506.500  3946.500     1.2380E-01
     507.500  3946.500     1.3839E-01
     508.500  3946.500     1.5140E-01
     509.500  3946.500     1.6743E-01
     510.500  3946.500     1.8389E-01
     511.500  3946.500     2.0435E-01
     512.500  3946.500     2.3028E-01
     513.500  3946.500     2.6626E-01
     514.500  3946.500     2.8906E-01
     515.500  3946.500     2.8429E-01
     516.500  3946.500     3.2666E-01
     517.500  3946.500     3.6737E-01
     518.500  3946.500     4.3259E-01
     519.500  3946.500     4.9543E-01
     520.500  3946.500     5.3053E-01
     521.500  3946.500     6.3056E-01
     522.500  3946.500     6.4374E-01
     523.500  3946.500     6.6440E-01
     524.500  3946.500     6.3142E-01
     525.500  3946.500     5.8388E-01
     526.500  3946.500     5.7936E-01
     527.500  3946.500     6.1280E-01
     528.500  3946.500     6.4479E-01
     529.500  3946.500     5.9918E-01
     530.500  3946.500     4.9340E-01
     531.500  3946.500     5.3532E-01
     532.500  3946.500     6.2884E-01
     533.500  3946.500     7.9123E-01
     534.500  3946.500     7.3259E-01
     535.500  3946.500     5.2600E-01
     536.500  3946.500     3.7497E-01
     537.500  3946.500     2.8550E-01
     538.500  3946.500     2.1507E-01
     539.500  3946.500     1.7237E-01
     540.500  3946.500     1.3460E-01
     541.500  3946.500     9.0297E-02
     542.500  3946.500     6.7367E-02
     543.500  3946.500     5.0347E-02
     544.500  3946.500     3.4217E-02
     495.500  3947.500     1.7156E-02
     496.500  3947.500     2.2112E-02
     497.500  3947.500     2.8925E-02
     498.500  3947.500     3.6437E-02
     499.500  3947.500     4.4767E-02
     500.500  3947.500     5.3549E-02
     501.500  3947.500     6.0961E-02
     502.500  3947.500     6.9445E-02
     503.500  3947.500     7.7220E-02
     504.500  3947.500     8.7057E-02
     505.500  3947.500     9.6996E-02
     506.500  3947.500     1.0824E-01
     507.500  3947.500     1.2020E-01
     508.500  3947.500     1.3211E-01
     509.500  3947.500     1.4626E-01
     510.500  3947.500     1.6182E-01
     511.500  3947.500     1.8088E-01
     512.500  3947.500     2.0563E-01
     513.500  3947.500     2.3769E-01
     514.500  3947.500     2.6985E-01
     515.500  3947.500     2.6975E-01
     516.500  3947.500     3.1788E-01
     517.500  3947.500     3.6892E-01
     518.500  3947.500     3.8751E-01
     519.500  3947.500     4.3720E-01
     520.500  3947.500     4.9190E-01
     521.500  3947.500     6.0541E-01
     522.500  3947.500     6.3478E-01
     523.500  3947.500     6.9920E-01
     524.500  3947.500     7.6668E-01
     525.500  3947.500     6.3755E-01
     526.500  3947.500     5.5912E-01
     527.500  3947.500     5.3230E-01
     528.500  3947.500     5.1079E-01
     529.500  3947.500     4.4794E-01
     530.500  3947.500     4.1815E-01
     531.500  3947.500     4.4543E-01
     532.500  3947.500     6.3372E-01
     533.500  3947.500     6.4165E-01
     534.500  3947.500     5.6989E-01
     535.500  3947.500     3.9752E-01
     536.500  3947.500     2.8583E-01
     537.500  3947.500     2.0559E-01
     538.500  3947.500     1.4972E-01
     539.500  3947.500     1.0769E-01
     540.500  3947.500     8.4762E-02
     541.500  3947.500     6.4072E-02
     542.500  3947.500     4.4703E-02
     543.500  3947.500     3.1269E-02
     544.500  3947.500     1.9640E-02
     495.500  3948.500     1.5610E-02
     496.500  3948.500     2.0006E-02
     497.500  3948.500     2.5964E-02
     498.500  3948.500     3.2737E-02
     499.500  3948.500     4.0384E-02
     500.500  3948.500     4.7319E-02
     501.500  3948.500     5.4167E-02
     502.500  3948.500     6.1259E-02
     503.500  3948.500     6.8353E-02
     504.500  3948.500     7.6523E-02
     505.500  3948.500     8.5453E-02
     506.500  3948.500     9.4188E-02
     507.500  3948.500     1.0438E-01
     508.500  3948.500     1.1518E-01
     509.500  3948.500     1.2677E-01
     510.500  3948.500     1.4070E-01
     511.500  3948.500     1.5870E-01
     512.500  3948.500     1.8153E-01
     513.500  3948.500     2.1215E-01
     514.500  3948.500     2.4304E-01
     515.500  3948.500     2.5081E-01
     516.500  3948.500     3.0545E-01
     517.500  3948.500     3.3956E-01
     518.500  3948.500     3.7285E-01
     519.500  3948.500     4.1132E-01
     520.500  3948.500     4.4666E-01
     521.500  3948.500     5.9708E-01
     522.500  3948.500     6.7838E-01
     523.500  3948.500     7.4214E-01
     524.500  3948.500     7.8633E-01
     525.500  3948.500     7.1964E-01
     526.500  3948.500     6.0869E-01
     527.500  3948.500     5.2449E-01
     528.500  3948.500     4.6936E-01
     529.500  3948.500     4.0470E-01
     530.500  3948.500     3.7021E-01
     531.500  3948.500     3.9326E-01
     532.500  3948.500     5.6969E-01
     533.500  3948.500     5.0168E-01
     534.500  3948.500     4.1374E-01
     535.500  3948.500     2.8048E-01
     536.500  3948.500     2.0505E-01
     537.500  3948.500     1.3255E-01
     538.500  3948.500     1.0706E-01
     539.500  3948.500     8.9200E-02
     540.500  3948.500     6.3919E-02
     541.500  3948.500     4.1886E-02
     542.500  3948.500     2.6606E-02
     543.500  3948.500     1.8083E-02
     544.500  3948.500     1.1144E-02
     495.500  3949.500     1.4261E-02
     496.500  3949.500     1.8199E-02
     497.500  3949.500     2.3071E-02
     498.500  3949.500     2.9235E-02
     499.500  3949.500     3.5308E-02
     500.500  3949.500     4.1313E-02
     501.500  3949.500     4.7556E-02
     502.500  3949.500     5.3421E-02
     503.500  3949.500     5.9320E-02
     504.500  3949.500     6.6672E-02
     505.500  3949.500     7.4728E-02
     506.500  3949.500     8.2830E-02
     507.500  3949.500     9.1646E-02
     508.500  3949.500     1.0021E-01
     509.500  3949.500     1.1064E-01
     510.500  3949.500     1.2241E-01
     511.500  3949.500     1.3795E-01
     512.500  3949.500     1.5988E-01
     513.500  3949.500     1.8264E-01
     514.500  3949.500     2.0788E-01
     515.500  3949.500     2.5973E-01
     516.500  3949.500     2.8547E-01
     517.500  3949.500     3.0249E-01
     518.500  3949.500     3.2539E-01
     519.500  3949.500     3.5582E-01
     520.500  3949.500     4.1436E-01
     521.500  3949.500     5.4074E-01
     522.500  3949.500     6.5019E-01
     523.500  3949.500     6.9490E-01
     524.500  3949.500     7.2886E-01
     525.500  3949.500     6.8151E-01
     526.500  3949.500     6.4103E-01
     527.500  3949.500     5.3157E-01
     528.500  3949.500     4.4567E-01
     529.500  3949.500     3.7563E-01
     530.500  3949.500     3.3337E-01
     531.500  3949.500     3.4486E-01
     532.500  3949.500     4.5558E-01
     533.500  3949.500     3.9279E-01
     534.500  3949.500     3.2329E-01
     535.500  3949.500     2.1674E-01
     536.500  3949.500     1.5937E-01
     537.500  3949.500     1.0430E-01
     538.500  3949.500     7.9214E-02
     539.500  3949.500     6.3425E-02
     540.500  3949.500     3.9111E-02
     541.500  3949.500     2.8107E-02
     542.500  3949.500     1.4793E-02
     543.500  3949.500     8.8681E-03
     544.500  3949.500     2.6441E-03
     495.500  3950.500     1.2876E-02
     496.500  3950.500     1.6586E-02
     497.500  3950.500     1.9911E-02
     498.500  3950.500     2.6075E-02
     499.500  3950.500     3.0994E-02
     500.500  3950.500     3.6542E-02
     501.500  3950.500     4.1556E-02
     502.500  3950.500     4.6390E-02
     503.500  3950.500     5.1224E-02
     504.500  3950.500     5.8381E-02
     505.500  3950.500     6.5059E-02
     506.500  3950.500     7.1647E-02
     507.500  3950.500     7.9310E-02
     508.500  3950.500     8.7016E-02
     509.500  3950.500     9.5794E-02
     510.500  3950.500     1.0675E-01
     511.500  3950.500     1.2232E-01
     512.500  3950.500     1.4038E-01
     513.500  3950.500     1.6398E-01
     514.500  3950.500     1.8190E-01
     515.500  3950.500     2.0932E-01
     516.500  3950.500     2.3399E-01
     517.500  3950.500     2.6240E-01
     518.500  3950.500     2.8687E-01
     519.500  3950.500     3.2715E-01
     520.500  3950.500     4.5813E-01
     521.500  3950.500     5.2894E-01
     522.500  3950.500     5.7028E-01
     523.500  3950.500     6.0945E-01
     524.500  3950.500     6.4507E-01
     525.500  3950.500     6.7182E-01
     526.500  3950.500     6.2039E-01
     527.500  3950.500     4.7873E-01
     528.500  3950.500     3.9650E-01
     529.500  3950.500     3.2932E-01
     530.500  3950.500     3.0795E-01
     531.500  3950.500     3.4239E-01
     532.500  3950.500     3.6227E-01
     533.500  3950.500     3.0753E-01
     534.500  3950.500     2.5650E-01
     535.500  3950.500     1.6832E-01
     536.500  3950.500     1.1091E-01
     537.500  3950.500     6.7627E-02
     538.500  3950.500     5.3340E-02
     539.500  3950.500     3.9109E-02
     540.500  3950.500     1.9669E-02
     541.500  3950.500     1.2434E-02
     542.500  3950.500     6.7085E-03
     543.500  3950.500     3.4611E-03
     544.500  3950.500     1.5234E-03
     495.500  3951.500     1.1320E-02
     496.500  3951.500     1.4032E-02
     497.500  3951.500     1.8034E-02
     498.500  3951.500     2.2605E-02
     499.500  3951.500     2.7132E-02
     500.500  3951.500     3.1135E-02
     501.500  3951.500     3.5093E-02
     502.500  3951.500     3.9827E-02
     503.500  3951.500     4.4608E-02
     504.500  3951.500     5.0209E-02
     505.500  3951.500     5.6271E-02
     506.500  3951.500     6.2352E-02
     507.500  3951.500     6.8457E-02
     508.500  3951.500     7.5266E-02
     509.500  3951.500     8.2726E-02
     510.500  3951.500     9.3343E-02
     511.500  3951.500     1.0291E-01
     512.500  3951.500     1.1580E-01
     513.500  3951.500     1.3451E-01
     514.500  3951.500     1.5072E-01
     515.500  3951.500     1.7057E-01
     516.500  3951.500     1.9251E-01
     517.500  3951.500     2.1591E-01
     518.500  3951.500     2.4604E-01
     519.500  3951.500     2.9208E-01
     520.500  3951.500     3.7570E-01
     521.500  3951.500     4.3905E-01
     522.500  3951.500     4.7807E-01
     523.500  3951.500     5.0596E-01
     524.500  3951.500     5.1461E-01
     525.500  3951.500     5.3536E-01
     526.500  3951.500     4.7649E-01
     527.500  3951.500     4.2536E-01
     528.500  3951.500     3.5075E-01
     529.500  3951.500     2.8356E-01
     530.500  3951.500     2.6619E-01
     531.500  3951.500     3.3119E-01
     532.500  3951.500     2.7931E-01
     533.500  3951.500     2.3349E-01
     534.500  3951.500     1.8955E-01
     535.500  3951.500     1.1677E-01
     536.500  3951.500     7.7809E-02
     537.500  3951.500     4.3971E-02
     538.500  3951.500     4.2701E-02
     539.500  3951.500     2.9514E-02
     540.500  3951.500     1.7368E-02
     541.500  3951.500     8.6320E-03
     542.500  3951.500     4.7295E-03
     543.500  3951.500     2.2331E-03
     544.500  3951.500     1.2706E-03
     495.500  3952.500     1.0164E-02
     496.500  3952.500     1.3028E-02
     497.500  3952.500     1.6546E-02
     498.500  3952.500     1.9990E-02
     499.500  3952.500     2.3492E-02
     500.500  3952.500     2.6840E-02
     501.500  3952.500     3.0227E-02
     502.500  3952.500     3.3185E-02
     503.500  3952.500     3.7006E-02
     504.500  3952.500     4.2806E-02
     505.500  3952.500     4.7873E-02
     506.500  3952.500     5.2463E-02
     507.500  3952.500     5.8727E-02
     508.500  3952.500     6.5177E-02
     509.500  3952.500     7.0406E-02
     510.500  3952.500     7.9765E-02
     511.500  3952.500     9.0538E-02
     512.500  3952.500     1.0256E-01
     513.500  3952.500     1.1807E-01
     514.500  3952.500     1.3299E-01
     515.500  3952.500     1.5547E-01
     516.500  3952.500     1.8180E-01
     517.500  3952.500     1.8604E-01
     518.500  3952.500     2.0269E-01
     519.500  3952.500     2.4002E-01
     520.500  3952.500     2.7404E-01
     521.500  3952.500     3.1212E-01
     522.500  3952.500     3.5900E-01
     523.500  3952.500     3.9312E-01
     524.500  3952.500     4.1307E-01
     525.500  3952.500     4.1908E-01
     526.500  3952.500     3.7304E-01
     527.500  3952.500     3.3403E-01
     528.500  3952.500     2.7754E-01
     529.500  3952.500     2.3412E-01
     530.500  3952.500     2.1181E-01
     531.500  3952.500     2.6053E-01
     532.500  3952.500     2.1677E-01
     533.500  3952.500     1.7673E-01
     534.500  3952.500     1.3320E-01
     535.500  3952.500     9.6853E-02
     536.500  3952.500     5.7897E-02
     537.500  3952.500     3.2566E-02
     538.500  3952.500     3.4404E-02
     539.500  3952.500     2.6233E-02
     540.500  3952.500     1.5226E-02
     541.500  3952.500     6.5411E-03
     542.500  3952.500     3.9601E-03
     543.500  3952.500     1.8486E-03
     544.500  3952.500     1.0422E-03
     495.500  3953.500     8.8903E-03
     496.500  3953.500     1.1629E-02
     497.500  3953.500     1.4519E-02
     498.500  3953.500     1.7577E-02
     499.500  3953.500     2.0349E-02
     500.500  3953.500     2.2857E-02
     501.500  3953.500     2.5139E-02
     502.500  3953.500     2.8072E-02
     503.500  3953.500     3.1426E-02
     504.500  3953.500     3.5319E-02
     505.500  3953.500     3.8735E-02
     506.500  3953.500     4.5027E-02
     507.500  3953.500     4.9693E-02
     508.500  3953.500     5.4000E-02
     509.500  3953.500     5.8076E-02
     510.500  3953.500     6.7280E-02
     511.500  3953.500     7.6302E-02
     512.500  3953.500     8.5776E-02
     513.500  3953.500     9.7679E-02
     514.500  3953.500     1.0898E-01
     515.500  3953.500     1.1605E-01
     516.500  3953.500     1.4447E-01
     517.500  3953.500     1.5342E-01
     518.500  3953.500     1.6706E-01
     519.500  3953.500     1.9543E-01
     520.500  3953.500     2.1890E-01
     521.500  3953.500     2.4925E-01
     522.500  3953.500     2.8376E-01
     523.500  3953.500     3.1642E-01
     524.500  3953.500     3.2002E-01
     525.500  3953.500     3.0558E-01
     526.500  3953.500     2.8917E-01
     527.500  3953.500     2.5470E-01
     528.500  3953.500     2.2232E-01
     529.500  3953.500     1.8784E-01
     530.500  3953.500     1.6183E-01
     531.500  3953.500     1.5320E-01
     532.500  3953.500     1.5623E-01
     533.500  3953.500     1.3345E-01
     534.500  3953.500     1.0500E-01
     535.500  3953.500     5.7957E-02
     536.500  3953.500     4.0080E-02
     537.500  3953.500     2.6092E-02
     538.500  3953.500     2.7641E-02
     539.500  3953.500     1.6437E-02
     540.500  3953.500     8.4872E-03
     541.500  3953.500     5.6029E-03
     542.500  3953.500     3.7512E-03
     543.500  3953.500     1.5116E-03
     544.500  3953.500     8.2510E-04
     495.500  3954.500     7.9512E-03
     496.500  3954.500     1.0193E-02
     497.500  3954.500     1.2781E-02
     498.500  3954.500     1.5382E-02
     499.500  3954.500     1.7596E-02
     500.500  3954.500     1.9453E-02
     501.500  3954.500     2.1624E-02
     502.500  3954.500     2.3889E-02
     503.500  3954.500     2.6610E-02
     504.500  3954.500     2.9395E-02
     505.500  3954.500     3.2776E-02
     506.500  3954.500     3.6075E-02
     507.500  3954.500     3.9731E-02
     508.500  3954.500     4.4509E-02
     509.500  3954.500     4.9749E-02
     510.500  3954.500     5.4129E-02
     511.500  3954.500     6.2206E-02
     512.500  3954.500     7.0126E-02
     513.500  3954.500     7.6680E-02
     514.500  3954.500     8.4140E-02
     515.500  3954.500     9.2182E-02
     516.500  3954.500     1.0796E-01
     517.500  3954.500     1.1840E-01
     518.500  3954.500     1.3406E-01
     519.500  3954.500     1.5741E-01
     520.500  3954.500     1.7429E-01
     521.500  3954.500     1.9239E-01
     522.500  3954.500     2.2976E-01
     523.500  3954.500     2.4838E-01
     524.500  3954.500     2.5162E-01
     525.500  3954.500     2.3123E-01
     526.500  3954.500     2.1698E-01
     527.500  3954.500     1.9596E-01
     528.500  3954.500     1.6986E-01
     529.500  3954.500     1.4585E-01
     530.500  3954.500     1.2873E-01
     531.500  3954.500     1.2311E-01
     532.500  3954.500     1.2291E-01
     533.500  3954.500     9.8050E-02
     534.500  3954.500     7.5189E-02
     535.500  3954.500     4.8374E-02
     536.500  3954.500     3.0068E-02
     537.500  3954.500     2.2672E-02
     538.500  3954.500     1.7004E-02
     539.500  3954.500     9.9537E-03
     540.500  3954.500     6.6407E-03
     541.500  3954.500     5.6970E-03
     542.500  3954.500     2.8683E-03
     543.500  3954.500     1.2105E-03
     544.500  3954.500     6.0106E-04
     523.642  3934.174     4.7262E+00
     533.661  3935.153     4.4736E+00
     534.934  3933.278     6.0006E+00
     537.941  3928.923     3.0358E+00
     539.209  3926.428     1.8089E+00
     530.687  3933.234     2.5835E+00
     528.743  3936.682     2.7524E+00
     529.379  3937.549     3.4565E+00
     527.900  3932.391     1.8535E+00
     529.626  3931.465     2.2938E+00
     530.937  3931.355     2.7734E+00
     534.513  3928.843     3.7804E+01
     530.716  3928.240     1.0387E+02
     527.755  3927.782     1.3232E+00
     530.426  3921.802     5.5967E-01
     528.551  3921.285     5.6579E-01
     529.374  3937.537     3.4332E+00
