        1   HOUR AVERAGE  CONCENTRATION VALUES AT EACH RECEPTOR  (ug/m**3)    

                   PM2.5         1

     RECEPTOR (x,y) km      VALUE
 
     495.500  3905.500     0.0000E+00
     496.500  3905.500     0.0000E+00
     497.500  3905.500     0.0000E+00
     498.500  3905.500     0.0000E+00
     499.500  3905.500     0.0000E+00
     500.500  3905.500     0.0000E+00
     501.500  3905.500     0.0000E+00
     502.500  3905.500     0.0000E+00
     503.500  3905.500     0.0000E+00
     504.500  3905.500     0.0000E+00
     505.500  3905.500     0.0000E+00
     506.500  3905.500     0.0000E+00
     507.500  3905.500     0.0000E+00
     508.500  3905.500     0.0000E+00
     509.500  3905.500     0.0000E+00
     510.500  3905.500     0.0000E+00
     511.500  3905.500     0.0000E+00
     512.500  3905.500     0.0000E+00
     513.500  3905.500     0.0000E+00
     514.500  3905.500     0.0000E+00
     515.500  3905.500     0.0000E+00
     516.500  3905.500     0.0000E+00
     517.500  3905.500     0.0000E+00
     518.500  3905.500     0.0000E+00
     519.500  3905.500     0.0000E+00
     520.500  3905.500     0.0000E+00
     521.500  3905.500     0.0000E+00
     522.500  3905.500     0.0000E+00
     523.500  3905.500     0.0000E+00
     524.500  3905.500     0.0000E+00
     525.500  3905.500     0.0000E+00
     526.500  3905.500     0.0000E+00
     527.500  3905.500     0.0000E+00
     528.500  3905.500     0.0000E+00
     529.500  3905.500     0.0000E+00
     530.500  3905.500     0.0000E+00
     531.500  3905.500     0.0000E+00
     532.500  3905.500     0.0000E+00
     533.500  3905.500     0.0000E+00
     534.500  3905.500     0.0000E+00
     535.500  3905.500     0.0000E+00
     536.500  3905.500     0.0000E+00
     537.500  3905.500     0.0000E+00
     538.500  3905.500     0.0000E+00
     539.500  3905.500     0.0000E+00
     540.500  3905.500     0.0000E+00
     541.500  3905.500     0.0000E+00
     542.500  3905.500     0.0000E+00
     543.500  3905.500     0.0000E+00
     544.500  3905.500     0.0000E+00
     495.500  3906.500     0.0000E+00
     496.500  3906.500     0.0000E+00
     497.500  3906.500     0.0000E+00
     498.500  3906.500     0.0000E+00
     499.500  3906.500     0.0000E+00
     500.500  3906.500     0.0000E+00
     501.500  3906.500     0.0000E+00
     502.500  3906.500     0.0000E+00
     503.500  3906.500     0.0000E+00
     504.500  3906.500     0.0000E+00
     505.500  3906.500     0.0000E+00
     506.500  3906.500     0.0000E+00
     507.500  3906.500     0.0000E+00
     508.500  3906.500     0.0000E+00
     509.500  3906.500     0.0000E+00
     510.500  3906.500     0.0000E+00
     511.500  3906.500     0.0000E+00
     512.500  3906.500     0.0000E+00
     513.500  3906.500     0.0000E+00
     514.500  3906.500     0.0000E+00
     515.500  3906.500     0.0000E+00
     516.500  3906.500     0.0000E+00
     517.500  3906.500     0.0000E+00
     518.500  3906.500     0.0000E+00
     519.500  3906.500     0.0000E+00
     520.500  3906.500     0.0000E+00
     521.500  3906.500     0.0000E+00
     522.500  3906.500     0.0000E+00
     523.500  3906.500     0.0000E+00
     524.500  3906.500     0.0000E+00
     525.500  3906.500     0.0000E+00
     526.500  3906.500     0.0000E+00
     527.500  3906.500     0.0000E+00
     528.500  3906.500     0.0000E+00
     529.500  3906.500     0.0000E+00
     530.500  3906.500     0.0000E+00
     531.500  3906.500     0.0000E+00
     532.500  3906.500     0.0000E+00
     533.500  3906.500     0.0000E+00
     534.500  3906.500     0.0000E+00
     535.500  3906.500     0.0000E+00
     536.500  3906.500     0.0000E+00
     537.500  3906.500     0.0000E+00
     538.500  3906.500     0.0000E+00
     539.500  3906.500     0.0000E+00
     540.500  3906.500     0.0000E+00
     541.500  3906.500     0.0000E+00
     542.500  3906.500     0.0000E+00
     543.500  3906.500     0.0000E+00
     544.500  3906.500     0.0000E+00
     495.500  3907.500     0.0000E+00
     496.500  3907.500     0.0000E+00
     497.500  3907.500     0.0000E+00
     498.500  3907.500     0.0000E+00
     499.500  3907.500     0.0000E+00
     500.500  3907.500     0.0000E+00
     501.500  3907.500     0.0000E+00
     502.500  3907.500     0.0000E+00
     503.500  3907.500     0.0000E+00
     504.500  3907.500     0.0000E+00
     505.500  3907.500     0.0000E+00
     506.500  3907.500     0.0000E+00
     507.500  3907.500     0.0000E+00
     508.500  3907.500     0.0000E+00
     509.500  3907.500     0.0000E+00
     510.500  3907.500     0.0000E+00
     511.500  3907.500     0.0000E+00
     512.500  3907.500     0.0000E+00
     513.500  3907.500     0.0000E+00
     514.500  3907.500     0.0000E+00
     515.500  3907.500     0.0000E+00
     516.500  3907.500     0.0000E+00
     517.500  3907.500     0.0000E+00
     518.500  3907.500     0.0000E+00
     519.500  3907.500     0.0000E+00
     520.500  3907.500     0.0000E+00
     521.500  3907.500     0.0000E+00
     522.500  3907.500     0.0000E+00
     523.500  3907.500     0.0000E+00
     524.500  3907.500     0.0000E+00
     525.500  3907.500     0.0000E+00
     526.500  3907.500     0.0000E+00
     527.500  3907.500     0.0000E+00
     528.500  3907.500     0.0000E+00
     529.500  3907.500     0.0000E+00
     530.500  3907.500     0.0000E+00
     531.500  3907.500     0.0000E+00
     532.500  3907.500     0.0000E+00
     533.500  3907.500     0.0000E+00
     534.500  3907.500     0.0000E+00
     535.500  3907.500     0.0000E+00
     536.500  3907.500     0.0000E+00
     537.500  3907.500     0.0000E+00
     538.500  3907.500     0.0000E+00
     539.500  3907.500     0.0000E+00
     540.500  3907.500     0.0000E+00
     541.500  3907.500     0.0000E+00
     542.500  3907.500     0.0000E+00
     543.500  3907.500     0.0000E+00
     544.500  3907.500     0.0000E+00
     495.500  3908.500     0.0000E+00
     496.500  3908.500     0.0000E+00
     497.500  3908.500     0.0000E+00
     498.500  3908.500     0.0000E+00
     499.500  3908.500     0.0000E+00
     500.500  3908.500     0.0000E+00
     501.500  3908.500     0.0000E+00
     502.500  3908.500     0.0000E+00
     503.500  3908.500     0.0000E+00
     504.500  3908.500     0.0000E+00
     505.500  3908.500     0.0000E+00
     506.500  3908.500     0.0000E+00
     507.500  3908.500     0.0000E+00
     508.500  3908.500     0.0000E+00
     509.500  3908.500     0.0000E+00
     510.500  3908.500     0.0000E+00
     511.500  3908.500     0.0000E+00
     512.500  3908.500     0.0000E+00
     513.500  3908.500     0.0000E+00
     514.500  3908.500     0.0000E+00
     515.500  3908.500     0.0000E+00
     516.500  3908.500     0.0000E+00
     517.500  3908.500     0.0000E+00
     518.500  3908.500     0.0000E+00
     519.500  3908.500     0.0000E+00
     520.500  3908.500     0.0000E+00
     521.500  3908.500     0.0000E+00
     522.500  3908.500     0.0000E+00
     523.500  3908.500     0.0000E+00
     524.500  3908.500     0.0000E+00
     525.500  3908.500     0.0000E+00
     526.500  3908.500     0.0000E+00
     527.500  3908.500     0.0000E+00
     528.500  3908.500     0.0000E+00
     529.500  3908.500     0.0000E+00
     530.500  3908.500     0.0000E+00
     531.500  3908.500     0.0000E+00
     532.500  3908.500     0.0000E+00
     533.500  3908.500     0.0000E+00
     534.500  3908.500     0.0000E+00
     535.500  3908.500     0.0000E+00
     536.500  3908.500     0.0000E+00
     537.500  3908.500     0.0000E+00
     538.500  3908.500     0.0000E+00
     539.500  3908.500     0.0000E+00
     540.500  3908.500     0.0000E+00
     541.500  3908.500     0.0000E+00
     542.500  3908.500     0.0000E+00
     543.500  3908.500     0.0000E+00
     544.500  3908.500     0.0000E+00
     495.500  3909.500     0.0000E+00
     496.500  3909.500     0.0000E+00
     497.500  3909.500     0.0000E+00
     498.500  3909.500     0.0000E+00
     499.500  3909.500     0.0000E+00
     500.500  3909.500     0.0000E+00
     501.500  3909.500     0.0000E+00
     502.500  3909.500     0.0000E+00
     503.500  3909.500     0.0000E+00
     504.500  3909.500     0.0000E+00
     505.500  3909.500     0.0000E+00
     506.500  3909.500     0.0000E+00
     507.500  3909.500     0.0000E+00
     508.500  3909.500     0.0000E+00
     509.500  3909.500     0.0000E+00
     510.500  3909.500     0.0000E+00
     511.500  3909.500     0.0000E+00
     512.500  3909.500     0.0000E+00
     513.500  3909.500     0.0000E+00
     514.500  3909.500     0.0000E+00
     515.500  3909.500     0.0000E+00
     516.500  3909.500     0.0000E+00
     517.500  3909.500     0.0000E+00
     518.500  3909.500     0.0000E+00
     519.500  3909.500     0.0000E+00
     520.500  3909.500     0.0000E+00
     521.500  3909.500     0.0000E+00
     522.500  3909.500     0.0000E+00
     523.500  3909.500     0.0000E+00
     524.500  3909.500     0.0000E+00
     525.500  3909.500     0.0000E+00
     526.500  3909.500     0.0000E+00
     527.500  3909.500     0.0000E+00
     528.500  3909.500     0.0000E+00
     529.500  3909.500     0.0000E+00
     530.500  3909.500     0.0000E+00
     531.500  3909.500     0.0000E+00
     532.500  3909.500     0.0000E+00
     533.500  3909.500     0.0000E+00
     534.500  3909.500     0.0000E+00
     535.500  3909.500     0.0000E+00
     536.500  3909.500     0.0000E+00
     537.500  3909.500     0.0000E+00
     538.500  3909.500     0.0000E+00
     539.500  3909.500     0.0000E+00
     540.500  3909.500     0.0000E+00
     541.500  3909.500     0.0000E+00
     542.500  3909.500     0.0000E+00
     543.500  3909.500     0.0000E+00
     544.500  3909.500     0.0000E+00
     495.500  3910.500     0.0000E+00
     496.500  3910.500     0.0000E+00
     497.500  3910.500     0.0000E+00
     498.500  3910.500     0.0000E+00
     499.500  3910.500     0.0000E+00
     500.500  3910.500     0.0000E+00
     501.500  3910.500     0.0000E+00
     502.500  3910.500     0.0000E+00
     503.500  3910.500     0.0000E+00
     504.500  3910.500     0.0000E+00
     505.500  3910.500     0.0000E+00
     506.500  3910.500     0.0000E+00
     507.500  3910.500     0.0000E+00
     508.500  3910.500     0.0000E+00
     509.500  3910.500     0.0000E+00
     510.500  3910.500     0.0000E+00
     511.500  3910.500     0.0000E+00
     512.500  3910.500     0.0000E+00
     513.500  3910.500     0.0000E+00
     514.500  3910.500     0.0000E+00
     515.500  3910.500     0.0000E+00
     516.500  3910.500     0.0000E+00
     517.500  3910.500     0.0000E+00
     518.500  3910.500     0.0000E+00
     519.500  3910.500     0.0000E+00
     520.500  3910.500     0.0000E+00
     521.500  3910.500     0.0000E+00
     522.500  3910.500     0.0000E+00
     523.500  3910.500     0.0000E+00
     524.500  3910.500     0.0000E+00
     525.500  3910.500     0.0000E+00
     526.500  3910.500     0.0000E+00
     527.500  3910.500     0.0000E+00
     528.500  3910.500     0.0000E+00
     529.500  3910.500     0.0000E+00
     530.500  3910.500     0.0000E+00
     531.500  3910.500     0.0000E+00
     532.500  3910.500     0.0000E+00
     533.500  3910.500     0.0000E+00
     534.500  3910.500     0.0000E+00
     535.500  3910.500     0.0000E+00
     536.500  3910.500     0.0000E+00
     537.500  3910.500     0.0000E+00
     538.500  3910.500     0.0000E+00
     539.500  3910.500     0.0000E+00
     540.500  3910.500     0.0000E+00
     541.500  3910.500     0.0000E+00
     542.500  3910.500     0.0000E+00
     543.500  3910.500     0.0000E+00
     544.500  3910.500     0.0000E+00
     495.500  3911.500     0.0000E+00
     496.500  3911.500     0.0000E+00
     497.500  3911.500     0.0000E+00
     498.500  3911.500     0.0000E+00
     499.500  3911.500     0.0000E+00
     500.500  3911.500     0.0000E+00
     501.500  3911.500     0.0000E+00
     502.500  3911.500     0.0000E+00
     503.500  3911.500     0.0000E+00
     504.500  3911.500     0.0000E+00
     505.500  3911.500     0.0000E+00
     506.500  3911.500     0.0000E+00
     507.500  3911.500     0.0000E+00
     508.500  3911.500     0.0000E+00
     509.500  3911.500     0.0000E+00
     510.500  3911.500     0.0000E+00
     511.500  3911.500     0.0000E+00
     512.500  3911.500     0.0000E+00
     513.500  3911.500     0.0000E+00
     514.500  3911.500     0.0000E+00
     515.500  3911.500     0.0000E+00
     516.500  3911.500     0.0000E+00
     517.500  3911.500     0.0000E+00
     518.500  3911.500     0.0000E+00
     519.500  3911.500     0.0000E+00
     520.500  3911.500     0.0000E+00
     521.500  3911.500     0.0000E+00
     522.500  3911.500     0.0000E+00
     523.500  3911.500     0.0000E+00
     524.500  3911.500     0.0000E+00
     525.500  3911.500     0.0000E+00
     526.500  3911.500     0.0000E+00
     527.500  3911.500     0.0000E+00
     528.500  3911.500     0.0000E+00
     529.500  3911.500     0.0000E+00
     530.500  3911.500     0.0000E+00
     531.500  3911.500     0.0000E+00
     532.500  3911.500     0.0000E+00
     533.500  3911.500     0.0000E+00
     534.500  3911.500     0.0000E+00
     535.500  3911.500     0.0000E+00
     536.500  3911.500     0.0000E+00
     537.500  3911.500     0.0000E+00
     538.500  3911.500     0.0000E+00
     539.500  3911.500     0.0000E+00
     540.500  3911.500     0.0000E+00
     541.500  3911.500     0.0000E+00
     542.500  3911.500     0.0000E+00
     543.500  3911.500     0.0000E+00
     544.500  3911.500     0.0000E+00
     495.500  3912.500     0.0000E+00
     496.500  3912.500     0.0000E+00
     497.500  3912.500     0.0000E+00
     498.500  3912.500     0.0000E+00
     499.500  3912.500     0.0000E+00
     500.500  3912.500     0.0000E+00
     501.500  3912.500     0.0000E+00
     502.500  3912.500     0.0000E+00
     503.500  3912.500     0.0000E+00
     504.500  3912.500     0.0000E+00
     505.500  3912.500     0.0000E+00
     506.500  3912.500     0.0000E+00
     507.500  3912.500     0.0000E+00
     508.500  3912.500     0.0000E+00
     509.500  3912.500     0.0000E+00
     510.500  3912.500     0.0000E+00
     511.500  3912.500     0.0000E+00
     512.500  3912.500     0.0000E+00
     513.500  3912.500     0.0000E+00
     514.500  3912.500     0.0000E+00
     515.500  3912.500     0.0000E+00
     516.500  3912.500     0.0000E+00
     517.500  3912.500     0.0000E+00
     518.500  3912.500     0.0000E+00
     519.500  3912.500     0.0000E+00
     520.500  3912.500     0.0000E+00
     521.500  3912.500     0.0000E+00
     522.500  3912.500     0.0000E+00
     523.500  3912.500     0.0000E+00
     524.500  3912.500     0.0000E+00
     525.500  3912.500     0.0000E+00
     526.500  3912.500     0.0000E+00
     527.500  3912.500     0.0000E+00
     528.500  3912.500     0.0000E+00
     529.500  3912.500     0.0000E+00
     530.500  3912.500     0.0000E+00
     531.500  3912.500     0.0000E+00
     532.500  3912.500     0.0000E+00
     533.500  3912.500     0.0000E+00
     534.500  3912.500     0.0000E+00
     535.500  3912.500     0.0000E+00
     536.500  3912.500     0.0000E+00
     537.500  3912.500     0.0000E+00
     538.500  3912.500     0.0000E+00
     539.500  3912.500     0.0000E+00
     540.500  3912.500     0.0000E+00
     541.500  3912.500     0.0000E+00
     542.500  3912.500     0.0000E+00
     543.500  3912.500     0.0000E+00
     544.500  3912.500     0.0000E+00
     495.500  3913.500     0.0000E+00
     496.500  3913.500     0.0000E+00
     497.500  3913.500     0.0000E+00
     498.500  3913.500     0.0000E+00
     499.500  3913.500     0.0000E+00
     500.500  3913.500     0.0000E+00
     501.500  3913.500     0.0000E+00
     502.500  3913.500     0.0000E+00
     503.500  3913.500     0.0000E+00
     504.500  3913.500     0.0000E+00
     505.500  3913.500     0.0000E+00
     506.500  3913.500     0.0000E+00
     507.500  3913.500     0.0000E+00
     508.500  3913.500     0.0000E+00
     509.500  3913.500     0.0000E+00
     510.500  3913.500     0.0000E+00
     511.500  3913.500     0.0000E+00
     512.500  3913.500     0.0000E+00
     513.500  3913.500     0.0000E+00
     514.500  3913.500     0.0000E+00
     515.500  3913.500     0.0000E+00
     516.500  3913.500     0.0000E+00
     517.500  3913.500     0.0000E+00
     518.500  3913.500     0.0000E+00
     519.500  3913.500     0.0000E+00
     520.500  3913.500     0.0000E+00
     521.500  3913.500     0.0000E+00
     522.500  3913.500     0.0000E+00
     523.500  3913.500     0.0000E+00
     524.500  3913.500     0.0000E+00
     525.500  3913.500     0.0000E+00
     526.500  3913.500     0.0000E+00
     527.500  3913.500     0.0000E+00
     528.500  3913.500     0.0000E+00
     529.500  3913.500     0.0000E+00
     530.500  3913.500     0.0000E+00
     531.500  3913.500     0.0000E+00
     532.500  3913.500     0.0000E+00
     533.500  3913.500     0.0000E+00
     534.500  3913.500     0.0000E+00
     535.500  3913.500     0.0000E+00
     536.500  3913.500     0.0000E+00
     537.500  3913.500     0.0000E+00
     538.500  3913.500     0.0000E+00
     539.500  3913.500     0.0000E+00
     540.500  3913.500     0.0000E+00
     541.500  3913.500     0.0000E+00
     542.500  3913.500     0.0000E+00
     543.500  3913.500     0.0000E+00
     544.500  3913.500     0.0000E+00
     495.500  3914.500     0.0000E+00
     496.500  3914.500     0.0000E+00
     497.500  3914.500     0.0000E+00
     498.500  3914.500     0.0000E+00
     499.500  3914.500     0.0000E+00
     500.500  3914.500     0.0000E+00
     501.500  3914.500     0.0000E+00
     502.500  3914.500     0.0000E+00
     503.500  3914.500     0.0000E+00
     504.500  3914.500     0.0000E+00
     505.500  3914.500     0.0000E+00
     506.500  3914.500     0.0000E+00
     507.500  3914.500     0.0000E+00
     508.500  3914.500     0.0000E+00
     509.500  3914.500     0.0000E+00
     510.500  3914.500     0.0000E+00
     511.500  3914.500     0.0000E+00
     512.500  3914.500     0.0000E+00
     513.500  3914.500     0.0000E+00
     514.500  3914.500     0.0000E+00
     515.500  3914.500     0.0000E+00
     516.500  3914.500     0.0000E+00
     517.500  3914.500     0.0000E+00
     518.500  3914.500     0.0000E+00
     519.500  3914.500     0.0000E+00
     520.500  3914.500     0.0000E+00
     521.500  3914.500     0.0000E+00
     522.500  3914.500     0.0000E+00
     523.500  3914.500     0.0000E+00
     524.500  3914.500     0.0000E+00
     525.500  3914.500     0.0000E+00
     526.500  3914.500     0.0000E+00
     527.500  3914.500     0.0000E+00
     528.500  3914.500     0.0000E+00
     529.500  3914.500     0.0000E+00
     530.500  3914.500     0.0000E+00
     531.500  3914.500     0.0000E+00
     532.500  3914.500     0.0000E+00
     533.500  3914.500     0.0000E+00
     534.500  3914.500     0.0000E+00
     535.500  3914.500     0.0000E+00
     536.500  3914.500     0.0000E+00
     537.500  3914.500     0.0000E+00
     538.500  3914.500     0.0000E+00
     539.500  3914.500     0.0000E+00
     540.500  3914.500     0.0000E+00
     541.500  3914.500     0.0000E+00
     542.500  3914.500     0.0000E+00
     543.500  3914.500     0.0000E+00
     544.500  3914.500     0.0000E+00
     495.500  3915.500     0.0000E+00
     496.500  3915.500     0.0000E+00
     497.500  3915.500     0.0000E+00
     498.500  3915.500     0.0000E+00
     499.500  3915.500     0.0000E+00
     500.500  3915.500     0.0000E+00
     501.500  3915.500     0.0000E+00
     502.500  3915.500     0.0000E+00
     503.500  3915.500     0.0000E+00
     504.500  3915.500     0.0000E+00
     505.500  3915.500     0.0000E+00
     506.500  3915.500     0.0000E+00
     507.500  3915.500     0.0000E+00
     508.500  3915.500     0.0000E+00
     509.500  3915.500     0.0000E+00
     510.500  3915.500     0.0000E+00
     511.500  3915.500     0.0000E+00
     512.500  3915.500     0.0000E+00
     513.500  3915.500     0.0000E+00
     514.500  3915.500     0.0000E+00
     515.500  3915.500     0.0000E+00
     516.500  3915.500     0.0000E+00
     517.500  3915.500     0.0000E+00
     518.500  3915.500     0.0000E+00
     519.500  3915.500     0.0000E+00
     520.500  3915.500     0.0000E+00
     521.500  3915.500     0.0000E+00
     522.500  3915.500     0.0000E+00
     523.500  3915.500     0.0000E+00
     524.500  3915.500     0.0000E+00
     525.500  3915.500     0.0000E+00
     526.500  3915.500     0.0000E+00
     527.500  3915.500     0.0000E+00
     528.500  3915.500     0.0000E+00
     529.500  3915.500     0.0000E+00
     530.500  3915.500     0.0000E+00
     531.500  3915.500     0.0000E+00
     532.500  3915.500     0.0000E+00
     533.500  3915.500     0.0000E+00
     534.500  3915.500     0.0000E+00
     535.500  3915.500     0.0000E+00
     536.500  3915.500     0.0000E+00
     537.500  3915.500     0.0000E+00
     538.500  3915.500     0.0000E+00
     539.500  3915.500     0.0000E+00
     540.500  3915.500     0.0000E+00
     541.500  3915.500     0.0000E+00
     542.500  3915.500     0.0000E+00
     543.500  3915.500     0.0000E+00
     544.500  3915.500     0.0000E+00
     495.500  3916.500     0.0000E+00
     496.500  3916.500     0.0000E+00
     497.500  3916.500     0.0000E+00
     498.500  3916.500     0.0000E+00
     499.500  3916.500     0.0000E+00
     500.500  3916.500     0.0000E+00
     501.500  3916.500     0.0000E+00
     502.500  3916.500     0.0000E+00
     503.500  3916.500     0.0000E+00
     504.500  3916.500     0.0000E+00
     505.500  3916.500     0.0000E+00
     506.500  3916.500     0.0000E+00
     507.500  3916.500     0.0000E+00
     508.500  3916.500     0.0000E+00
     509.500  3916.500     0.0000E+00
     510.500  3916.500     0.0000E+00
     511.500  3916.500     0.0000E+00
     512.500  3916.500     0.0000E+00
     513.500  3916.500     0.0000E+00
     514.500  3916.500     0.0000E+00
     515.500  3916.500     0.0000E+00
     516.500  3916.500     0.0000E+00
     517.500  3916.500     0.0000E+00
     518.500  3916.500     0.0000E+00
     519.500  3916.500     0.0000E+00
     520.500  3916.500     0.0000E+00
     521.500  3916.500     0.0000E+00
     522.500  3916.500     0.0000E+00
     523.500  3916.500     0.0000E+00
     524.500  3916.500     0.0000E+00
     525.500  3916.500     0.0000E+00
     526.500  3916.500     0.0000E+00
     527.500  3916.500     0.0000E+00
     528.500  3916.500     0.0000E+00
     529.500  3916.500     0.0000E+00
     530.500  3916.500     0.0000E+00
     531.500  3916.500     0.0000E+00
     532.500  3916.500     0.0000E+00
     533.500  3916.500     0.0000E+00
     534.500  3916.500     0.0000E+00
     535.500  3916.500     0.0000E+00
     536.500  3916.500     0.0000E+00
     537.500  3916.500     0.0000E+00
     538.500  3916.500     0.0000E+00
     539.500  3916.500     0.0000E+00
     540.500  3916.500     0.0000E+00
     541.500  3916.500     0.0000E+00
     542.500  3916.500     0.0000E+00
     543.500  3916.500     0.0000E+00
     544.500  3916.500     0.0000E+00
     495.500  3917.500     0.0000E+00
     496.500  3917.500     0.0000E+00
     497.500  3917.500     0.0000E+00
     498.500  3917.500     0.0000E+00
     499.500  3917.500     0.0000E+00
     500.500  3917.500     0.0000E+00
     501.500  3917.500     0.0000E+00
     502.500  3917.500     0.0000E+00
     503.500  3917.500     0.0000E+00
     504.500  3917.500     0.0000E+00
     505.500  3917.500     0.0000E+00
     506.500  3917.500     0.0000E+00
     507.500  3917.500     0.0000E+00
     508.500  3917.500     0.0000E+00
     509.500  3917.500     0.0000E+00
     510.500  3917.500     0.0000E+00
     511.500  3917.500     0.0000E+00
     512.500  3917.500     0.0000E+00
     513.500  3917.500     0.0000E+00
     514.500  3917.500     0.0000E+00
     515.500  3917.500     0.0000E+00
     516.500  3917.500     0.0000E+00
     517.500  3917.500     0.0000E+00
     518.500  3917.500     0.0000E+00
     519.500  3917.500     0.0000E+00
     520.500  3917.500     0.0000E+00
     521.500  3917.500     0.0000E+00
     522.500  3917.500     0.0000E+00
     523.500  3917.500     0.0000E+00
     524.500  3917.500     0.0000E+00
     525.500  3917.500     0.0000E+00
     526.500  3917.500     0.0000E+00
     527.500  3917.500     0.0000E+00
     528.500  3917.500     0.0000E+00
     529.500  3917.500     0.0000E+00
     530.500  3917.500     0.0000E+00
     531.500  3917.500     0.0000E+00
     532.500  3917.500     0.0000E+00
     533.500  3917.500     0.0000E+00
     534.500  3917.500     0.0000E+00
     535.500  3917.500     0.0000E+00
     536.500  3917.500     0.0000E+00
     537.500  3917.500     0.0000E+00
     538.500  3917.500     0.0000E+00
     539.500  3917.500     0.0000E+00
     540.500  3917.500     0.0000E+00
     541.500  3917.500     0.0000E+00
     542.500  3917.500     0.0000E+00
     543.500  3917.500     0.0000E+00
     544.500  3917.500     0.0000E+00
     495.500  3918.500     0.0000E+00
     496.500  3918.500     0.0000E+00
     497.500  3918.500     0.0000E+00
     498.500  3918.500     0.0000E+00
     499.500  3918.500     0.0000E+00
     500.500  3918.500     0.0000E+00
     501.500  3918.500     0.0000E+00
     502.500  3918.500     0.0000E+00
     503.500  3918.500     0.0000E+00
     504.500  3918.500     0.0000E+00
     505.500  3918.500     0.0000E+00
     506.500  3918.500     0.0000E+00
     507.500  3918.500     0.0000E+00
     508.500  3918.500     0.0000E+00
     509.500  3918.500     0.0000E+00
     510.500  3918.500     0.0000E+00
     511.500  3918.500     0.0000E+00
     512.500  3918.500     0.0000E+00
     513.500  3918.500     0.0000E+00
     514.500  3918.500     0.0000E+00
     515.500  3918.500     0.0000E+00
     516.500  3918.500     0.0000E+00
     517.500  3918.500     0.0000E+00
     518.500  3918.500     0.0000E+00
     519.500  3918.500     0.0000E+00
     520.500  3918.500     0.0000E+00
     521.500  3918.500     0.0000E+00
     522.500  3918.500     0.0000E+00
     523.500  3918.500     0.0000E+00
     524.500  3918.500     0.0000E+00
     525.500  3918.500     0.0000E+00
     526.500  3918.500     0.0000E+00
     527.500  3918.500     0.0000E+00
     528.500  3918.500     0.0000E+00
     529.500  3918.500     0.0000E+00
     530.500  3918.500     0.0000E+00
     531.500  3918.500     0.0000E+00
     532.500  3918.500     0.0000E+00
     533.500  3918.500     0.0000E+00
     534.500  3918.500     0.0000E+00
     535.500  3918.500     0.0000E+00
     536.500  3918.500     0.0000E+00
     537.500  3918.500     0.0000E+00
     538.500  3918.500     0.0000E+00
     539.500  3918.500     0.0000E+00
     540.500  3918.500     0.0000E+00
     541.500  3918.500     0.0000E+00
     542.500  3918.500     0.0000E+00
     543.500  3918.500     0.0000E+00
     544.500  3918.500     0.0000E+00
     495.500  3919.500     0.0000E+00
     496.500  3919.500     0.0000E+00
     497.500  3919.500     0.0000E+00
     498.500  3919.500     0.0000E+00
     499.500  3919.500     0.0000E+00
     500.500  3919.500     0.0000E+00
     501.500  3919.500     0.0000E+00
     502.500  3919.500     0.0000E+00
     503.500  3919.500     0.0000E+00
     504.500  3919.500     0.0000E+00
     505.500  3919.500     0.0000E+00
     506.500  3919.500     0.0000E+00
     507.500  3919.500     0.0000E+00
     508.500  3919.500     0.0000E+00
     509.500  3919.500     0.0000E+00
     510.500  3919.500     0.0000E+00
     511.500  3919.500     0.0000E+00
     512.500  3919.500     0.0000E+00
     513.500  3919.500     0.0000E+00
     514.500  3919.500     0.0000E+00
     515.500  3919.500     0.0000E+00
     516.500  3919.500     0.0000E+00
     517.500  3919.500     0.0000E+00
     518.500  3919.500     0.0000E+00
     519.500  3919.500     0.0000E+00
     520.500  3919.500     0.0000E+00
     521.500  3919.500     0.0000E+00
     522.500  3919.500     0.0000E+00
     523.500  3919.500     0.0000E+00
     524.500  3919.500     0.0000E+00
     525.500  3919.500     0.0000E+00
     526.500  3919.500     0.0000E+00
     527.500  3919.500     0.0000E+00
     528.500  3919.500     0.0000E+00
     529.500  3919.500     0.0000E+00
     530.500  3919.500     1.9389E-01
     531.500  3919.500     1.1579E-01
     532.500  3919.500     0.0000E+00
     533.500  3919.500     0.0000E+00
     534.500  3919.500     0.0000E+00
     535.500  3919.500     0.0000E+00
     536.500  3919.500     0.0000E+00
     537.500  3919.500     0.0000E+00
     538.500  3919.500     0.0000E+00
     539.500  3919.500     0.0000E+00
     540.500  3919.500     0.0000E+00
     541.500  3919.500     0.0000E+00
     542.500  3919.500     0.0000E+00
     543.500  3919.500     0.0000E+00
     544.500  3919.500     0.0000E+00
     495.500  3920.500     0.0000E+00
     496.500  3920.500     0.0000E+00
     497.500  3920.500     0.0000E+00
     498.500  3920.500     0.0000E+00
     499.500  3920.500     0.0000E+00
     500.500  3920.500     0.0000E+00
     501.500  3920.500     0.0000E+00
     502.500  3920.500     0.0000E+00
     503.500  3920.500     0.0000E+00
     504.500  3920.500     0.0000E+00
     505.500  3920.500     0.0000E+00
     506.500  3920.500     0.0000E+00
     507.500  3920.500     0.0000E+00
     508.500  3920.500     0.0000E+00
     509.500  3920.500     0.0000E+00
     510.500  3920.500     0.0000E+00
     511.500  3920.500     0.0000E+00
     512.500  3920.500     0.0000E+00
     513.500  3920.500     0.0000E+00
     514.500  3920.500     0.0000E+00
     515.500  3920.500     0.0000E+00
     516.500  3920.500     0.0000E+00
     517.500  3920.500     0.0000E+00
     518.500  3920.500     0.0000E+00
     519.500  3920.500     0.0000E+00
     520.500  3920.500     0.0000E+00
     521.500  3920.500     0.0000E+00
     522.500  3920.500     0.0000E+00
     523.500  3920.500     0.0000E+00
     524.500  3920.500     0.0000E+00
     525.500  3920.500     0.0000E+00
     526.500  3920.500     0.0000E+00
     527.500  3920.500     0.0000E+00
     528.500  3920.500     0.0000E+00
     529.500  3920.500     1.7831E-02
     530.500  3920.500     3.7973E-01
     531.500  3920.500     9.5098E-02
     532.500  3920.500     0.0000E+00
     533.500  3920.500     0.0000E+00
     534.500  3920.500     0.0000E+00
     535.500  3920.500     0.0000E+00
     536.500  3920.500     0.0000E+00
     537.500  3920.500     0.0000E+00
     538.500  3920.500     0.0000E+00
     539.500  3920.500     0.0000E+00
     540.500  3920.500     0.0000E+00
     541.500  3920.500     0.0000E+00
     542.500  3920.500     0.0000E+00
     543.500  3920.500     0.0000E+00
     544.500  3920.500     0.0000E+00
     495.500  3921.500     0.0000E+00
     496.500  3921.500     0.0000E+00
     497.500  3921.500     0.0000E+00
     498.500  3921.500     0.0000E+00
     499.500  3921.500     0.0000E+00
     500.500  3921.500     0.0000E+00
     501.500  3921.500     0.0000E+00
     502.500  3921.500     0.0000E+00
     503.500  3921.500     0.0000E+00
     504.500  3921.500     0.0000E+00
     505.500  3921.500     0.0000E+00
     506.500  3921.500     0.0000E+00
     507.500  3921.500     0.0000E+00
     508.500  3921.500     0.0000E+00
     509.500  3921.500     0.0000E+00
     510.500  3921.500     0.0000E+00
     511.500  3921.500     0.0000E+00
     512.500  3921.500     0.0000E+00
     513.500  3921.500     0.0000E+00
     514.500  3921.500     0.0000E+00
     515.500  3921.500     0.0000E+00
     516.500  3921.500     0.0000E+00
     517.500  3921.500     0.0000E+00
     518.500  3921.500     0.0000E+00
     519.500  3921.500     0.0000E+00
     520.500  3921.500     0.0000E+00
     521.500  3921.500     0.0000E+00
     522.500  3921.500     0.0000E+00
     523.500  3921.500     0.0000E+00
     524.500  3921.500     0.0000E+00
     525.500  3921.500     0.0000E+00
     526.500  3921.500     0.0000E+00
     527.500  3921.500     0.0000E+00
     528.500  3921.500     6.1323E-03
     529.500  3921.500     1.3864E-01
     530.500  3921.500     1.7832E-01
     531.500  3921.500     6.1644E-02
     532.500  3921.500     0.0000E+00
     533.500  3921.500     0.0000E+00
     534.500  3921.500     0.0000E+00
     535.500  3921.500     0.0000E+00
     536.500  3921.500     0.0000E+00
     537.500  3921.500     0.0000E+00
     538.500  3921.500     0.0000E+00
     539.500  3921.500     0.0000E+00
     540.500  3921.500     0.0000E+00
     541.500  3921.500     0.0000E+00
     542.500  3921.500     0.0000E+00
     543.500  3921.500     0.0000E+00
     544.500  3921.500     0.0000E+00
     495.500  3922.500     0.0000E+00
     496.500  3922.500     0.0000E+00
     497.500  3922.500     0.0000E+00
     498.500  3922.500     0.0000E+00
     499.500  3922.500     0.0000E+00
     500.500  3922.500     0.0000E+00
     501.500  3922.500     0.0000E+00
     502.500  3922.500     0.0000E+00
     503.500  3922.500     0.0000E+00
     504.500  3922.500     0.0000E+00
     505.500  3922.500     0.0000E+00
     506.500  3922.500     0.0000E+00
     507.500  3922.500     0.0000E+00
     508.500  3922.500     0.0000E+00
     509.500  3922.500     0.0000E+00
     510.500  3922.500     0.0000E+00
     511.500  3922.500     0.0000E+00
     512.500  3922.500     0.0000E+00
     513.500  3922.500     0.0000E+00
     514.500  3922.500     0.0000E+00
     515.500  3922.500     0.0000E+00
     516.500  3922.500     0.0000E+00
     517.500  3922.500     0.0000E+00
     518.500  3922.500     0.0000E+00
     519.500  3922.500     0.0000E+00
     520.500  3922.500     0.0000E+00
     521.500  3922.500     0.0000E+00
     522.500  3922.500     0.0000E+00
     523.500  3922.500     0.0000E+00
     524.500  3922.500     0.0000E+00
     525.500  3922.500     0.0000E+00
     526.500  3922.500     0.0000E+00
     527.500  3922.500     2.0935E-03
     528.500  3922.500     4.5261E-02
     529.500  3922.500     2.1108E-01
     530.500  3922.500     1.3134E-01
     531.500  3922.500     1.0697E-01
     532.500  3922.500     0.0000E+00
     533.500  3922.500     0.0000E+00
     534.500  3922.500     0.0000E+00
     535.500  3922.500     0.0000E+00
     536.500  3922.500     0.0000E+00
     537.500  3922.500     0.0000E+00
     538.500  3922.500     0.0000E+00
     539.500  3922.500     0.0000E+00
     540.500  3922.500     0.0000E+00
     541.500  3922.500     0.0000E+00
     542.500  3922.500     0.0000E+00
     543.500  3922.500     0.0000E+00
     544.500  3922.500     0.0000E+00
     495.500  3923.500     0.0000E+00
     496.500  3923.500     0.0000E+00
     497.500  3923.500     0.0000E+00
     498.500  3923.500     0.0000E+00
     499.500  3923.500     0.0000E+00
     500.500  3923.500     0.0000E+00
     501.500  3923.500     0.0000E+00
     502.500  3923.500     0.0000E+00
     503.500  3923.500     0.0000E+00
     504.500  3923.500     0.0000E+00
     505.500  3923.500     0.0000E+00
     506.500  3923.500     0.0000E+00
     507.500  3923.500     0.0000E+00
     508.500  3923.500     0.0000E+00
     509.500  3923.500     0.0000E+00
     510.500  3923.500     0.0000E+00
     511.500  3923.500     0.0000E+00
     512.500  3923.500     0.0000E+00
     513.500  3923.500     0.0000E+00
     514.500  3923.500     0.0000E+00
     515.500  3923.500     0.0000E+00
     516.500  3923.500     0.0000E+00
     517.500  3923.500     0.0000E+00
     518.500  3923.500     0.0000E+00
     519.500  3923.500     0.0000E+00
     520.500  3923.500     0.0000E+00
     521.500  3923.500     0.0000E+00
     522.500  3923.500     0.0000E+00
     523.500  3923.500     0.0000E+00
     524.500  3923.500     0.0000E+00
     525.500  3923.500     0.0000E+00
     526.500  3923.500     7.2151E-03
     527.500  3923.500     1.7121E-02
     528.500  3923.500     9.1532E-02
     529.500  3923.500     1.6915E-01
     530.500  3923.500     6.8369E-01
     531.500  3923.500     5.4992E-03
     532.500  3923.500     0.0000E+00
     533.500  3923.500     0.0000E+00
     534.500  3923.500     0.0000E+00
     535.500  3923.500     0.0000E+00
     536.500  3923.500     0.0000E+00
     537.500  3923.500     0.0000E+00
     538.500  3923.500     0.0000E+00
     539.500  3923.500     0.0000E+00
     540.500  3923.500     0.0000E+00
     541.500  3923.500     0.0000E+00
     542.500  3923.500     0.0000E+00
     543.500  3923.500     0.0000E+00
     544.500  3923.500     0.0000E+00
     495.500  3924.500     0.0000E+00
     496.500  3924.500     0.0000E+00
     497.500  3924.500     0.0000E+00
     498.500  3924.500     0.0000E+00
     499.500  3924.500     0.0000E+00
     500.500  3924.500     0.0000E+00
     501.500  3924.500     0.0000E+00
     502.500  3924.500     0.0000E+00
     503.500  3924.500     0.0000E+00
     504.500  3924.500     0.0000E+00
     505.500  3924.500     0.0000E+00
     506.500  3924.500     0.0000E+00
     507.500  3924.500     0.0000E+00
     508.500  3924.500     0.0000E+00
     509.500  3924.500     0.0000E+00
     510.500  3924.500     0.0000E+00
     511.500  3924.500     0.0000E+00
     512.500  3924.500     0.0000E+00
     513.500  3924.500     0.0000E+00
     514.500  3924.500     0.0000E+00
     515.500  3924.500     0.0000E+00
     516.500  3924.500     0.0000E+00
     517.500  3924.500     0.0000E+00
     518.500  3924.500     0.0000E+00
     519.500  3924.500     0.0000E+00
     520.500  3924.500     0.0000E+00
     521.500  3924.500     0.0000E+00
     522.500  3924.500     0.0000E+00
     523.500  3924.500     0.0000E+00
     524.500  3924.500     0.0000E+00
     525.500  3924.500     2.9499E-03
     526.500  3924.500     8.8455E-03
     527.500  3924.500     4.0791E-02
     528.500  3924.500     1.1330E-01
     529.500  3924.500     1.9011E-01
     530.500  3924.500     3.2835E-01
     531.500  3924.500     2.2565E-03
     532.500  3924.500     2.8988E-03
     533.500  3924.500     1.8025E-07
     534.500  3924.500     2.2909E-07
     535.500  3924.500     2.3038E-07
     536.500  3924.500     1.8447E-07
     537.500  3924.500     1.7853E-07
     538.500  3924.500     9.7042E-08
     539.500  3924.500     9.0327E-08
     540.500  3924.500     8.2381E-08
     541.500  3924.500     3.6732E-08
     542.500  3924.500     0.0000E+00
     543.500  3924.500     0.0000E+00
     544.500  3924.500     0.0000E+00
     495.500  3925.500     0.0000E+00
     496.500  3925.500     0.0000E+00
     497.500  3925.500     0.0000E+00
     498.500  3925.500     0.0000E+00
     499.500  3925.500     0.0000E+00
     500.500  3925.500     0.0000E+00
     501.500  3925.500     0.0000E+00
     502.500  3925.500     0.0000E+00
     503.500  3925.500     0.0000E+00
     504.500  3925.500     0.0000E+00
     505.500  3925.500     0.0000E+00
     506.500  3925.500     0.0000E+00
     507.500  3925.500     0.0000E+00
     508.500  3925.500     0.0000E+00
     509.500  3925.500     0.0000E+00
     510.500  3925.500     0.0000E+00
     511.500  3925.500     0.0000E+00
     512.500  3925.500     0.0000E+00
     513.500  3925.500     0.0000E+00
     514.500  3925.500     0.0000E+00
     515.500  3925.500     0.0000E+00
     516.500  3925.500     0.0000E+00
     517.500  3925.500     0.0000E+00
     518.500  3925.500     0.0000E+00
     519.500  3925.500     0.0000E+00
     520.500  3925.500     0.0000E+00
     521.500  3925.500     0.0000E+00
     522.500  3925.500     0.0000E+00
     523.500  3925.500     0.0000E+00
     524.500  3925.500     4.2073E-04
     525.500  3925.500     7.2026E-03
     526.500  3925.500     2.1200E-02
     527.500  3925.500     6.3305E-02
     528.500  3925.500     1.2776E-01
     529.500  3925.500     2.2085E-01
     530.500  3925.500     1.1643E-01
     531.500  3925.500     1.9045E-02
     532.500  3925.500     3.1477E-02
     533.500  3925.500     6.8739E-07
     534.500  3925.500     7.5600E-07
     535.500  3925.500     7.1034E-07
     536.500  3925.500     7.0058E-07
     537.500  3925.500     6.7718E-07
     538.500  3925.500     6.1148E-07
     539.500  3925.500     4.5745E-07
     540.500  3925.500     3.8291E-07
     541.500  3925.500     2.6883E-07
     542.500  3925.500     1.3353E-07
     543.500  3925.500     8.3417E-08
     544.500  3925.500     0.0000E+00
     495.500  3926.500     0.0000E+00
     496.500  3926.500     0.0000E+00
     497.500  3926.500     0.0000E+00
     498.500  3926.500     0.0000E+00
     499.500  3926.500     0.0000E+00
     500.500  3926.500     0.0000E+00
     501.500  3926.500     0.0000E+00
     502.500  3926.500     0.0000E+00
     503.500  3926.500     0.0000E+00
     504.500  3926.500     0.0000E+00
     505.500  3926.500     0.0000E+00
     506.500  3926.500     0.0000E+00
     507.500  3926.500     0.0000E+00
     508.500  3926.500     0.0000E+00
     509.500  3926.500     0.0000E+00
     510.500  3926.500     0.0000E+00
     511.500  3926.500     0.0000E+00
     512.500  3926.500     0.0000E+00
     513.500  3926.500     0.0000E+00
     514.500  3926.500     0.0000E+00
     515.500  3926.500     0.0000E+00
     516.500  3926.500     0.0000E+00
     517.500  3926.500     0.0000E+00
     518.500  3926.500     0.0000E+00
     519.500  3926.500     0.0000E+00
     520.500  3926.500     0.0000E+00
     521.500  3926.500     0.0000E+00
     522.500  3926.500     0.0000E+00
     523.500  3926.500     8.7389E-05
     524.500  3926.500     3.4506E-03
     525.500  3926.500     1.4095E-02
     526.500  3926.500     3.7479E-02
     527.500  3926.500     8.4321E-02
     528.500  3926.500     1.5118E-01
     529.500  3926.500     1.8340E-01
     530.500  3926.500     6.8098E-02
     531.500  3926.500     3.6074E-01
     532.500  3926.500     5.8915E-01
     533.500  3926.500     1.7920E-06
     534.500  3926.500     1.3518E+00
     535.500  3926.500     1.8327E-06
     536.500  3926.500     1.7517E-06
     537.500  3926.500     1.6264E-06
     538.500  3926.500     1.4353E-06
     539.500  3926.500     1.2549E-06
     540.500  3926.500     1.0022E-06
     541.500  3926.500     8.2778E-07
     542.500  3926.500     5.2674E-07
     543.500  3926.500     4.5353E-07
     544.500  3926.500     2.1800E-07
     495.500  3927.500     0.0000E+00
     496.500  3927.500     0.0000E+00
     497.500  3927.500     0.0000E+00
     498.500  3927.500     0.0000E+00
     499.500  3927.500     0.0000E+00
     500.500  3927.500     0.0000E+00
     501.500  3927.500     0.0000E+00
     502.500  3927.500     0.0000E+00
     503.500  3927.500     0.0000E+00
     504.500  3927.500     0.0000E+00
     505.500  3927.500     0.0000E+00
     506.500  3927.500     0.0000E+00
     507.500  3927.500     0.0000E+00
     508.500  3927.500     0.0000E+00
     509.500  3927.500     0.0000E+00
     510.500  3927.500     0.0000E+00
     511.500  3927.500     0.0000E+00
     512.500  3927.500     0.0000E+00
     513.500  3927.500     0.0000E+00
     514.500  3927.500     0.0000E+00
     515.500  3927.500     0.0000E+00
     516.500  3927.500     0.0000E+00
     517.500  3927.500     0.0000E+00
     518.500  3927.500     0.0000E+00
     519.500  3927.500     0.0000E+00
     520.500  3927.500     0.0000E+00
     521.500  3927.500     0.0000E+00
     522.500  3927.500     3.3809E-05
     523.500  3927.500     1.7887E-03
     524.500  3927.500     8.0702E-03
     525.500  3927.500     2.3847E-02
     526.500  3927.500     5.5156E-02
     527.500  3927.500     1.0693E-01
     528.500  3927.500     1.6265E-01
     529.500  3927.500     1.4663E-01
     530.500  3927.500     1.6158E-01
     531.500  3927.500     1.1275E+00
     532.500  3927.500     1.0609E-01
     533.500  3927.500     2.3514E-01
     534.500  3927.500     1.2271E-01
     535.500  3927.500     3.8895E-06
     536.500  3927.500     3.7197E-06
     537.500  3927.500     3.4094E-06
     538.500  3927.500     3.0466E-06
     539.500  3927.500     2.6431E-06
     540.500  3927.500     2.2246E-06
     541.500  3927.500     1.7921E-06
     542.500  3927.500     1.3702E-06
     543.500  3927.500     9.4732E-07
     544.500  3927.500     7.3249E-07
     495.500  3928.500     0.0000E+00
     496.500  3928.500     0.0000E+00
     497.500  3928.500     0.0000E+00
     498.500  3928.500     0.0000E+00
     499.500  3928.500     0.0000E+00
     500.500  3928.500     0.0000E+00
     501.500  3928.500     0.0000E+00
     502.500  3928.500     0.0000E+00
     503.500  3928.500     0.0000E+00
     504.500  3928.500     0.0000E+00
     505.500  3928.500     0.0000E+00
     506.500  3928.500     0.0000E+00
     507.500  3928.500     0.0000E+00
     508.500  3928.500     0.0000E+00
     509.500  3928.500     0.0000E+00
     510.500  3928.500     0.0000E+00
     511.500  3928.500     0.0000E+00
     512.500  3928.500     0.0000E+00
     513.500  3928.500     0.0000E+00
     514.500  3928.500     0.0000E+00
     515.500  3928.500     0.0000E+00
     516.500  3928.500     0.0000E+00
     517.500  3928.500     0.0000E+00
     518.500  3928.500     0.0000E+00
     519.500  3928.500     0.0000E+00
     520.500  3928.500     0.0000E+00
     521.500  3928.500     1.5126E-05
     522.500  3928.500     1.0060E-03
     523.500  3928.500     4.8879E-03
     524.500  3928.500     1.4875E-02
     525.500  3928.500     3.6421E-02
     526.500  3928.500     7.3568E-02
     527.500  3928.500     1.2463E-01
     528.500  3928.500     1.6451E+01
     529.500  3928.500     3.0855E+00
     530.500  3928.500     5.0631E-01
     531.500  3928.500     7.8141E-01
     532.500  3928.500     4.3293E-01
     533.500  3928.500     4.5990E-01
     534.500  3928.500     3.2408E-02
     535.500  3928.500     1.1677E-05
     536.500  3928.500     6.7967E-06
     537.500  3928.500     6.3270E-06
     538.500  3928.500     5.6777E-06
     539.500  3928.500     4.9131E-06
     540.500  3928.500     4.1658E-06
     541.500  3928.500     3.4742E-06
     542.500  3928.500     2.7850E-06
     543.500  3928.500     2.1564E-06
     544.500  3928.500     1.4792E-06
     495.500  3929.500     0.0000E+00
     496.500  3929.500     0.0000E+00
     497.500  3929.500     0.0000E+00
     498.500  3929.500     0.0000E+00
     499.500  3929.500     0.0000E+00
     500.500  3929.500     0.0000E+00
     501.500  3929.500     0.0000E+00
     502.500  3929.500     0.0000E+00
     503.500  3929.500     0.0000E+00
     504.500  3929.500     0.0000E+00
     505.500  3929.500     0.0000E+00
     506.500  3929.500     0.0000E+00
     507.500  3929.500     0.0000E+00
     508.500  3929.500     0.0000E+00
     509.500  3929.500     0.0000E+00
     510.500  3929.500     0.0000E+00
     511.500  3929.500     0.0000E+00
     512.500  3929.500     0.0000E+00
     513.500  3929.500     0.0000E+00
     514.500  3929.500     0.0000E+00
     515.500  3929.500     0.0000E+00
     516.500  3929.500     0.0000E+00
     517.500  3929.500     0.0000E+00
     518.500  3929.500     0.0000E+00
     519.500  3929.500     0.0000E+00
     520.500  3929.500     0.0000E+00
     521.500  3929.500     5.1407E-04
     522.500  3929.500     2.9882E-03
     523.500  3929.500     9.2125E-03
     524.500  3929.500     2.3243E-02
     525.500  3929.500     4.9811E-02
     526.500  3929.500     9.0215E-02
     527.500  3929.500     9.4429E-01
     528.500  3929.500     3.3094E+00
     529.500  3929.500     4.7541E-01
     530.500  3929.500     8.0028E-01
     531.500  3929.500     8.7418E-01
     532.500  3929.500     3.3465E-01
     533.500  3929.500     3.1670E-01
     534.500  3929.500     6.9966E-03
     535.500  3929.500     9.1735E-05
     536.500  3929.500     5.0208E-05
     537.500  3929.500     3.1558E-05
     538.500  3929.500     1.8639E-05
     539.500  3929.500     8.2838E-06
     540.500  3929.500     7.1013E-06
     541.500  3929.500     5.9873E-06
     542.500  3929.500     4.9417E-06
     543.500  3929.500     3.8956E-06
     544.500  3929.500     2.9603E-06
     495.500  3930.500     0.0000E+00
     496.500  3930.500     0.0000E+00
     497.500  3930.500     0.0000E+00
     498.500  3930.500     0.0000E+00
     499.500  3930.500     0.0000E+00
     500.500  3930.500     0.0000E+00
     501.500  3930.500     0.0000E+00
     502.500  3930.500     0.0000E+00
     503.500  3930.500     0.0000E+00
     504.500  3930.500     0.0000E+00
     505.500  3930.500     0.0000E+00
     506.500  3930.500     0.0000E+00
     507.500  3930.500     0.0000E+00
     508.500  3930.500     0.0000E+00
     509.500  3930.500     0.0000E+00
     510.500  3930.500     0.0000E+00
     511.500  3930.500     0.0000E+00
     512.500  3930.500     0.0000E+00
     513.500  3930.500     0.0000E+00
     514.500  3930.500     0.0000E+00
     515.500  3930.500     0.0000E+00
     516.500  3930.500     0.0000E+00
     517.500  3930.500     0.0000E+00
     518.500  3930.500     0.0000E+00
     519.500  3930.500     0.0000E+00
     520.500  3930.500     2.7542E-04
     521.500  3930.500     1.8144E-03
     522.500  3930.500     5.7059E-03
     523.500  3930.500     1.4643E-02
     524.500  3930.500     3.2669E-02
     525.500  3930.500     6.2353E-02
     526.500  3930.500     2.6699E-01
     527.500  3930.500     2.0168E+00
     528.500  3930.500     2.2385E+00
     529.500  3930.500     5.8988E-01
     530.500  3930.500     6.9182E-01
     531.500  3930.500     9.2461E-01
     532.500  3930.500     4.1663E-01
     533.500  3930.500     1.8131E-01
     534.500  3930.500     6.7096E-03
     535.500  3930.500     8.0863E-04
     536.500  3930.500     1.0503E-02
     537.500  3930.500     5.4054E-04
     538.500  3930.500     4.3806E-04
     539.500  3930.500     3.1021E-04
     540.500  3930.500     1.9040E-04
     541.500  3930.500     9.9588E-05
     542.500  3930.500     3.8906E-05
     543.500  3930.500     6.2333E-06
     544.500  3930.500     4.9995E-06
     495.500  3931.500     0.0000E+00
     496.500  3931.500     0.0000E+00
     497.500  3931.500     0.0000E+00
     498.500  3931.500     0.0000E+00
     499.500  3931.500     0.0000E+00
     500.500  3931.500     0.0000E+00
     501.500  3931.500     0.0000E+00
     502.500  3931.500     0.0000E+00
     503.500  3931.500     0.0000E+00
     504.500  3931.500     0.0000E+00
     505.500  3931.500     0.0000E+00
     506.500  3931.500     0.0000E+00
     507.500  3931.500     0.0000E+00
     508.500  3931.500     0.0000E+00
     509.500  3931.500     0.0000E+00
     510.500  3931.500     0.0000E+00
     511.500  3931.500     0.0000E+00
     512.500  3931.500     0.0000E+00
     513.500  3931.500     0.0000E+00
     514.500  3931.500     0.0000E+00
     515.500  3931.500     0.0000E+00
     516.500  3931.500     0.0000E+00
     517.500  3931.500     0.0000E+00
     518.500  3931.500     0.0000E+00
     519.500  3931.500     1.3116E-04
     520.500  3931.500     1.0216E-03
     521.500  3931.500     3.4953E-03
     522.500  3931.500     9.0179E-03
     523.500  3931.500     2.0759E-02
     524.500  3931.500     4.1368E-02
     525.500  3931.500     1.0811E-01
     526.500  3931.500     6.8596E-01
     527.500  3931.500     2.2047E+00
     528.500  3931.500     1.9144E+00
     529.500  3931.500     7.6382E-01
     530.500  3931.500     7.9812E-01
     531.500  3931.500     9.0617E-01
     532.500  3931.500     4.6704E-01
     533.500  3931.500     2.6618E-01
     534.500  3931.500     2.3320E-01
     535.500  3931.500     5.2426E-03
     536.500  3931.500     4.5305E-03
     537.500  3931.500     1.8459E-03
     538.500  3931.500     1.5500E-03
     539.500  3931.500     1.2317E-03
     540.500  3931.500     8.8464E-04
     541.500  3931.500     6.4389E-04
     542.500  3931.500     3.3890E-04
     543.500  3931.500     2.5954E-04
     544.500  3931.500     9.8874E-05
     495.500  3932.500     0.0000E+00
     496.500  3932.500     0.0000E+00
     497.500  3932.500     0.0000E+00
     498.500  3932.500     0.0000E+00
     499.500  3932.500     0.0000E+00
     500.500  3932.500     0.0000E+00
     501.500  3932.500     0.0000E+00
     502.500  3932.500     0.0000E+00
     503.500  3932.500     0.0000E+00
     504.500  3932.500     0.0000E+00
     505.500  3932.500     0.0000E+00
     506.500  3932.500     0.0000E+00
     507.500  3932.500     0.0000E+00
     508.500  3932.500     0.0000E+00
     509.500  3932.500     0.0000E+00
     510.500  3932.500     0.0000E+00
     511.500  3932.500     0.0000E+00
     512.500  3932.500     0.0000E+00
     513.500  3932.500     0.0000E+00
     514.500  3932.500     0.0000E+00
     515.500  3932.500     0.0000E+00
     516.500  3932.500     0.0000E+00
     517.500  3932.500     1.9977E-07
     518.500  3932.500     3.1953E-05
     519.500  3932.500     5.2277E-04
     520.500  3932.500     2.0872E-03
     521.500  3932.500     5.4682E-03
     522.500  3932.500     1.2828E-02
     523.500  3932.500     2.6551E-02
     524.500  3932.500     5.9088E-02
     525.500  3932.500     2.6976E-01
     526.500  3932.500     1.0432E+00
     527.500  3932.500     2.0842E+00
     528.500  3932.500     1.7836E+00
     529.500  3932.500     9.5406E-01
     530.500  3932.500     8.5516E-01
     531.500  3932.500     6.4607E-01
     532.500  3932.500     3.5680E-01
     533.500  3932.500     2.6418E-01
     534.500  3932.500     8.9840E-02
     535.500  3932.500     1.0448E-02
     536.500  3932.500     6.3353E-03
     537.500  3932.500     4.4464E-03
     538.500  3932.500     3.5981E-03
     539.500  3932.500     3.0186E-03
     540.500  3932.500     2.3874E-03
     541.500  3932.500     1.7635E-03
     542.500  3932.500     1.2132E-03
     543.500  3932.500     7.5766E-04
     544.500  3932.500     4.4221E-04
     495.500  3933.500     0.0000E+00
     496.500  3933.500     0.0000E+00
     497.500  3933.500     0.0000E+00
     498.500  3933.500     0.0000E+00
     499.500  3933.500     0.0000E+00
     500.500  3933.500     0.0000E+00
     501.500  3933.500     0.0000E+00
     502.500  3933.500     0.0000E+00
     503.500  3933.500     0.0000E+00
     504.500  3933.500     0.0000E+00
     505.500  3933.500     0.0000E+00
     506.500  3933.500     0.0000E+00
     507.500  3933.500     0.0000E+00
     508.500  3933.500     0.0000E+00
     509.500  3933.500     0.0000E+00
     510.500  3933.500     0.0000E+00
     511.500  3933.500     0.0000E+00
     512.500  3933.500     0.0000E+00
     513.500  3933.500     0.0000E+00
     514.500  3933.500     0.0000E+00
     515.500  3933.500     3.2938E-08
     516.500  3933.500     3.4078E-07
     517.500  3933.500     3.6411E-06
     518.500  3933.500     2.4056E-04
     519.500  3933.500     1.1222E-03
     520.500  3933.500     3.2435E-03
     521.500  3933.500     7.7407E-03
     522.500  3933.500     1.6496E-02
     523.500  3933.500     3.2724E-02
     524.500  3933.500     1.2084E-01
     525.500  3933.500     4.5932E-01
     526.500  3933.500     1.2266E+00
     527.500  3933.500     1.9293E+00
     528.500  3933.500     1.7321E+00
     529.500  3933.500     1.1562E+00
     530.500  3933.500     8.9081E-01
     531.500  3933.500     6.0103E-01
     532.500  3933.500     3.2572E-01
     533.500  3933.500     2.1138E-01
     534.500  3933.500     7.7446E-02
     535.500  3933.500     1.7691E-02
     536.500  3933.500     1.2296E-02
     537.500  3933.500     9.2526E-03
     538.500  3933.500     7.5036E-03
     539.500  3933.500     6.0627E-03
     540.500  3933.500     4.6874E-03
     541.500  3933.500     3.6197E-03
     542.500  3933.500     2.7162E-03
     543.500  3933.500     1.8976E-03
     544.500  3933.500     1.1901E-03
     495.500  3934.500     0.0000E+00
     496.500  3934.500     0.0000E+00
     497.500  3934.500     0.0000E+00
     498.500  3934.500     0.0000E+00
     499.500  3934.500     0.0000E+00
     500.500  3934.500     0.0000E+00
     501.500  3934.500     0.0000E+00
     502.500  3934.500     0.0000E+00
     503.500  3934.500     0.0000E+00
     504.500  3934.500     0.0000E+00
     505.500  3934.500     0.0000E+00
     506.500  3934.500     0.0000E+00
     507.500  3934.500     0.0000E+00
     508.500  3934.500     0.0000E+00
     509.500  3934.500     0.0000E+00
     510.500  3934.500     0.0000E+00
     511.500  3934.500     0.0000E+00
     512.500  3934.500     0.0000E+00
     513.500  3934.500     0.0000E+00
     514.500  3934.500     2.5452E-07
     515.500  3934.500     5.1274E-07
     516.500  3934.500     7.7666E-07
     517.500  3934.500     6.7163E-05
     518.500  3934.500     5.4114E-04
     519.500  3934.500     1.8294E-03
     520.500  3934.500     4.5045E-03
     521.500  3934.500     9.9069E-03
     522.500  3934.500     1.9566E-02
     523.500  3934.500     5.3048E-02
     524.500  3934.500     2.0351E-01
     525.500  3934.500     6.1139E-01
     526.500  3934.500     1.2919E+00
     527.500  3934.500     1.8168E+00
     528.500  3934.500     1.7345E+00
     529.500  3934.500     1.3258E+00
     530.500  3934.500     9.7642E-01
     531.500  3934.500     6.3191E-01
     532.500  3934.500     3.7182E-01
     533.500  3934.500     2.1250E-01
     534.500  3934.500     8.7100E-02
     535.500  3934.500     3.4613E-02
     536.500  3934.500     2.4544E-02
     537.500  3934.500     1.8661E-02
     538.500  3934.500     1.4618E-02
     539.500  3934.500     1.1616E-02
     540.500  3934.500     9.0052E-03
     541.500  3934.500     6.8823E-03
     542.500  3934.500     5.0504E-03
     543.500  3934.500     3.6325E-03
     544.500  3934.500     2.6085E-03
     495.500  3935.500     0.0000E+00
     496.500  3935.500     0.0000E+00
     497.500  3935.500     0.0000E+00
     498.500  3935.500     0.0000E+00
     499.500  3935.500     0.0000E+00
     500.500  3935.500     0.0000E+00
     501.500  3935.500     0.0000E+00
     502.500  3935.500     0.0000E+00
     503.500  3935.500     0.0000E+00
     504.500  3935.500     0.0000E+00
     505.500  3935.500     0.0000E+00
     506.500  3935.500     0.0000E+00
     507.500  3935.500     0.0000E+00
     508.500  3935.500     0.0000E+00
     509.500  3935.500     0.0000E+00
     510.500  3935.500     0.0000E+00
     511.500  3935.500     0.0000E+00
     512.500  3935.500     6.0274E-08
     513.500  3935.500     3.6474E-07
     514.500  3935.500     5.7760E-07
     515.500  3935.500     9.4421E-07
     516.500  3935.500     1.6652E-06
     517.500  3935.500     2.1788E-04
     518.500  3935.500     9.1337E-04
     519.500  3935.500     2.5526E-03
     520.500  3935.500     5.7894E-03
     521.500  3935.500     1.1888E-02
     522.500  3935.500     2.5067E-02
     523.500  3935.500     8.9415E-02
     524.500  3935.500     2.8427E-01
     525.500  3935.500     7.0365E-01
     526.500  3935.500     1.2853E+00
     527.500  3935.500     1.7238E+00
     528.500  3935.500     1.7453E+00
     529.500  3935.500     1.4689E+00
     530.500  3935.500     1.1089E+00
     531.500  3935.500     7.4240E-01
     532.500  3935.500     4.5478E-01
     533.500  3935.500     2.6822E-01
     534.500  3935.500     1.3365E-01
     535.500  3935.500     6.8688E-02
     536.500  3935.500     4.7130E-02
     537.500  3935.500     3.5209E-02
     538.500  3935.500     2.7266E-02
     539.500  3935.500     2.0743E-02
     540.500  3935.500     1.6024E-02
     541.500  3935.500     1.2171E-02
     542.500  3935.500     9.0478E-03
     543.500  3935.500     6.4686E-03
     544.500  3935.500     4.4199E-03
     495.500  3936.500     0.0000E+00
     496.500  3936.500     0.0000E+00
     497.500  3936.500     0.0000E+00
     498.500  3936.500     0.0000E+00
     499.500  3936.500     0.0000E+00
     500.500  3936.500     0.0000E+00
     501.500  3936.500     0.0000E+00
     502.500  3936.500     0.0000E+00
     503.500  3936.500     0.0000E+00
     504.500  3936.500     0.0000E+00
     505.500  3936.500     0.0000E+00
     506.500  3936.500     0.0000E+00
     507.500  3936.500     0.0000E+00
     508.500  3936.500     0.0000E+00
     509.500  3936.500     0.0000E+00
     510.500  3936.500     0.0000E+00
     511.500  3936.500     1.2307E-07
     512.500  3936.500     4.3820E-07
     513.500  3936.500     6.2978E-07
     514.500  3936.500     1.0711E-06
     515.500  3936.500     1.8770E-06
     516.500  3936.500     4.3717E-05
     517.500  3936.500     4.2280E-04
     518.500  3936.500     1.4093E-03
     519.500  3936.500     3.2824E-03
     520.500  3936.500     7.1287E-03
     521.500  3936.500     1.4020E-02
     522.500  3936.500     3.8671E-02
     523.500  3936.500     1.3042E-01
     524.500  3936.500     3.4771E-01
     525.500  3936.500     7.4401E-01
     526.500  3936.500     1.2478E+00
     527.500  3936.500     1.6388E+00
     528.500  3936.500     1.7462E+00
     529.500  3936.500     1.5883E+00
     530.500  3936.500     1.2755E+00
     531.500  3936.500     9.2094E-01
     532.500  3936.500     6.0975E-01
     533.500  3936.500     3.7941E-01
     534.500  3936.500     2.1867E-01
     535.500  3936.500     1.2750E-01
     536.500  3936.500     8.6319E-02
     537.500  3936.500     6.3325E-02
     538.500  3936.500     4.7581E-02
     539.500  3936.500     3.5586E-02
     540.500  3936.500     2.6834E-02
     541.500  3936.500     2.0153E-02
     542.500  3936.500     1.4967E-02
     543.500  3936.500     1.0851E-02
     544.500  3936.500     7.6461E-03
     495.500  3937.500     0.0000E+00
     496.500  3937.500     0.0000E+00
     497.500  3937.500     0.0000E+00
     498.500  3937.500     0.0000E+00
     499.500  3937.500     0.0000E+00
     500.500  3937.500     0.0000E+00
     501.500  3937.500     0.0000E+00
     502.500  3937.500     0.0000E+00
     503.500  3937.500     0.0000E+00
     504.500  3937.500     0.0000E+00
     505.500  3937.500     0.0000E+00
     506.500  3937.500     0.0000E+00
     507.500  3937.500     0.0000E+00
     508.500  3937.500     0.0000E+00
     509.500  3937.500     0.0000E+00
     510.500  3937.500     1.8092E-07
     511.500  3937.500     4.6937E-07
     512.500  3937.500     7.0159E-07
     513.500  3937.500     1.1918E-06
     514.500  3937.500     2.0333E-06
     515.500  3937.500     3.6582E-06
     516.500  3937.500     1.2507E-04
     517.500  3937.500     6.5288E-04
     518.500  3937.500     1.9264E-03
     519.500  3937.500     4.2774E-03
     520.500  3937.500     8.7165E-03
     521.500  3937.500     1.7097E-02
     522.500  3937.500     5.5005E-02
     523.500  3937.500     1.6508E-01
     524.500  3937.500     3.9024E-01
     525.500  3937.500     7.5640E-01
     526.500  3937.500     1.1949E+00
     527.500  3937.500     1.5599E+00
     528.500  3937.500     1.7275E+00
     529.500  3937.500     1.6710E+00
     530.500  3937.500     1.4424E+00
     531.500  3937.500     1.1270E+00
     532.500  3937.500     8.1162E-01
     533.500  3937.500     5.4710E-01
     534.500  3937.500     3.4756E-01
     535.500  3937.500     2.2106E-01
     536.500  3937.500     1.4975E-01
     537.500  3937.500     1.0771E-01
     538.500  3937.500     7.9242E-02
     539.500  3937.500     5.8697E-02
     540.500  3937.500     4.3393E-02
     541.500  3937.500     3.1944E-02
     542.500  3937.500     2.3450E-02
     543.500  3937.500     1.7036E-02
     544.500  3937.500     1.2081E-02
     495.500  3938.500     0.0000E+00
     496.500  3938.500     0.0000E+00
     497.500  3938.500     0.0000E+00
     498.500  3938.500     0.0000E+00
     499.500  3938.500     0.0000E+00
     500.500  3938.500     0.0000E+00
     501.500  3938.500     0.0000E+00
     502.500  3938.500     0.0000E+00
     503.500  3938.500     0.0000E+00
     504.500  3938.500     0.0000E+00
     505.500  3938.500     0.0000E+00
     506.500  3938.500     0.0000E+00
     507.500  3938.500     0.0000E+00
     508.500  3938.500     0.0000E+00
     509.500  3938.500     1.7519E-07
     510.500  3938.500     4.8918E-07
     511.500  3938.500     7.7289E-07
     512.500  3938.500     1.2649E-06
     513.500  3938.500     2.1152E-06
     514.500  3938.500     3.4225E-06
     515.500  3938.500     8.2467E-06
     516.500  3938.500     2.4863E-04
     517.500  3938.500     1.1286E-03
     518.500  3938.500     2.5897E-03
     519.500  3938.500     5.4557E-03
     520.500  3938.500     1.1174E-02
     521.500  3938.500     2.4101E-02
     522.500  3938.500     7.8575E-02
     523.500  3938.500     2.0015E-01
     524.500  3938.500     4.1977E-01
     525.500  3938.500     7.5064E-01
     526.500  3938.500     1.1426E+00
     527.500  3938.500     1.4877E+00
     528.500  3938.500     1.6961E+00
     529.500  3938.500     1.7210E+00
     530.500  3938.500     1.5808E+00
     531.500  3938.500     1.3298E+00
     532.500  3938.500     1.0357E+00
     533.500  3938.500     7.5441E-01
     534.500  3938.500     5.2257E-01
     535.500  3938.500     3.5340E-01
     536.500  3938.500     2.4274E-01
     537.500  3938.500     1.7315E-01
     538.500  3938.500     1.2596E-01
     539.500  3938.500     9.1959E-02
     540.500  3938.500     6.7215E-02
     541.500  3938.500     4.8768E-02
     542.500  3938.500     3.5484E-02
     543.500  3938.500     2.5482E-02
     544.500  3938.500     1.8138E-02
     495.500  3939.500     0.0000E+00
     496.500  3939.500     0.0000E+00
     497.500  3939.500     0.0000E+00
     498.500  3939.500     0.0000E+00
     499.500  3939.500     0.0000E+00
     500.500  3939.500     0.0000E+00
     501.500  3939.500     0.0000E+00
     502.500  3939.500     0.0000E+00
     503.500  3939.500     0.0000E+00
     504.500  3939.500     0.0000E+00
     505.500  3939.500     0.0000E+00
     506.500  3939.500     0.0000E+00
     507.500  3939.500     0.0000E+00
     508.500  3939.500     8.2578E-08
     509.500  3939.500     4.4343E-07
     510.500  3939.500     7.2150E-07
     511.500  3939.500     1.3218E-06
     512.500  3939.500     2.0868E-06
     513.500  3939.500     3.1885E-06
     514.500  3939.500     5.6105E-06
     515.500  3939.500     1.3244E-04
     516.500  3939.500     6.3844E-04
     517.500  3939.500     1.6406E-03
     518.500  3939.500     3.6779E-03
     519.500  3939.500     7.7677E-03
     520.500  3939.500     1.3422E-02
     521.500  3939.500     3.7671E-02
     522.500  3939.500     1.0140E-01
     523.500  3939.500     2.2678E-01
     524.500  3939.500     4.3888E-01
     525.500  3939.500     7.3907E-01
     526.500  3939.500     1.0867E+00
     527.500  3939.500     1.4134E+00
     528.500  3939.500     1.6450E+00
     529.500  3939.500     1.7340E+00
     530.500  3939.500     1.6753E+00
     531.500  3939.500     1.4967E+00
     532.500  3939.500     1.2457E+00
     533.500  3939.500     9.7504E-01
     534.500  3939.500     7.2486E-01
     535.500  3939.500     5.2241E-01
     536.500  3939.500     3.7263E-01
     537.500  3939.500     2.6521E-01
     538.500  3939.500     1.9085E-01
     539.500  3939.500     1.3831E-01
     540.500  3939.500     9.9923E-02
     541.500  3939.500     7.1907E-02
     542.500  3939.500     5.1597E-02
     543.500  3939.500     3.6836E-02
     544.500  3939.500     2.5991E-02
     495.500  3940.500     0.0000E+00
     496.500  3940.500     0.0000E+00
     497.500  3940.500     0.0000E+00
     498.500  3940.500     0.0000E+00
     499.500  3940.500     0.0000E+00
     500.500  3940.500     0.0000E+00
     501.500  3940.500     0.0000E+00
     502.500  3940.500     0.0000E+00
     503.500  3940.500     0.0000E+00
     504.500  3940.500     0.0000E+00
     505.500  3940.500     0.0000E+00
     506.500  3940.500     0.0000E+00
     507.500  3940.500     2.6821E-08
     508.500  3940.500     2.5336E-07
     509.500  3940.500     6.7991E-07
     510.500  3940.500     1.2589E-06
     511.500  3940.500     1.9801E-06
     512.500  3940.500     2.9906E-06
     513.500  3940.500     5.0808E-06
     514.500  3940.500     1.0335E-04
     515.500  3940.500     3.2523E-04
     516.500  3940.500     1.0648E-03
     517.500  3940.500     2.8097E-03
     518.500  3940.500     5.5533E-03
     519.500  3940.500     9.5196E-03
     520.500  3940.500     1.9472E-02
     521.500  3940.500     5.3573E-02
     522.500  3940.500     1.2449E-01
     523.500  3940.500     2.5129E-01
     524.500  3940.500     4.4914E-01
     525.500  3940.500     7.1998E-01
     526.500  3940.500     1.0327E+00
     527.500  3940.500     1.3379E+00
     528.500  3940.500     1.5781E+00
     529.500  3940.500     1.7108E+00
     530.500  3940.500     1.7164E+00
     531.500  3940.500     1.6083E+00
     532.500  3940.500     1.4140E+00
     533.500  3940.500     1.1732E+00
     534.500  3940.500     9.2762E-01
     535.500  3940.500     7.0645E-01
     536.500  3940.500     5.2554E-01
     537.500  3940.500     3.8519E-01
     538.500  3940.500     2.7896E-01
     539.500  3940.500     2.0147E-01
     540.500  3940.500     1.4444E-01
     541.500  3940.500     1.0225E-01
     542.500  3940.500     7.2342E-02
     543.500  3940.500     5.1574E-02
     544.500  3940.500     3.6346E-02
     495.500  3941.500     0.0000E+00
     496.500  3941.500     0.0000E+00
     497.500  3941.500     0.0000E+00
     498.500  3941.500     0.0000E+00
     499.500  3941.500     0.0000E+00
     500.500  3941.500     0.0000E+00
     501.500  3941.500     0.0000E+00
     502.500  3941.500     0.0000E+00
     503.500  3941.500     0.0000E+00
     504.500  3941.500     0.0000E+00
     505.500  3941.500     0.0000E+00
     506.500  3941.500     0.0000E+00
     507.500  3941.500     1.2513E-07
     508.500  3941.500     5.1284E-07
     509.500  3941.500     1.1442E-06
     510.500  3941.500     1.8678E-06
     511.500  3941.500     2.8257E-06
     512.500  3941.500     4.5147E-06
     513.500  3941.500     1.2736E-04
     514.500  3941.500     2.6625E-04
     515.500  3941.500     8.1577E-04
     516.500  3941.500     2.1225E-03
     517.500  3941.500     4.1023E-03
     518.500  3941.500     7.0916E-03
     519.500  3941.500     1.2872E-02
     520.500  3941.500     3.0382E-02
     521.500  3941.500     6.9204E-02
     522.500  3941.500     1.4585E-01
     523.500  3941.500     2.7028E-01
     524.500  3941.500     4.5524E-01
     525.500  3941.500     6.9831E-01
     526.500  3941.500     9.8012E-01
     527.500  3941.500     1.2606E+00
     528.500  3941.500     1.4964E+00
     529.500  3941.500     1.6520E+00
     530.500  3941.500     1.7060E+00
     531.500  3941.500     1.6551E+00
     532.500  3941.500     1.5173E+00
     533.500  3941.500     1.3216E+00
     534.500  3941.500     1.0992E+00
     535.500  3941.500     8.7990E-01
     536.500  3941.500     6.8213E-01
     537.500  3941.500     5.1648E-01
     538.500  3941.500     3.8366E-01
     539.500  3941.500     2.8050E-01
     540.500  3941.500     2.0225E-01
     541.500  3941.500     1.4454E-01
     542.500  3941.500     1.0066E-01
     543.500  3941.500     7.0258E-02
     544.500  3941.500     4.9027E-02
     495.500  3942.500     0.0000E+00
     496.500  3942.500     0.0000E+00
     497.500  3942.500     0.0000E+00
     498.500  3942.500     0.0000E+00
     499.500  3942.500     0.0000E+00
     500.500  3942.500     0.0000E+00
     501.500  3942.500     0.0000E+00
     502.500  3942.500     0.0000E+00
     503.500  3942.500     0.0000E+00
     504.500  3942.500     0.0000E+00
     505.500  3942.500     0.0000E+00
     506.500  3942.500     0.0000E+00
     507.500  3942.500     2.6939E-07
     508.500  3942.500     9.1029E-07
     509.500  3942.500     1.6691E-06
     510.500  3942.500     2.5605E-06
     511.500  3942.500     2.6227E-05
     512.500  3942.500     8.9633E-05
     513.500  3942.500     2.1605E-04
     514.500  3942.500     6.3353E-04
     515.500  3942.500     1.6262E-03
     516.500  3942.500     3.0864E-03
     517.500  3942.500     5.3898E-03
     518.500  3942.500     9.6877E-03
     519.500  3942.500     1.8150E-02
     520.500  3942.500     4.1913E-02
     521.500  3942.500     8.8480E-02
     522.500  3942.500     1.6534E-01
     523.500  3942.500     2.8381E-01
     524.500  3942.500     4.5530E-01
     525.500  3942.500     6.7368E-01
     526.500  3942.500     9.2601E-01
     527.500  3942.500     1.1804E+00
     528.500  3942.500     1.4038E+00
     529.500  3942.500     1.5660E+00
     530.500  3942.500     1.6488E+00
     531.500  3942.500     1.6426E+00
     532.500  3942.500     1.5565E+00
     533.500  3942.500     1.4076E+00
     534.500  3942.500     1.2192E+00
     535.500  3942.500     1.0171E+00
     536.500  3942.500     8.2025E-01
     537.500  3942.500     6.4244E-01
     538.500  3942.500     4.9079E-01
     539.500  3942.500     3.6717E-01
     540.500  3942.500     2.6912E-01
     541.500  3942.500     1.9399E-01
     542.500  3942.500     1.3776E-01
     543.500  3942.500     9.5498E-02
     544.500  3942.500     6.5720E-02
     495.500  3943.500     0.0000E+00
     496.500  3943.500     0.0000E+00
     497.500  3943.500     0.0000E+00
     498.500  3943.500     0.0000E+00
     499.500  3943.500     0.0000E+00
     500.500  3943.500     0.0000E+00
     501.500  3943.500     0.0000E+00
     502.500  3943.500     0.0000E+00
     503.500  3943.500     0.0000E+00
     504.500  3943.500     0.0000E+00
     505.500  3943.500     0.0000E+00
     506.500  3943.500     1.0876E-07
     507.500  3943.500     6.1196E-07
     508.500  3943.500     1.3839E-06
     509.500  3943.500     2.2694E-06
     510.500  3943.500     3.4328E-06
     511.500  3943.500     5.7515E-05
     512.500  3943.500     2.0817E-04
     513.500  3943.500     5.3570E-04
     514.500  3943.500     1.2467E-03
     515.500  3943.500     2.4411E-03
     516.500  3943.500     4.2178E-03
     517.500  3943.500     7.3964E-03
     518.500  3943.500     1.2709E-02
     519.500  3943.500     2.5313E-02
     520.500  3943.500     5.3615E-02
     521.500  3943.500     1.0320E-01
     522.500  3943.500     1.7999E-01
     523.500  3943.500     2.9386E-01
     524.500  3943.500     4.4904E-01
     525.500  3943.500     6.4584E-01
     526.500  3943.500     8.6706E-01
     527.500  3943.500     1.0938E+00
     528.500  3943.500     1.3001E+00
     529.500  3943.500     1.4614E+00
     530.500  3943.500     1.5587E+00
     531.500  3943.500     1.5846E+00
     532.500  3943.500     1.5383E+00
     533.500  3943.500     1.4326E+00
     534.500  3943.500     1.2820E+00
     535.500  3943.500     1.1064E+00
     536.500  3943.500     9.2368E-01
     537.500  3943.500     7.4729E-01
     538.500  3943.500     5.8783E-01
     539.500  3943.500     4.5048E-01
     540.500  3943.500     3.3786E-01
     541.500  3943.500     2.4796E-01
     542.500  3943.500     1.7852E-01
     543.500  3943.500     1.2588E-01
     544.500  3943.500     8.7309E-02
     495.500  3944.500     0.0000E+00
     496.500  3944.500     0.0000E+00
     497.500  3944.500     0.0000E+00
     498.500  3944.500     0.0000E+00
     499.500  3944.500     0.0000E+00
     500.500  3944.500     0.0000E+00
     501.500  3944.500     0.0000E+00
     502.500  3944.500     0.0000E+00
     503.500  3944.500     0.0000E+00
     504.500  3944.500     0.0000E+00
     505.500  3944.500     0.0000E+00
     506.500  3944.500     2.3186E-07
     507.500  3944.500     9.4863E-07
     508.500  3944.500     1.9569E-06
     509.500  3944.500     3.0074E-06
     510.500  3944.500     2.7358E-05
     511.500  3944.500     1.7585E-04
     512.500  3944.500     4.8640E-04
     513.500  3944.500     9.5346E-04
     514.500  3944.500     1.9007E-03
     515.500  3944.500     3.3668E-03
     516.500  3944.500     5.8200E-03
     517.500  3944.500     1.0037E-02
     518.500  3944.500     1.6602E-02
     519.500  3944.500     3.4156E-02
     520.500  3944.500     6.5799E-02
     521.500  3944.500     1.1573E-01
     522.500  3944.500     1.9053E-01
     523.500  3944.500     2.9807E-01
     524.500  3944.500     4.3823E-01
     525.500  3944.500     6.1212E-01
     526.500  3944.500     8.0587E-01
     527.500  3944.500     1.0055E+00
     528.500  3944.500     1.1916E+00
     529.500  3944.500     1.3447E+00
     530.500  3944.500     1.4476E+00
     531.500  3944.500     1.4926E+00
     532.500  3944.500     1.4772E+00
     533.500  3944.500     1.4068E+00
     534.500  3944.500     1.2924E+00
     535.500  3944.500     1.1466E+00
     536.500  3944.500     9.8497E-01
     537.500  3944.500     8.2028E-01
     538.500  3944.500     6.6327E-01
     539.500  3944.500     5.2236E-01
     540.500  3944.500     4.0097E-01
     541.500  3944.500     3.0034E-01
     542.500  3944.500     2.2051E-01
     543.500  3944.500     1.5856E-01
     544.500  3944.500     1.1153E-01
     495.500  3945.500     0.0000E+00
     496.500  3945.500     0.0000E+00
     497.500  3945.500     0.0000E+00
     498.500  3945.500     0.0000E+00
     499.500  3945.500     0.0000E+00
     500.500  3945.500     0.0000E+00
     501.500  3945.500     0.0000E+00
     502.500  3945.500     0.0000E+00
     503.500  3945.500     0.0000E+00
     504.500  3945.500     0.0000E+00
     505.500  3945.500     2.3719E-08
     506.500  3945.500     5.0376E-07
     507.500  3945.500     1.3568E-06
     508.500  3945.500     2.6402E-06
     509.500  3945.500     3.6805E-06
     510.500  3945.500     1.3181E-04
     511.500  3945.500     3.8717E-04
     512.500  3945.500     8.3919E-04
     513.500  3945.500     1.5172E-03
     514.500  3945.500     2.6188E-03
     515.500  3945.500     4.5081E-03
     516.500  3945.500     7.8445E-03
     517.500  3945.500     1.2658E-02
     518.500  3945.500     2.1785E-02
     519.500  3945.500     4.1764E-02
     520.500  3945.500     7.6220E-02
     521.500  3945.500     1.2652E-01
     522.500  3945.500     1.9754E-01
     523.500  3945.500     2.9623E-01
     524.500  3945.500     4.2415E-01
     525.500  3945.500     5.7485E-01
     526.500  3945.500     7.4345E-01
     527.500  3945.500     9.1844E-01
     528.500  3945.500     1.0839E+00
     529.500  3945.500     1.2241E+00
     530.500  3945.500     1.3263E+00
     531.500  3945.500     1.3813E+00
     532.500  3945.500     1.3866E+00
     533.500  3945.500     1.3433E+00
     534.500  3945.500     1.2595E+00
     535.500  3945.500     1.1429E+00
     536.500  3945.500     1.0057E+00
     537.500  3945.500     8.5866E-01
     538.500  3945.500     7.1262E-01
     539.500  3945.500     5.7460E-01
     540.500  3945.500     4.5142E-01
     541.500  3945.500     3.4630E-01
     542.500  3945.500     2.5934E-01
     543.500  3945.500     1.9006E-01
     544.500  3945.500     1.3625E-01
     495.500  3946.500     0.0000E+00
     496.500  3946.500     0.0000E+00
     497.500  3946.500     0.0000E+00
     498.500  3946.500     0.0000E+00
     499.500  3946.500     0.0000E+00
     500.500  3946.500     0.0000E+00
     501.500  3946.500     0.0000E+00
     502.500  3946.500     0.0000E+00
     503.500  3946.500     0.0000E+00
     504.500  3946.500     0.0000E+00
     505.500  3946.500     1.2891E-07
     506.500  3946.500     8.2738E-07
     507.500  3946.500     1.8407E-06
     508.500  3946.500     3.1869E-06
     509.500  3946.500     6.5587E-05
     510.500  3946.500     3.1350E-04
     511.500  3946.500     6.4886E-04
     512.500  3946.500     1.1688E-03
     513.500  3946.500     1.9931E-03
     514.500  3946.500     3.4577E-03
     515.500  3946.500     6.0936E-03
     516.500  3946.500     1.0035E-02
     517.500  3946.500     1.5604E-02
     518.500  3946.500     2.7994E-02
     519.500  3946.500     4.9753E-02
     520.500  3946.500     8.3523E-02
     521.500  3946.500     1.3286E-01
     522.500  3946.500     2.0161E-01
     523.500  3946.500     2.9021E-01
     524.500  3946.500     4.0338E-01
     525.500  3946.500     5.3524E-01
     526.500  3946.500     6.8236E-01
     527.500  3946.500     8.3417E-01
     528.500  3946.500     9.7899E-01
     529.500  3946.500     1.1047E+00
     530.500  3946.500     1.2014E+00
     531.500  3946.500     1.2605E+00
     532.500  3946.500     1.2784E+00
     533.500  3946.500     1.2554E+00
     534.500  3946.500     1.1949E+00
     535.500  3946.500     1.1046E+00
     536.500  3946.500     9.9149E-01
     537.500  3946.500     8.6473E-01
     538.500  3946.500     7.3346E-01
     539.500  3946.500     6.0514E-01
     540.500  3946.500     4.8619E-01
     541.500  3946.500     3.8113E-01
     542.500  3946.500     2.9156E-01
     543.500  3946.500     2.1832E-01
     544.500  3946.500     1.5966E-01
     495.500  3947.500     0.0000E+00
     496.500  3947.500     0.0000E+00
     497.500  3947.500     0.0000E+00
     498.500  3947.500     0.0000E+00
     499.500  3947.500     0.0000E+00
     500.500  3947.500     0.0000E+00
     501.500  3947.500     0.0000E+00
     502.500  3947.500     0.0000E+00
     503.500  3947.500     0.0000E+00
     504.500  3947.500     0.0000E+00
     505.500  3947.500     3.4030E-07
     506.500  3947.500     1.2566E-06
     507.500  3947.500     2.3864E-06
     508.500  3947.500     3.6628E-06
     509.500  3947.500     1.7970E-04
     510.500  3947.500     4.7684E-04
     511.500  3947.500     9.1226E-04
     512.500  3947.500     1.5512E-03
     513.500  3947.500     2.6367E-03
     514.500  3947.500     4.6263E-03
     515.500  3947.500     7.8362E-03
     516.500  3947.500     1.2069E-02
     517.500  3947.500     1.9170E-02
     518.500  3947.500     3.3345E-02
     519.500  3947.500     5.6088E-02
     520.500  3947.500     8.9566E-02
     521.500  3947.500     1.3606E-01
     522.500  3947.500     1.9942E-01
     523.500  3947.500     2.8085E-01
     524.500  3947.500     3.7922E-01
     525.500  3947.500     4.9454E-01
     526.500  3947.500     6.2200E-01
     527.500  3947.500     7.5267E-01
     528.500  3947.500     8.7845E-01
     529.500  3947.500     9.8987E-01
     530.500  3947.500     1.0780E+00
     531.500  3947.500     1.1367E+00
     532.500  3947.500     1.1618E+00
     533.500  3947.500     1.1525E+00
     534.500  3947.500     1.1109E+00
     535.500  3947.500     1.0414E+00
     536.500  3947.500     9.4940E-01
     537.500  3947.500     8.4286E-01
     538.500  3947.500     7.2877E-01
     539.500  3947.500     6.1402E-01
     540.500  3947.500     5.0352E-01
     541.500  3947.500     4.0304E-01
     542.500  3947.500     3.1482E-01
     543.500  3947.500     2.4027E-01
     544.500  3947.500     1.7947E-01
     495.500  3948.500     0.0000E+00
     496.500  3948.500     0.0000E+00
     497.500  3948.500     0.0000E+00
     498.500  3948.500     0.0000E+00
     499.500  3948.500     0.0000E+00
     500.500  3948.500     0.0000E+00
     501.500  3948.500     0.0000E+00
     502.500  3948.500     0.0000E+00
     503.500  3948.500     0.0000E+00
     504.500  3948.500     4.2755E-08
     505.500  3948.500     6.8725E-07
     506.500  3948.500     1.6674E-06
     507.500  3948.500     2.8399E-06
     508.500  3948.500     9.8682E-05
     509.500  3948.500     2.9660E-04
     510.500  3948.500     7.1030E-04
     511.500  3948.500     1.2255E-03
     512.500  3948.500     1.9510E-03
     513.500  3948.500     3.4995E-03
     514.500  3948.500     6.0314E-03
     515.500  3948.500     9.2763E-03
     516.500  3948.500     1.3983E-02
     517.500  3948.500     2.2827E-02
     518.500  3948.500     3.7807E-02
     519.500  3948.500     6.0097E-02
     520.500  3948.500     9.2733E-02
     521.500  3948.500     1.3649E-01
     522.500  3948.500     1.9473E-01
     523.500  3948.500     2.6705E-01
     524.500  3948.500     3.5375E-01
     525.500  3948.500     4.5358E-01
     526.500  3948.500     5.6253E-01
     527.500  3948.500     6.7492E-01
     528.500  3948.500     7.8333E-01
     529.500  3948.500     8.8086E-01
     530.500  3948.500     9.6008E-01
     531.500  3948.500     1.0158E+00
     532.500  3948.500     1.0439E+00
     533.500  3948.500     1.0433E+00
     534.500  3948.500     1.0153E+00
     535.500  3948.500     9.6210E-01
     536.500  3948.500     8.8893E-01
     537.500  3948.500     8.0124E-01
     538.500  3948.500     7.0359E-01
     539.500  3948.500     6.0285E-01
     540.500  3948.500     5.0402E-01
     541.500  3948.500     4.1121E-01
     542.500  3948.500     3.2766E-01
     543.500  3948.500     2.5491E-01
     544.500  3948.500     1.9424E-01
     495.500  3949.500     0.0000E+00
     496.500  3949.500     0.0000E+00
     497.500  3949.500     0.0000E+00
     498.500  3949.500     0.0000E+00
     499.500  3949.500     0.0000E+00
     500.500  3949.500     0.0000E+00
     501.500  3949.500     0.0000E+00
     502.500  3949.500     0.0000E+00
     503.500  3949.500     0.0000E+00
     504.500  3949.500     1.9447E-07
     505.500  3949.500     1.0043E-06
     506.500  3949.500     1.9805E-06
     507.500  3949.500     3.7126E-05
     508.500  3949.500     1.3815E-04
     509.500  3949.500     5.3518E-04
     510.500  3949.500     9.2466E-04
     511.500  3949.500     1.4582E-03
     512.500  3949.500     2.5063E-03
     513.500  3949.500     4.4866E-03
     514.500  3949.500     7.0872E-03
     515.500  3949.500     1.0699E-02
     516.500  3949.500     1.6011E-02
     517.500  3949.500     2.6046E-02
     518.500  3949.500     4.0799E-02
     519.500  3949.500     6.2570E-02
     520.500  3949.500     9.3464E-02
     521.500  3949.500     1.3460E-01
     522.500  3949.500     1.8643E-01
     523.500  3949.500     2.5112E-01
     524.500  3949.500     3.2623E-01
     525.500  3949.500     4.1253E-01
     526.500  3949.500     5.0556E-01
     527.500  3949.500     6.0102E-01
     528.500  3949.500     6.9389E-01
     529.500  3949.500     7.7827E-01
     530.500  3949.500     8.4854E-01
     531.500  3949.500     8.9980E-01
     532.500  3949.500     9.2861E-01
     533.500  3949.500     9.3384E-01
     534.500  3949.500     9.1531E-01
     535.500  3949.500     8.7552E-01
     536.500  3949.500     8.1781E-01
     537.500  3949.500     7.4536E-01
     538.500  3949.500     6.6351E-01
     539.500  3949.500     5.7717E-01
     540.500  3949.500     4.9047E-01
     541.500  3949.500     4.0692E-01
     542.500  3949.500     3.2999E-01
     543.500  3949.500     2.6170E-01
     544.500  3949.500     2.0315E-01
     495.500  3950.500     0.0000E+00
     496.500  3950.500     0.0000E+00
     497.500  3950.500     0.0000E+00
     498.500  3950.500     0.0000E+00
     499.500  3950.500     0.0000E+00
     500.500  3950.500     0.0000E+00
     501.500  3950.500     0.0000E+00
     502.500  3950.500     0.0000E+00
     503.500  3950.500     3.7785E-08
     504.500  3950.500     4.4263E-07
     505.500  3950.500     1.2438E-06
     506.500  3950.500     2.2367E-06
     507.500  3950.500     6.1553E-05
     508.500  3950.500     3.1008E-04
     509.500  3950.500     6.5397E-04
     510.500  3950.500     1.0935E-03
     511.500  3950.500     1.7982E-03
     512.500  3950.500     3.1945E-03
     513.500  3950.500     5.3179E-03
     514.500  3950.500     7.9592E-03
     515.500  3950.500     1.2027E-02
     516.500  3950.500     1.8171E-02
     517.500  3950.500     2.8217E-02
     518.500  3950.500     4.3318E-02
     519.500  3950.500     6.4428E-02
     520.500  3950.500     9.2807E-02
     521.500  3950.500     1.3035E-01
     522.500  3950.500     1.7625E-01
     523.500  3950.500     2.3247E-01
     524.500  3950.500     2.9819E-01
     525.500  3950.500     3.7222E-01
     526.500  3950.500     4.5094E-01
     527.500  3950.500     5.3224E-01
     528.500  3950.500     6.1190E-01
     529.500  3950.500     6.8437E-01
     530.500  3950.500     7.4542E-01
     531.500  3950.500     7.9133E-01
     532.500  3950.500     8.1907E-01
     533.500  3950.500     8.2740E-01
     534.500  3950.500     8.1573E-01
     535.500  3950.500     7.8599E-01
     536.500  3950.500     7.4048E-01
     537.500  3950.500     6.8139E-01
     538.500  3950.500     6.1411E-01
     539.500  3950.500     5.4067E-01
     540.500  3950.500     4.6572E-01
     541.500  3950.500     3.9268E-01
     542.500  3950.500     3.2363E-01
     543.500  3950.500     2.6105E-01
     544.500  3950.500     2.0611E-01
     495.500  3951.500     0.0000E+00
     496.500  3951.500     0.0000E+00
     497.500  3951.500     0.0000E+00
     498.500  3951.500     0.0000E+00
     499.500  3951.500     0.0000E+00
     500.500  3951.500     0.0000E+00
     501.500  3951.500     0.0000E+00
     502.500  3951.500     0.0000E+00
     503.500  3951.500     1.2320E-07
     504.500  3951.500     6.0360E-07
     505.500  3951.500     1.5227E-06
     506.500  3951.500     2.4422E-06
     507.500  3951.500     1.0666E-04
     508.500  3951.500     4.1155E-04
     509.500  3951.500     7.7201E-04
     510.500  3951.500     1.2382E-03
     511.500  3951.500     2.2560E-03
     512.500  3951.500     3.7987E-03
     513.500  3951.500     5.9504E-03
     514.500  3951.500     8.8873E-03
     515.500  3951.500     1.3168E-02
     516.500  3951.500     1.9840E-02
     517.500  3951.500     2.9633E-02
     518.500  3951.500     4.3849E-02
     519.500  3951.500     6.3698E-02
     520.500  3951.500     8.9506E-02
     521.500  3951.500     1.2340E-01
     522.500  3951.500     1.6476E-01
     523.500  3951.500     2.1295E-01
     524.500  3951.500     2.7032E-01
     525.500  3951.500     3.3281E-01
     526.500  3951.500     4.0001E-01
     527.500  3951.500     4.6965E-01
     528.500  3951.500     5.3694E-01
     529.500  3951.500     5.9865E-01
     530.500  3951.500     6.5099E-01
     531.500  3951.500     6.9142E-01
     532.500  3951.500     7.1707E-01
     533.500  3951.500     7.2682E-01
     534.500  3951.500     7.2014E-01
     535.500  3951.500     6.9797E-01
     536.500  3951.500     6.6202E-01
     537.500  3951.500     6.1456E-01
     538.500  3951.500     5.5913E-01
     539.500  3951.500     4.9723E-01
     540.500  3951.500     4.3379E-01
     541.500  3951.500     3.7041E-01
     542.500  3951.500     3.0955E-01
     543.500  3951.500     2.5347E-01
     544.500  3951.500     2.0352E-01
     495.500  3952.500     0.0000E+00
     496.500  3952.500     0.0000E+00
     497.500  3952.500     0.0000E+00
     498.500  3952.500     0.0000E+00
     499.500  3952.500     0.0000E+00
     500.500  3952.500     0.0000E+00
     501.500  3952.500     0.0000E+00
     502.500  3952.500     0.0000E+00
     503.500  3952.500     1.9917E-07
     504.500  3952.500     7.4650E-07
     505.500  3952.500     1.6936E-06
     506.500  3952.500     2.3920E-05
     507.500  3952.500     1.8231E-04
     508.500  3952.500     4.8820E-04
     509.500  3952.500     8.7234E-04
     510.500  3952.500     1.4966E-03
     511.500  3952.500     2.6218E-03
     512.500  3952.500     4.2585E-03
     513.500  3952.500     6.4620E-03
     514.500  3952.500     9.5187E-03
     515.500  3952.500     1.4031E-02
     516.500  3952.500     2.0511E-02
     517.500  3952.500     3.0159E-02
     518.500  3952.500     4.4050E-02
     519.500  3952.500     6.2226E-02
     520.500  3952.500     8.5539E-02
     521.500  3952.500     1.1528E-01
     522.500  3952.500     1.5168E-01
     523.500  3952.500     1.9387E-01
     524.500  3952.500     2.4250E-01
     525.500  3952.500     2.9571E-01
     526.500  3952.500     3.5349E-01
     527.500  3952.500     4.1176E-01
     528.500  3952.500     4.6828E-01
     529.500  3952.500     5.2060E-01
     530.500  3952.500     5.6554E-01
     531.500  3952.500     6.0065E-01
     532.500  3952.500     6.2378E-01
     533.500  3952.500     6.3393E-01
     534.500  3952.500     6.3073E-01
     535.500  3952.500     6.1427E-01
     536.500  3952.500     5.8611E-01
     537.500  3952.500     5.4787E-01
     538.500  3952.500     5.0213E-01
     539.500  3952.500     4.5119E-01
     540.500  3952.500     3.9740E-01
     541.500  3952.500     3.4314E-01
     542.500  3952.500     2.9042E-01
     543.500  3952.500     2.4132E-01
     544.500  3952.500     1.9632E-01
     495.500  3953.500     0.0000E+00
     496.500  3953.500     0.0000E+00
     497.500  3953.500     0.0000E+00
     498.500  3953.500     0.0000E+00
     499.500  3953.500     0.0000E+00
     500.500  3953.500     0.0000E+00
     501.500  3953.500     0.0000E+00
     502.500  3953.500     1.8120E-08
     503.500  3953.500     2.1872E-07
     504.500  3953.500     8.7456E-07
     505.500  3953.500     1.8052E-06
     506.500  3953.500     2.6944E-05
     507.500  3953.500     2.0898E-04
     508.500  3953.500     5.5018E-04
     509.500  3953.500     9.6833E-04
     510.500  3953.500     1.7167E-03
     511.500  3953.500     2.8973E-03
     512.500  3953.500     4.4654E-03
     513.500  3953.500     6.9083E-03
     514.500  3953.500     1.0030E-02
     515.500  3953.500     1.4494E-02
     516.500  3953.500     2.0934E-02
     517.500  3953.500     3.0171E-02
     518.500  3953.500     4.2991E-02
     519.500  3953.500     5.9813E-02
     520.500  3953.500     8.0720E-02
     521.500  3953.500     1.0689E-01
     522.500  3953.500     1.3811E-01
     523.500  3953.500     1.7515E-01
     524.500  3953.500     2.1592E-01
     525.500  3953.500     2.6180E-01
     526.500  3953.500     3.1008E-01
     527.500  3953.500     3.5858E-01
     528.500  3953.500     4.0611E-01
     529.500  3953.500     4.5047E-01
     530.500  3953.500     4.8897E-01
     531.500  3953.500     5.1941E-01
     532.500  3953.500     5.3949E-01
     533.500  3953.500     5.4941E-01
     534.500  3953.500     5.4811E-01
     535.500  3953.500     5.3634E-01
     536.500  3953.500     5.1414E-01
     537.500  3953.500     4.8365E-01
     538.500  3953.500     4.4620E-01
     539.500  3953.500     4.0430E-01
     540.500  3953.500     3.5896E-01
     541.500  3953.500     3.1345E-01
     542.500  3953.500     2.6816E-01
     543.500  3953.500     2.2538E-01
     544.500  3953.500     1.8606E-01
     495.500  3954.500     0.0000E+00
     496.500  3954.500     0.0000E+00
     497.500  3954.500     0.0000E+00
     498.500  3954.500     0.0000E+00
     499.500  3954.500     0.0000E+00
     500.500  3954.500     0.0000E+00
     501.500  3954.500     0.0000E+00
     502.500  3954.500     6.1765E-08
     503.500  3954.500     3.5545E-07
     504.500  3954.500     9.1951E-07
     505.500  3954.500     1.9169E-06
     506.500  3954.500     2.9875E-05
     507.500  3954.500     2.3514E-04
     508.500  3954.500     6.0884E-04
     509.500  3954.500     1.1113E-03
     510.500  3954.500     1.8879E-03
     511.500  3954.500     3.1143E-03
     512.500  3954.500     4.7750E-03
     513.500  3954.500     7.1144E-03
     514.500  3954.500     1.0384E-02
     515.500  3954.500     1.4835E-02
     516.500  3954.500     2.0972E-02
     517.500  3954.500     2.9622E-02
     518.500  3954.500     4.1121E-02
     519.500  3954.500     5.6201E-02
     520.500  3954.500     7.5173E-02
     521.500  3954.500     9.8556E-02
     522.500  3954.500     1.2469E-01
     523.500  3954.500     1.5634E-01
     524.500  3954.500     1.9124E-01
     525.500  3954.500     2.3017E-01
     526.500  3954.500     2.6984E-01
     527.500  3954.500     3.1108E-01
     528.500  3954.500     3.5127E-01
     529.500  3954.500     3.8844E-01
     530.500  3954.500     4.2071E-01
     531.500  3954.500     4.4663E-01
     532.500  3954.500     4.6459E-01
     533.500  3954.500     4.7379E-01
     534.500  3954.500     4.7368E-01
     535.500  3954.500     4.6522E-01
     536.500  3954.500     4.4760E-01
     537.500  3954.500     4.2317E-01
     538.500  3954.500     3.9321E-01
     539.500  3954.500     3.5806E-01
     540.500  3954.500     3.2109E-01
     541.500  3954.500     2.8237E-01
     542.500  3954.500     2.4428E-01
     543.500  3954.500     2.0741E-01
     544.500  3954.500     1.7317E-01
     523.642  3934.174     5.6227E-02
     533.661  3935.153     2.1941E-01
     534.934  3933.278     5.7430E-02
     537.941  3928.923     7.5632E-06
     539.209  3926.428     1.2166E-06
     530.687  3933.234     8.4667E-01
     528.743  3936.682     1.7302E+00
     529.379  3937.549     1.6918E+00
     527.900  3932.391     2.1932E+00
     529.626  3931.465     7.2354E-01
     530.937  3931.355     8.6220E-01
     534.513  3928.843     1.8933E-02
     530.716  3928.240     5.7524E-01
     527.755  3927.782     1.2762E-01
     530.426  3921.802     1.5610E-01
     528.551  3921.285     3.0368E-03
     529.374  3937.537     1.6918E+00
