        1   HOUR AVERAGE  CONCENTRATION VALUES AT EACH RECEPTOR  (ug/m**3)    

                   PM2.5         1

     RECEPTOR (x,y) km      VALUE
 
     495.500  3905.500     0.0000E+00
     496.500  3905.500     0.0000E+00
     497.500  3905.500     0.0000E+00
     498.500  3905.500     0.0000E+00
     499.500  3905.500     0.0000E+00
     500.500  3905.500     0.0000E+00
     501.500  3905.500     0.0000E+00
     502.500  3905.500     0.0000E+00
     503.500  3905.500     0.0000E+00
     504.500  3905.500     0.0000E+00
     505.500  3905.500     0.0000E+00
     506.500  3905.500     0.0000E+00
     507.500  3905.500     0.0000E+00
     508.500  3905.500     0.0000E+00
     509.500  3905.500     0.0000E+00
     510.500  3905.500     0.0000E+00
     511.500  3905.500     0.0000E+00
     512.500  3905.500     0.0000E+00
     513.500  3905.500     0.0000E+00
     514.500  3905.500     0.0000E+00
     515.500  3905.500     0.0000E+00
     516.500  3905.500     0.0000E+00
     517.500  3905.500     0.0000E+00
     518.500  3905.500     0.0000E+00
     519.500  3905.500     0.0000E+00
     520.500  3905.500     0.0000E+00
     521.500  3905.500     0.0000E+00
     522.500  3905.500     0.0000E+00
     523.500  3905.500     0.0000E+00
     524.500  3905.500     0.0000E+00
     525.500  3905.500     0.0000E+00
     526.500  3905.500     0.0000E+00
     527.500  3905.500     0.0000E+00
     528.500  3905.500     0.0000E+00
     529.500  3905.500     0.0000E+00
     530.500  3905.500     0.0000E+00
     531.500  3905.500     0.0000E+00
     532.500  3905.500     0.0000E+00
     533.500  3905.500     0.0000E+00
     534.500  3905.500     0.0000E+00
     535.500  3905.500     0.0000E+00
     536.500  3905.500     0.0000E+00
     537.500  3905.500     0.0000E+00
     538.500  3905.500     0.0000E+00
     539.500  3905.500     0.0000E+00
     540.500  3905.500     0.0000E+00
     541.500  3905.500     0.0000E+00
     542.500  3905.500     0.0000E+00
     543.500  3905.500     0.0000E+00
     544.500  3905.500     0.0000E+00
     495.500  3906.500     0.0000E+00
     496.500  3906.500     0.0000E+00
     497.500  3906.500     0.0000E+00
     498.500  3906.500     0.0000E+00
     499.500  3906.500     0.0000E+00
     500.500  3906.500     0.0000E+00
     501.500  3906.500     0.0000E+00
     502.500  3906.500     0.0000E+00
     503.500  3906.500     0.0000E+00
     504.500  3906.500     0.0000E+00
     505.500  3906.500     0.0000E+00
     506.500  3906.500     0.0000E+00
     507.500  3906.500     0.0000E+00
     508.500  3906.500     0.0000E+00
     509.500  3906.500     0.0000E+00
     510.500  3906.500     0.0000E+00
     511.500  3906.500     0.0000E+00
     512.500  3906.500     0.0000E+00
     513.500  3906.500     0.0000E+00
     514.500  3906.500     0.0000E+00
     515.500  3906.500     0.0000E+00
     516.500  3906.500     0.0000E+00
     517.500  3906.500     0.0000E+00
     518.500  3906.500     0.0000E+00
     519.500  3906.500     0.0000E+00
     520.500  3906.500     0.0000E+00
     521.500  3906.500     0.0000E+00
     522.500  3906.500     0.0000E+00
     523.500  3906.500     0.0000E+00
     524.500  3906.500     0.0000E+00
     525.500  3906.500     0.0000E+00
     526.500  3906.500     0.0000E+00
     527.500  3906.500     0.0000E+00
     528.500  3906.500     0.0000E+00
     529.500  3906.500     0.0000E+00
     530.500  3906.500     0.0000E+00
     531.500  3906.500     0.0000E+00
     532.500  3906.500     0.0000E+00
     533.500  3906.500     0.0000E+00
     534.500  3906.500     0.0000E+00
     535.500  3906.500     0.0000E+00
     536.500  3906.500     0.0000E+00
     537.500  3906.500     0.0000E+00
     538.500  3906.500     0.0000E+00
     539.500  3906.500     0.0000E+00
     540.500  3906.500     0.0000E+00
     541.500  3906.500     0.0000E+00
     542.500  3906.500     0.0000E+00
     543.500  3906.500     0.0000E+00
     544.500  3906.500     0.0000E+00
     495.500  3907.500     0.0000E+00
     496.500  3907.500     0.0000E+00
     497.500  3907.500     0.0000E+00
     498.500  3907.500     0.0000E+00
     499.500  3907.500     0.0000E+00
     500.500  3907.500     0.0000E+00
     501.500  3907.500     0.0000E+00
     502.500  3907.500     0.0000E+00
     503.500  3907.500     0.0000E+00
     504.500  3907.500     0.0000E+00
     505.500  3907.500     0.0000E+00
     506.500  3907.500     0.0000E+00
     507.500  3907.500     0.0000E+00
     508.500  3907.500     0.0000E+00
     509.500  3907.500     0.0000E+00
     510.500  3907.500     0.0000E+00
     511.500  3907.500     0.0000E+00
     512.500  3907.500     0.0000E+00
     513.500  3907.500     0.0000E+00
     514.500  3907.500     0.0000E+00
     515.500  3907.500     0.0000E+00
     516.500  3907.500     0.0000E+00
     517.500  3907.500     0.0000E+00
     518.500  3907.500     0.0000E+00
     519.500  3907.500     0.0000E+00
     520.500  3907.500     0.0000E+00
     521.500  3907.500     0.0000E+00
     522.500  3907.500     0.0000E+00
     523.500  3907.500     0.0000E+00
     524.500  3907.500     0.0000E+00
     525.500  3907.500     0.0000E+00
     526.500  3907.500     0.0000E+00
     527.500  3907.500     0.0000E+00
     528.500  3907.500     0.0000E+00
     529.500  3907.500     0.0000E+00
     530.500  3907.500     0.0000E+00
     531.500  3907.500     0.0000E+00
     532.500  3907.500     0.0000E+00
     533.500  3907.500     0.0000E+00
     534.500  3907.500     0.0000E+00
     535.500  3907.500     0.0000E+00
     536.500  3907.500     0.0000E+00
     537.500  3907.500     0.0000E+00
     538.500  3907.500     0.0000E+00
     539.500  3907.500     0.0000E+00
     540.500  3907.500     0.0000E+00
     541.500  3907.500     0.0000E+00
     542.500  3907.500     0.0000E+00
     543.500  3907.500     0.0000E+00
     544.500  3907.500     0.0000E+00
     495.500  3908.500     0.0000E+00
     496.500  3908.500     0.0000E+00
     497.500  3908.500     0.0000E+00
     498.500  3908.500     0.0000E+00
     499.500  3908.500     0.0000E+00
     500.500  3908.500     0.0000E+00
     501.500  3908.500     0.0000E+00
     502.500  3908.500     0.0000E+00
     503.500  3908.500     0.0000E+00
     504.500  3908.500     0.0000E+00
     505.500  3908.500     0.0000E+00
     506.500  3908.500     0.0000E+00
     507.500  3908.500     0.0000E+00
     508.500  3908.500     0.0000E+00
     509.500  3908.500     0.0000E+00
     510.500  3908.500     0.0000E+00
     511.500  3908.500     0.0000E+00
     512.500  3908.500     0.0000E+00
     513.500  3908.500     0.0000E+00
     514.500  3908.500     0.0000E+00
     515.500  3908.500     0.0000E+00
     516.500  3908.500     0.0000E+00
     517.500  3908.500     0.0000E+00
     518.500  3908.500     0.0000E+00
     519.500  3908.500     0.0000E+00
     520.500  3908.500     0.0000E+00
     521.500  3908.500     0.0000E+00
     522.500  3908.500     0.0000E+00
     523.500  3908.500     0.0000E+00
     524.500  3908.500     0.0000E+00
     525.500  3908.500     0.0000E+00
     526.500  3908.500     0.0000E+00
     527.500  3908.500     0.0000E+00
     528.500  3908.500     0.0000E+00
     529.500  3908.500     0.0000E+00
     530.500  3908.500     0.0000E+00
     531.500  3908.500     0.0000E+00
     532.500  3908.500     0.0000E+00
     533.500  3908.500     0.0000E+00
     534.500  3908.500     0.0000E+00
     535.500  3908.500     0.0000E+00
     536.500  3908.500     0.0000E+00
     537.500  3908.500     0.0000E+00
     538.500  3908.500     0.0000E+00
     539.500  3908.500     0.0000E+00
     540.500  3908.500     0.0000E+00
     541.500  3908.500     0.0000E+00
     542.500  3908.500     0.0000E+00
     543.500  3908.500     0.0000E+00
     544.500  3908.500     0.0000E+00
     495.500  3909.500     0.0000E+00
     496.500  3909.500     0.0000E+00
     497.500  3909.500     0.0000E+00
     498.500  3909.500     0.0000E+00
     499.500  3909.500     0.0000E+00
     500.500  3909.500     0.0000E+00
     501.500  3909.500     0.0000E+00
     502.500  3909.500     0.0000E+00
     503.500  3909.500     0.0000E+00
     504.500  3909.500     0.0000E+00
     505.500  3909.500     0.0000E+00
     506.500  3909.500     0.0000E+00
     507.500  3909.500     0.0000E+00
     508.500  3909.500     0.0000E+00
     509.500  3909.500     0.0000E+00
     510.500  3909.500     0.0000E+00
     511.500  3909.500     0.0000E+00
     512.500  3909.500     0.0000E+00
     513.500  3909.500     0.0000E+00
     514.500  3909.500     0.0000E+00
     515.500  3909.500     0.0000E+00
     516.500  3909.500     0.0000E+00
     517.500  3909.500     0.0000E+00
     518.500  3909.500     0.0000E+00
     519.500  3909.500     0.0000E+00
     520.500  3909.500     0.0000E+00
     521.500  3909.500     0.0000E+00
     522.500  3909.500     0.0000E+00
     523.500  3909.500     0.0000E+00
     524.500  3909.500     0.0000E+00
     525.500  3909.500     0.0000E+00
     526.500  3909.500     0.0000E+00
     527.500  3909.500     0.0000E+00
     528.500  3909.500     0.0000E+00
     529.500  3909.500     0.0000E+00
     530.500  3909.500     0.0000E+00
     531.500  3909.500     0.0000E+00
     532.500  3909.500     0.0000E+00
     533.500  3909.500     0.0000E+00
     534.500  3909.500     0.0000E+00
     535.500  3909.500     0.0000E+00
     536.500  3909.500     0.0000E+00
     537.500  3909.500     0.0000E+00
     538.500  3909.500     0.0000E+00
     539.500  3909.500     0.0000E+00
     540.500  3909.500     0.0000E+00
     541.500  3909.500     0.0000E+00
     542.500  3909.500     0.0000E+00
     543.500  3909.500     0.0000E+00
     544.500  3909.500     0.0000E+00
     495.500  3910.500     0.0000E+00
     496.500  3910.500     0.0000E+00
     497.500  3910.500     0.0000E+00
     498.500  3910.500     0.0000E+00
     499.500  3910.500     0.0000E+00
     500.500  3910.500     0.0000E+00
     501.500  3910.500     0.0000E+00
     502.500  3910.500     0.0000E+00
     503.500  3910.500     0.0000E+00
     504.500  3910.500     0.0000E+00
     505.500  3910.500     0.0000E+00
     506.500  3910.500     0.0000E+00
     507.500  3910.500     0.0000E+00
     508.500  3910.500     0.0000E+00
     509.500  3910.500     0.0000E+00
     510.500  3910.500     0.0000E+00
     511.500  3910.500     0.0000E+00
     512.500  3910.500     0.0000E+00
     513.500  3910.500     0.0000E+00
     514.500  3910.500     0.0000E+00
     515.500  3910.500     0.0000E+00
     516.500  3910.500     0.0000E+00
     517.500  3910.500     0.0000E+00
     518.500  3910.500     0.0000E+00
     519.500  3910.500     0.0000E+00
     520.500  3910.500     0.0000E+00
     521.500  3910.500     0.0000E+00
     522.500  3910.500     0.0000E+00
     523.500  3910.500     0.0000E+00
     524.500  3910.500     0.0000E+00
     525.500  3910.500     0.0000E+00
     526.500  3910.500     0.0000E+00
     527.500  3910.500     0.0000E+00
     528.500  3910.500     0.0000E+00
     529.500  3910.500     0.0000E+00
     530.500  3910.500     0.0000E+00
     531.500  3910.500     0.0000E+00
     532.500  3910.500     0.0000E+00
     533.500  3910.500     0.0000E+00
     534.500  3910.500     0.0000E+00
     535.500  3910.500     0.0000E+00
     536.500  3910.500     0.0000E+00
     537.500  3910.500     0.0000E+00
     538.500  3910.500     0.0000E+00
     539.500  3910.500     0.0000E+00
     540.500  3910.500     0.0000E+00
     541.500  3910.500     0.0000E+00
     542.500  3910.500     0.0000E+00
     543.500  3910.500     0.0000E+00
     544.500  3910.500     0.0000E+00
     495.500  3911.500     0.0000E+00
     496.500  3911.500     0.0000E+00
     497.500  3911.500     0.0000E+00
     498.500  3911.500     0.0000E+00
     499.500  3911.500     0.0000E+00
     500.500  3911.500     0.0000E+00
     501.500  3911.500     0.0000E+00
     502.500  3911.500     0.0000E+00
     503.500  3911.500     0.0000E+00
     504.500  3911.500     0.0000E+00
     505.500  3911.500     0.0000E+00
     506.500  3911.500     0.0000E+00
     507.500  3911.500     0.0000E+00
     508.500  3911.500     0.0000E+00
     509.500  3911.500     0.0000E+00
     510.500  3911.500     0.0000E+00
     511.500  3911.500     0.0000E+00
     512.500  3911.500     0.0000E+00
     513.500  3911.500     0.0000E+00
     514.500  3911.500     0.0000E+00
     515.500  3911.500     0.0000E+00
     516.500  3911.500     0.0000E+00
     517.500  3911.500     0.0000E+00
     518.500  3911.500     0.0000E+00
     519.500  3911.500     0.0000E+00
     520.500  3911.500     0.0000E+00
     521.500  3911.500     0.0000E+00
     522.500  3911.500     0.0000E+00
     523.500  3911.500     0.0000E+00
     524.500  3911.500     0.0000E+00
     525.500  3911.500     0.0000E+00
     526.500  3911.500     0.0000E+00
     527.500  3911.500     0.0000E+00
     528.500  3911.500     0.0000E+00
     529.500  3911.500     0.0000E+00
     530.500  3911.500     0.0000E+00
     531.500  3911.500     0.0000E+00
     532.500  3911.500     0.0000E+00
     533.500  3911.500     0.0000E+00
     534.500  3911.500     0.0000E+00
     535.500  3911.500     0.0000E+00
     536.500  3911.500     0.0000E+00
     537.500  3911.500     0.0000E+00
     538.500  3911.500     0.0000E+00
     539.500  3911.500     0.0000E+00
     540.500  3911.500     0.0000E+00
     541.500  3911.500     0.0000E+00
     542.500  3911.500     0.0000E+00
     543.500  3911.500     0.0000E+00
     544.500  3911.500     0.0000E+00
     495.500  3912.500     0.0000E+00
     496.500  3912.500     0.0000E+00
     497.500  3912.500     0.0000E+00
     498.500  3912.500     0.0000E+00
     499.500  3912.500     0.0000E+00
     500.500  3912.500     0.0000E+00
     501.500  3912.500     0.0000E+00
     502.500  3912.500     0.0000E+00
     503.500  3912.500     0.0000E+00
     504.500  3912.500     0.0000E+00
     505.500  3912.500     0.0000E+00
     506.500  3912.500     0.0000E+00
     507.500  3912.500     0.0000E+00
     508.500  3912.500     0.0000E+00
     509.500  3912.500     0.0000E+00
     510.500  3912.500     0.0000E+00
     511.500  3912.500     0.0000E+00
     512.500  3912.500     0.0000E+00
     513.500  3912.500     0.0000E+00
     514.500  3912.500     0.0000E+00
     515.500  3912.500     0.0000E+00
     516.500  3912.500     0.0000E+00
     517.500  3912.500     0.0000E+00
     518.500  3912.500     0.0000E+00
     519.500  3912.500     0.0000E+00
     520.500  3912.500     0.0000E+00
     521.500  3912.500     0.0000E+00
     522.500  3912.500     0.0000E+00
     523.500  3912.500     0.0000E+00
     524.500  3912.500     0.0000E+00
     525.500  3912.500     0.0000E+00
     526.500  3912.500     0.0000E+00
     527.500  3912.500     0.0000E+00
     528.500  3912.500     0.0000E+00
     529.500  3912.500     0.0000E+00
     530.500  3912.500     0.0000E+00
     531.500  3912.500     0.0000E+00
     532.500  3912.500     0.0000E+00
     533.500  3912.500     0.0000E+00
     534.500  3912.500     0.0000E+00
     535.500  3912.500     0.0000E+00
     536.500  3912.500     0.0000E+00
     537.500  3912.500     0.0000E+00
     538.500  3912.500     0.0000E+00
     539.500  3912.500     0.0000E+00
     540.500  3912.500     0.0000E+00
     541.500  3912.500     0.0000E+00
     542.500  3912.500     0.0000E+00
     543.500  3912.500     0.0000E+00
     544.500  3912.500     0.0000E+00
     495.500  3913.500     0.0000E+00
     496.500  3913.500     0.0000E+00
     497.500  3913.500     0.0000E+00
     498.500  3913.500     0.0000E+00
     499.500  3913.500     0.0000E+00
     500.500  3913.500     0.0000E+00
     501.500  3913.500     0.0000E+00
     502.500  3913.500     0.0000E+00
     503.500  3913.500     0.0000E+00
     504.500  3913.500     0.0000E+00
     505.500  3913.500     0.0000E+00
     506.500  3913.500     0.0000E+00
     507.500  3913.500     0.0000E+00
     508.500  3913.500     0.0000E+00
     509.500  3913.500     0.0000E+00
     510.500  3913.500     0.0000E+00
     511.500  3913.500     0.0000E+00
     512.500  3913.500     0.0000E+00
     513.500  3913.500     0.0000E+00
     514.500  3913.500     0.0000E+00
     515.500  3913.500     0.0000E+00
     516.500  3913.500     0.0000E+00
     517.500  3913.500     0.0000E+00
     518.500  3913.500     0.0000E+00
     519.500  3913.500     0.0000E+00
     520.500  3913.500     0.0000E+00
     521.500  3913.500     0.0000E+00
     522.500  3913.500     0.0000E+00
     523.500  3913.500     0.0000E+00
     524.500  3913.500     0.0000E+00
     525.500  3913.500     0.0000E+00
     526.500  3913.500     0.0000E+00
     527.500  3913.500     0.0000E+00
     528.500  3913.500     0.0000E+00
     529.500  3913.500     0.0000E+00
     530.500  3913.500     0.0000E+00
     531.500  3913.500     0.0000E+00
     532.500  3913.500     0.0000E+00
     533.500  3913.500     0.0000E+00
     534.500  3913.500     0.0000E+00
     535.500  3913.500     0.0000E+00
     536.500  3913.500     0.0000E+00
     537.500  3913.500     0.0000E+00
     538.500  3913.500     0.0000E+00
     539.500  3913.500     0.0000E+00
     540.500  3913.500     0.0000E+00
     541.500  3913.500     0.0000E+00
     542.500  3913.500     0.0000E+00
     543.500  3913.500     0.0000E+00
     544.500  3913.500     0.0000E+00
     495.500  3914.500     0.0000E+00
     496.500  3914.500     0.0000E+00
     497.500  3914.500     0.0000E+00
     498.500  3914.500     0.0000E+00
     499.500  3914.500     0.0000E+00
     500.500  3914.500     0.0000E+00
     501.500  3914.500     0.0000E+00
     502.500  3914.500     0.0000E+00
     503.500  3914.500     0.0000E+00
     504.500  3914.500     0.0000E+00
     505.500  3914.500     0.0000E+00
     506.500  3914.500     0.0000E+00
     507.500  3914.500     0.0000E+00
     508.500  3914.500     0.0000E+00
     509.500  3914.500     0.0000E+00
     510.500  3914.500     0.0000E+00
     511.500  3914.500     0.0000E+00
     512.500  3914.500     0.0000E+00
     513.500  3914.500     0.0000E+00
     514.500  3914.500     0.0000E+00
     515.500  3914.500     0.0000E+00
     516.500  3914.500     0.0000E+00
     517.500  3914.500     0.0000E+00
     518.500  3914.500     0.0000E+00
     519.500  3914.500     0.0000E+00
     520.500  3914.500     0.0000E+00
     521.500  3914.500     0.0000E+00
     522.500  3914.500     0.0000E+00
     523.500  3914.500     0.0000E+00
     524.500  3914.500     0.0000E+00
     525.500  3914.500     0.0000E+00
     526.500  3914.500     0.0000E+00
     527.500  3914.500     0.0000E+00
     528.500  3914.500     0.0000E+00
     529.500  3914.500     0.0000E+00
     530.500  3914.500     0.0000E+00
     531.500  3914.500     0.0000E+00
     532.500  3914.500     0.0000E+00
     533.500  3914.500     0.0000E+00
     534.500  3914.500     0.0000E+00
     535.500  3914.500     0.0000E+00
     536.500  3914.500     0.0000E+00
     537.500  3914.500     0.0000E+00
     538.500  3914.500     0.0000E+00
     539.500  3914.500     0.0000E+00
     540.500  3914.500     0.0000E+00
     541.500  3914.500     0.0000E+00
     542.500  3914.500     0.0000E+00
     543.500  3914.500     0.0000E+00
     544.500  3914.500     0.0000E+00
     495.500  3915.500     0.0000E+00
     496.500  3915.500     0.0000E+00
     497.500  3915.500     0.0000E+00
     498.500  3915.500     0.0000E+00
     499.500  3915.500     0.0000E+00
     500.500  3915.500     0.0000E+00
     501.500  3915.500     0.0000E+00
     502.500  3915.500     0.0000E+00
     503.500  3915.500     0.0000E+00
     504.500  3915.500     0.0000E+00
     505.500  3915.500     0.0000E+00
     506.500  3915.500     0.0000E+00
     507.500  3915.500     0.0000E+00
     508.500  3915.500     0.0000E+00
     509.500  3915.500     0.0000E+00
     510.500  3915.500     0.0000E+00
     511.500  3915.500     0.0000E+00
     512.500  3915.500     0.0000E+00
     513.500  3915.500     0.0000E+00
     514.500  3915.500     0.0000E+00
     515.500  3915.500     0.0000E+00
     516.500  3915.500     0.0000E+00
     517.500  3915.500     0.0000E+00
     518.500  3915.500     0.0000E+00
     519.500  3915.500     0.0000E+00
     520.500  3915.500     0.0000E+00
     521.500  3915.500     0.0000E+00
     522.500  3915.500     0.0000E+00
     523.500  3915.500     0.0000E+00
     524.500  3915.500     0.0000E+00
     525.500  3915.500     0.0000E+00
     526.500  3915.500     0.0000E+00
     527.500  3915.500     0.0000E+00
     528.500  3915.500     0.0000E+00
     529.500  3915.500     0.0000E+00
     530.500  3915.500     0.0000E+00
     531.500  3915.500     0.0000E+00
     532.500  3915.500     0.0000E+00
     533.500  3915.500     0.0000E+00
     534.500  3915.500     0.0000E+00
     535.500  3915.500     0.0000E+00
     536.500  3915.500     0.0000E+00
     537.500  3915.500     0.0000E+00
     538.500  3915.500     0.0000E+00
     539.500  3915.500     0.0000E+00
     540.500  3915.500     0.0000E+00
     541.500  3915.500     0.0000E+00
     542.500  3915.500     0.0000E+00
     543.500  3915.500     0.0000E+00
     544.500  3915.500     0.0000E+00
     495.500  3916.500     0.0000E+00
     496.500  3916.500     0.0000E+00
     497.500  3916.500     0.0000E+00
     498.500  3916.500     0.0000E+00
     499.500  3916.500     0.0000E+00
     500.500  3916.500     0.0000E+00
     501.500  3916.500     0.0000E+00
     502.500  3916.500     0.0000E+00
     503.500  3916.500     0.0000E+00
     504.500  3916.500     0.0000E+00
     505.500  3916.500     0.0000E+00
     506.500  3916.500     0.0000E+00
     507.500  3916.500     0.0000E+00
     508.500  3916.500     0.0000E+00
     509.500  3916.500     0.0000E+00
     510.500  3916.500     0.0000E+00
     511.500  3916.500     0.0000E+00
     512.500  3916.500     0.0000E+00
     513.500  3916.500     0.0000E+00
     514.500  3916.500     0.0000E+00
     515.500  3916.500     0.0000E+00
     516.500  3916.500     0.0000E+00
     517.500  3916.500     0.0000E+00
     518.500  3916.500     0.0000E+00
     519.500  3916.500     0.0000E+00
     520.500  3916.500     0.0000E+00
     521.500  3916.500     0.0000E+00
     522.500  3916.500     0.0000E+00
     523.500  3916.500     0.0000E+00
     524.500  3916.500     0.0000E+00
     525.500  3916.500     0.0000E+00
     526.500  3916.500     0.0000E+00
     527.500  3916.500     0.0000E+00
     528.500  3916.500     0.0000E+00
     529.500  3916.500     0.0000E+00
     530.500  3916.500     0.0000E+00
     531.500  3916.500     0.0000E+00
     532.500  3916.500     0.0000E+00
     533.500  3916.500     0.0000E+00
     534.500  3916.500     0.0000E+00
     535.500  3916.500     0.0000E+00
     536.500  3916.500     0.0000E+00
     537.500  3916.500     0.0000E+00
     538.500  3916.500     0.0000E+00
     539.500  3916.500     0.0000E+00
     540.500  3916.500     0.0000E+00
     541.500  3916.500     0.0000E+00
     542.500  3916.500     0.0000E+00
     543.500  3916.500     0.0000E+00
     544.500  3916.500     0.0000E+00
     495.500  3917.500     0.0000E+00
     496.500  3917.500     0.0000E+00
     497.500  3917.500     0.0000E+00
     498.500  3917.500     0.0000E+00
     499.500  3917.500     0.0000E+00
     500.500  3917.500     0.0000E+00
     501.500  3917.500     0.0000E+00
     502.500  3917.500     0.0000E+00
     503.500  3917.500     0.0000E+00
     504.500  3917.500     0.0000E+00
     505.500  3917.500     0.0000E+00
     506.500  3917.500     0.0000E+00
     507.500  3917.500     0.0000E+00
     508.500  3917.500     0.0000E+00
     509.500  3917.500     0.0000E+00
     510.500  3917.500     0.0000E+00
     511.500  3917.500     0.0000E+00
     512.500  3917.500     0.0000E+00
     513.500  3917.500     0.0000E+00
     514.500  3917.500     0.0000E+00
     515.500  3917.500     0.0000E+00
     516.500  3917.500     0.0000E+00
     517.500  3917.500     0.0000E+00
     518.500  3917.500     0.0000E+00
     519.500  3917.500     0.0000E+00
     520.500  3917.500     0.0000E+00
     521.500  3917.500     0.0000E+00
     522.500  3917.500     0.0000E+00
     523.500  3917.500     0.0000E+00
     524.500  3917.500     0.0000E+00
     525.500  3917.500     0.0000E+00
     526.500  3917.500     0.0000E+00
     527.500  3917.500     0.0000E+00
     528.500  3917.500     0.0000E+00
     529.500  3917.500     0.0000E+00
     530.500  3917.500     0.0000E+00
     531.500  3917.500     0.0000E+00
     532.500  3917.500     0.0000E+00
     533.500  3917.500     0.0000E+00
     534.500  3917.500     0.0000E+00
     535.500  3917.500     0.0000E+00
     536.500  3917.500     0.0000E+00
     537.500  3917.500     0.0000E+00
     538.500  3917.500     0.0000E+00
     539.500  3917.500     0.0000E+00
     540.500  3917.500     0.0000E+00
     541.500  3917.500     0.0000E+00
     542.500  3917.500     0.0000E+00
     543.500  3917.500     0.0000E+00
     544.500  3917.500     0.0000E+00
     495.500  3918.500     0.0000E+00
     496.500  3918.500     0.0000E+00
     497.500  3918.500     0.0000E+00
     498.500  3918.500     0.0000E+00
     499.500  3918.500     0.0000E+00
     500.500  3918.500     0.0000E+00
     501.500  3918.500     0.0000E+00
     502.500  3918.500     0.0000E+00
     503.500  3918.500     0.0000E+00
     504.500  3918.500     0.0000E+00
     505.500  3918.500     0.0000E+00
     506.500  3918.500     0.0000E+00
     507.500  3918.500     0.0000E+00
     508.500  3918.500     0.0000E+00
     509.500  3918.500     0.0000E+00
     510.500  3918.500     0.0000E+00
     511.500  3918.500     0.0000E+00
     512.500  3918.500     0.0000E+00
     513.500  3918.500     0.0000E+00
     514.500  3918.500     0.0000E+00
     515.500  3918.500     0.0000E+00
     516.500  3918.500     0.0000E+00
     517.500  3918.500     0.0000E+00
     518.500  3918.500     0.0000E+00
     519.500  3918.500     0.0000E+00
     520.500  3918.500     0.0000E+00
     521.500  3918.500     0.0000E+00
     522.500  3918.500     0.0000E+00
     523.500  3918.500     0.0000E+00
     524.500  3918.500     0.0000E+00
     525.500  3918.500     0.0000E+00
     526.500  3918.500     0.0000E+00
     527.500  3918.500     0.0000E+00
     528.500  3918.500     0.0000E+00
     529.500  3918.500     0.0000E+00
     530.500  3918.500     0.0000E+00
     531.500  3918.500     0.0000E+00
     532.500  3918.500     0.0000E+00
     533.500  3918.500     0.0000E+00
     534.500  3918.500     0.0000E+00
     535.500  3918.500     0.0000E+00
     536.500  3918.500     0.0000E+00
     537.500  3918.500     0.0000E+00
     538.500  3918.500     0.0000E+00
     539.500  3918.500     0.0000E+00
     540.500  3918.500     0.0000E+00
     541.500  3918.500     0.0000E+00
     542.500  3918.500     0.0000E+00
     543.500  3918.500     0.0000E+00
     544.500  3918.500     0.0000E+00
     495.500  3919.500     0.0000E+00
     496.500  3919.500     0.0000E+00
     497.500  3919.500     0.0000E+00
     498.500  3919.500     0.0000E+00
     499.500  3919.500     0.0000E+00
     500.500  3919.500     0.0000E+00
     501.500  3919.500     0.0000E+00
     502.500  3919.500     0.0000E+00
     503.500  3919.500     0.0000E+00
     504.500  3919.500     0.0000E+00
     505.500  3919.500     0.0000E+00
     506.500  3919.500     0.0000E+00
     507.500  3919.500     0.0000E+00
     508.500  3919.500     0.0000E+00
     509.500  3919.500     0.0000E+00
     510.500  3919.500     0.0000E+00
     511.500  3919.500     0.0000E+00
     512.500  3919.500     0.0000E+00
     513.500  3919.500     0.0000E+00
     514.500  3919.500     0.0000E+00
     515.500  3919.500     0.0000E+00
     516.500  3919.500     0.0000E+00
     517.500  3919.500     0.0000E+00
     518.500  3919.500     0.0000E+00
     519.500  3919.500     0.0000E+00
     520.500  3919.500     0.0000E+00
     521.500  3919.500     0.0000E+00
     522.500  3919.500     0.0000E+00
     523.500  3919.500     0.0000E+00
     524.500  3919.500     0.0000E+00
     525.500  3919.500     0.0000E+00
     526.500  3919.500     0.0000E+00
     527.500  3919.500     0.0000E+00
     528.500  3919.500     0.0000E+00
     529.500  3919.500     0.0000E+00
     530.500  3919.500     7.5638E-01
     531.500  3919.500     1.4638E-01
     532.500  3919.500     0.0000E+00
     533.500  3919.500     0.0000E+00
     534.500  3919.500     0.0000E+00
     535.500  3919.500     0.0000E+00
     536.500  3919.500     0.0000E+00
     537.500  3919.500     0.0000E+00
     538.500  3919.500     0.0000E+00
     539.500  3919.500     0.0000E+00
     540.500  3919.500     0.0000E+00
     541.500  3919.500     0.0000E+00
     542.500  3919.500     0.0000E+00
     543.500  3919.500     0.0000E+00
     544.500  3919.500     0.0000E+00
     495.500  3920.500     0.0000E+00
     496.500  3920.500     0.0000E+00
     497.500  3920.500     0.0000E+00
     498.500  3920.500     0.0000E+00
     499.500  3920.500     0.0000E+00
     500.500  3920.500     0.0000E+00
     501.500  3920.500     0.0000E+00
     502.500  3920.500     0.0000E+00
     503.500  3920.500     0.0000E+00
     504.500  3920.500     0.0000E+00
     505.500  3920.500     0.0000E+00
     506.500  3920.500     0.0000E+00
     507.500  3920.500     0.0000E+00
     508.500  3920.500     0.0000E+00
     509.500  3920.500     0.0000E+00
     510.500  3920.500     0.0000E+00
     511.500  3920.500     0.0000E+00
     512.500  3920.500     0.0000E+00
     513.500  3920.500     0.0000E+00
     514.500  3920.500     0.0000E+00
     515.500  3920.500     0.0000E+00
     516.500  3920.500     0.0000E+00
     517.500  3920.500     0.0000E+00
     518.500  3920.500     0.0000E+00
     519.500  3920.500     0.0000E+00
     520.500  3920.500     0.0000E+00
     521.500  3920.500     0.0000E+00
     522.500  3920.500     0.0000E+00
     523.500  3920.500     0.0000E+00
     524.500  3920.500     0.0000E+00
     525.500  3920.500     0.0000E+00
     526.500  3920.500     0.0000E+00
     527.500  3920.500     0.0000E+00
     528.500  3920.500     4.5046E-02
     529.500  3920.500     1.4796E+00
     530.500  3920.500     9.3753E-02
     531.500  3920.500     4.7923E-03
     532.500  3920.500     0.0000E+00
     533.500  3920.500     0.0000E+00
     534.500  3920.500     0.0000E+00
     535.500  3920.500     0.0000E+00
     536.500  3920.500     0.0000E+00
     537.500  3920.500     0.0000E+00
     538.500  3920.500     0.0000E+00
     539.500  3920.500     0.0000E+00
     540.500  3920.500     0.0000E+00
     541.500  3920.500     0.0000E+00
     542.500  3920.500     0.0000E+00
     543.500  3920.500     0.0000E+00
     544.500  3920.500     0.0000E+00
     495.500  3921.500     0.0000E+00
     496.500  3921.500     0.0000E+00
     497.500  3921.500     0.0000E+00
     498.500  3921.500     0.0000E+00
     499.500  3921.500     0.0000E+00
     500.500  3921.500     0.0000E+00
     501.500  3921.500     0.0000E+00
     502.500  3921.500     0.0000E+00
     503.500  3921.500     0.0000E+00
     504.500  3921.500     0.0000E+00
     505.500  3921.500     0.0000E+00
     506.500  3921.500     0.0000E+00
     507.500  3921.500     0.0000E+00
     508.500  3921.500     0.0000E+00
     509.500  3921.500     0.0000E+00
     510.500  3921.500     0.0000E+00
     511.500  3921.500     0.0000E+00
     512.500  3921.500     0.0000E+00
     513.500  3921.500     0.0000E+00
     514.500  3921.500     0.0000E+00
     515.500  3921.500     0.0000E+00
     516.500  3921.500     0.0000E+00
     517.500  3921.500     0.0000E+00
     518.500  3921.500     0.0000E+00
     519.500  3921.500     0.0000E+00
     520.500  3921.500     0.0000E+00
     521.500  3921.500     0.0000E+00
     522.500  3921.500     0.0000E+00
     523.500  3921.500     0.0000E+00
     524.500  3921.500     0.0000E+00
     525.500  3921.500     1.4482E-03
     526.500  3921.500     1.2863E-02
     527.500  3921.500     1.0166E-01
     528.500  3921.500     5.2262E-01
     529.500  3921.500     2.7358E-01
     530.500  3921.500     6.6801E-01
     531.500  3921.500     3.2743E-01
     532.500  3921.500     0.0000E+00
     533.500  3921.500     0.0000E+00
     534.500  3921.500     0.0000E+00
     535.500  3921.500     0.0000E+00
     536.500  3921.500     0.0000E+00
     537.500  3921.500     0.0000E+00
     538.500  3921.500     0.0000E+00
     539.500  3921.500     0.0000E+00
     540.500  3921.500     0.0000E+00
     541.500  3921.500     0.0000E+00
     542.500  3921.500     0.0000E+00
     543.500  3921.500     0.0000E+00
     544.500  3921.500     0.0000E+00
     495.500  3922.500     0.0000E+00
     496.500  3922.500     0.0000E+00
     497.500  3922.500     0.0000E+00
     498.500  3922.500     0.0000E+00
     499.500  3922.500     0.0000E+00
     500.500  3922.500     0.0000E+00
     501.500  3922.500     0.0000E+00
     502.500  3922.500     0.0000E+00
     503.500  3922.500     0.0000E+00
     504.500  3922.500     0.0000E+00
     505.500  3922.500     0.0000E+00
     506.500  3922.500     0.0000E+00
     507.500  3922.500     0.0000E+00
     508.500  3922.500     0.0000E+00
     509.500  3922.500     0.0000E+00
     510.500  3922.500     0.0000E+00
     511.500  3922.500     0.0000E+00
     512.500  3922.500     0.0000E+00
     513.500  3922.500     0.0000E+00
     514.500  3922.500     0.0000E+00
     515.500  3922.500     0.0000E+00
     516.500  3922.500     0.0000E+00
     517.500  3922.500     0.0000E+00
     518.500  3922.500     0.0000E+00
     519.500  3922.500     0.0000E+00
     520.500  3922.500     0.0000E+00
     521.500  3922.500     9.8191E-06
     522.500  3922.500     6.0012E-04
     523.500  3922.500     2.6459E-03
     524.500  3922.500     9.1218E-03
     525.500  3922.500     3.2236E-02
     526.500  3922.500     1.0704E-01
     527.500  3922.500     2.6130E-01
     528.500  3922.500     2.7333E-01
     529.500  3922.500     3.6317E-01
     530.500  3922.500     3.6074E-01
     531.500  3922.500     0.0000E+00
     532.500  3922.500     0.0000E+00
     533.500  3922.500     0.0000E+00
     534.500  3922.500     0.0000E+00
     535.500  3922.500     0.0000E+00
     536.500  3922.500     0.0000E+00
     537.500  3922.500     0.0000E+00
     538.500  3922.500     0.0000E+00
     539.500  3922.500     0.0000E+00
     540.500  3922.500     0.0000E+00
     541.500  3922.500     0.0000E+00
     542.500  3922.500     0.0000E+00
     543.500  3922.500     0.0000E+00
     544.500  3922.500     0.0000E+00
     495.500  3923.500     1.1254E-05
     496.500  3923.500     4.3476E-06
     497.500  3923.500     1.2908E-06
     498.500  3923.500     0.0000E+00
     499.500  3923.500     0.0000E+00
     500.500  3923.500     0.0000E+00
     501.500  3923.500     0.0000E+00
     502.500  3923.500     0.0000E+00
     503.500  3923.500     0.0000E+00
     504.500  3923.500     0.0000E+00
     505.500  3923.500     0.0000E+00
     506.500  3923.500     0.0000E+00
     507.500  3923.500     0.0000E+00
     508.500  3923.500     0.0000E+00
     509.500  3923.500     0.0000E+00
     510.500  3923.500     0.0000E+00
     511.500  3923.500     0.0000E+00
     512.500  3923.500     0.0000E+00
     513.500  3923.500     0.0000E+00
     514.500  3923.500     0.0000E+00
     515.500  3923.500     0.0000E+00
     516.500  3923.500     0.0000E+00
     517.500  3923.500     0.0000E+00
     518.500  3923.500     4.8170E-05
     519.500  3923.500     3.2125E-04
     520.500  3923.500     1.0468E-03
     521.500  3923.500     2.6432E-03
     522.500  3923.500     6.7601E-03
     523.500  3923.500     1.6509E-02
     524.500  3923.500     4.0812E-02
     525.500  3923.500     1.4954E-01
     526.500  3923.500     1.6314E-01
     527.500  3923.500     2.0515E-01
     528.500  3923.500     1.8118E-01
     529.500  3923.500     7.3993E-01
     530.500  3923.500     3.4477E-03
     531.500  3923.500     0.0000E+00
     532.500  3923.500     0.0000E+00
     533.500  3923.500     0.0000E+00
     534.500  3923.500     0.0000E+00
     535.500  3923.500     0.0000E+00
     536.500  3923.500     0.0000E+00
     537.500  3923.500     0.0000E+00
     538.500  3923.500     0.0000E+00
     539.500  3923.500     0.0000E+00
     540.500  3923.500     0.0000E+00
     541.500  3923.500     0.0000E+00
     542.500  3923.500     0.0000E+00
     543.500  3923.500     0.0000E+00
     544.500  3923.500     0.0000E+00
     495.500  3924.500     6.3767E-05
     496.500  3924.500     5.8698E-05
     497.500  3924.500     4.8278E-05
     498.500  3924.500     3.7421E-05
     499.500  3924.500     2.3218E-05
     500.500  3924.500     8.4392E-06
     501.500  3924.500     0.0000E+00
     502.500  3924.500     0.0000E+00
     503.500  3924.500     0.0000E+00
     504.500  3924.500     0.0000E+00
     505.500  3924.500     0.0000E+00
     506.500  3924.500     0.0000E+00
     507.500  3924.500     0.0000E+00
     508.500  3924.500     0.0000E+00
     509.500  3924.500     0.0000E+00
     510.500  3924.500     0.0000E+00
     511.500  3924.500     0.0000E+00
     512.500  3924.500     0.0000E+00
     513.500  3924.500     0.0000E+00
     514.500  3924.500     1.1615E-06
     515.500  3924.500     6.8248E-05
     516.500  3924.500     2.6566E-04
     517.500  3924.500     7.4032E-04
     518.500  3924.500     1.4552E-03
     519.500  3924.500     2.8443E-03
     520.500  3924.500     5.6253E-03
     521.500  3924.500     1.1084E-02
     522.500  3924.500     2.2202E-02
     523.500  3924.500     4.4889E-02
     524.500  3924.500     8.9933E-02
     525.500  3924.500     1.1813E-01
     526.500  3924.500     1.4723E-01
     527.500  3924.500     1.7954E-01
     528.500  3924.500     4.2403E-01
     529.500  3924.500     3.0832E-01
     530.500  3924.500     0.0000E+00
     531.500  3924.500     0.0000E+00
     532.500  3924.500     0.0000E+00
     533.500  3924.500     0.0000E+00
     534.500  3924.500     0.0000E+00
     535.500  3924.500     0.0000E+00
     536.500  3924.500     0.0000E+00
     537.500  3924.500     0.0000E+00
     538.500  3924.500     0.0000E+00
     539.500  3924.500     0.0000E+00
     540.500  3924.500     0.0000E+00
     541.500  3924.500     0.0000E+00
     542.500  3924.500     0.0000E+00
     543.500  3924.500     0.0000E+00
     544.500  3924.500     0.0000E+00
     495.500  3925.500     1.7708E-04
     496.500  3925.500     1.7824E-04
     497.500  3925.500     1.7917E-04
     498.500  3925.500     1.7532E-04
     499.500  3925.500     1.6848E-04
     500.500  3925.500     1.5027E-04
     501.500  3925.500     1.2324E-04
     502.500  3925.500     9.7305E-05
     503.500  3925.500     6.2117E-05
     504.500  3925.500     2.3997E-05
     505.500  3925.500     1.1735E-06
     506.500  3925.500     1.3591E-07
     507.500  3925.500     0.0000E+00
     508.500  3925.500     0.0000E+00
     509.500  3925.500     0.0000E+00
     510.500  3925.500     1.7112E-05
     511.500  3925.500     5.5608E-05
     512.500  3925.500     1.6431E-04
     513.500  3925.500     3.4558E-04
     514.500  3925.500     5.7945E-04
     515.500  3925.500     9.9519E-04
     516.500  3925.500     1.7410E-03
     517.500  3925.500     2.9390E-03
     518.500  3925.500     5.0226E-03
     519.500  3925.500     8.6383E-03
     520.500  3925.500     1.4972E-02
     521.500  3925.500     2.5974E-02
     522.500  3925.500     4.4658E-02
     523.500  3925.500     7.2256E-02
     524.500  3925.500     9.8083E-02
     525.500  3925.500     1.2305E-01
     526.500  3925.500     1.5822E-01
     527.500  3925.500     2.3393E-01
     528.500  3925.500     1.8021E-01
     529.500  3925.500     3.6548E-03
     530.500  3925.500     3.5871E-02
     531.500  3925.500     1.6294E-01
     532.500  3925.500     1.4667E-03
     533.500  3925.500     0.0000E+00
     534.500  3925.500     0.0000E+00
     535.500  3925.500     0.0000E+00
     536.500  3925.500     0.0000E+00
     537.500  3925.500     0.0000E+00
     538.500  3925.500     0.0000E+00
     539.500  3925.500     0.0000E+00
     540.500  3925.500     0.0000E+00
     541.500  3925.500     0.0000E+00
     542.500  3925.500     0.0000E+00
     543.500  3925.500     0.0000E+00
     544.500  3925.500     0.0000E+00
     495.500  3926.500     3.1891E-04
     496.500  3926.500     3.3700E-04
     497.500  3926.500     3.5036E-04
     498.500  3926.500     3.6223E-04
     499.500  3926.500     3.7240E-04
     500.500  3926.500     3.7938E-04
     501.500  3926.500     3.8123E-04
     502.500  3926.500     3.8037E-04
     503.500  3926.500     3.7791E-04
     504.500  3926.500     3.7169E-04
     505.500  3926.500     3.6079E-04
     506.500  3926.500     3.6088E-04
     507.500  3926.500     3.7389E-04
     508.500  3926.500     4.0328E-04
     509.500  3926.500     4.7689E-04
     510.500  3926.500     6.0219E-04
     511.500  3926.500     7.6784E-04
     512.500  3926.500     1.0038E-03
     513.500  3926.500     1.4724E-03
     514.500  3926.500     2.1391E-03
     515.500  3926.500     3.1771E-03
     516.500  3926.500     4.8084E-03
     517.500  3926.500     7.3915E-03
     518.500  3926.500     1.1673E-02
     519.500  3926.500     1.8471E-02
     520.500  3926.500     2.9116E-02
     521.500  3926.500     4.4512E-02
     522.500  3926.500     6.4592E-02
     523.500  3926.500     8.5562E-02
     524.500  3926.500     1.0632E-01
     525.500  3926.500     1.2859E-01
     526.500  3926.500     1.4559E-01
     527.500  3926.500     1.1153E-01
     528.500  3926.500     2.4782E-02
     529.500  3926.500     3.1069E-02
     530.500  3926.500     7.1995E-01
     531.500  3926.500     1.4628E+01
     532.500  3926.500     5.1516E-02
     533.500  3926.500     3.5485E-01
     534.500  3926.500     0.0000E+00
     535.500  3926.500     0.0000E+00
     536.500  3926.500     0.0000E+00
     537.500  3926.500     0.0000E+00
     538.500  3926.500     0.0000E+00
     539.500  3926.500     0.0000E+00
     540.500  3926.500     0.0000E+00
     541.500  3926.500     0.0000E+00
     542.500  3926.500     0.0000E+00
     543.500  3926.500     0.0000E+00
     544.500  3926.500     0.0000E+00
     495.500  3927.500     5.4370E-04
     496.500  3927.500     5.8455E-04
     497.500  3927.500     6.2179E-04
     498.500  3927.500     6.5622E-04
     499.500  3927.500     6.8784E-04
     500.500  3927.500     7.1739E-04
     501.500  3927.500     7.4433E-04
     502.500  3927.500     7.7046E-04
     503.500  3927.500     7.9702E-04
     504.500  3927.500     8.3254E-04
     505.500  3927.500     8.8110E-04
     506.500  3927.500     9.4628E-04
     507.500  3927.500     1.0345E-03
     508.500  3927.500     1.1797E-03
     509.500  3927.500     1.3805E-03
     510.500  3927.500     1.6792E-03
     511.500  3927.500     2.0913E-03
     512.500  3927.500     2.7002E-03
     513.500  3927.500     3.5981E-03
     514.500  3927.500     4.9682E-03
     515.500  3927.500     7.0457E-03
     516.500  3927.500     1.0233E-02
     517.500  3927.500     1.4855E-02
     518.500  3927.500     2.1777E-02
     519.500  3927.500     3.1552E-02
     520.500  3927.500     4.4643E-02
     521.500  3927.500     6.0471E-02
     522.500  3927.500     7.7273E-02
     523.500  3927.500     9.2753E-02
     524.500  3927.500     1.0463E-01
     525.500  3927.500     1.0568E-01
     526.500  3927.500     8.0917E-02
     527.500  3927.500     5.3735E-02
     528.500  3927.500     1.8217E-01
     529.500  3927.500     1.2205E+00
     530.500  3927.500     3.6764E+00
     531.500  3927.500     3.3437E-01
     532.500  3927.500     6.3004E-01
     533.500  3927.500     4.5799E-01
     534.500  3927.500     0.0000E+00
     535.500  3927.500     0.0000E+00
     536.500  3927.500     0.0000E+00
     537.500  3927.500     0.0000E+00
     538.500  3927.500     0.0000E+00
     539.500  3927.500     0.0000E+00
     540.500  3927.500     0.0000E+00
     541.500  3927.500     0.0000E+00
     542.500  3927.500     0.0000E+00
     543.500  3927.500     0.0000E+00
     544.500  3927.500     0.0000E+00
     495.500  3928.500     8.6549E-04
     496.500  3928.500     9.4675E-04
     497.500  3928.500     1.0244E-03
     498.500  3928.500     1.0999E-03
     499.500  3928.500     1.1790E-03
     500.500  3928.500     1.2562E-03
     501.500  3928.500     1.3364E-03
     502.500  3928.500     1.4210E-03
     503.500  3928.500     1.5176E-03
     504.500  3928.500     1.6316E-03
     505.500  3928.500     1.7811E-03
     506.500  3928.500     1.9576E-03
     507.500  3928.500     2.1928E-03
     508.500  3928.500     2.5131E-03
     509.500  3928.500     2.9549E-03
     510.500  3928.500     3.5692E-03
     511.500  3928.500     4.4368E-03
     512.500  3928.500     5.6606E-03
     513.500  3928.500     7.3938E-03
     514.500  3928.500     9.8404E-03
     515.500  3928.500     1.3306E-02
     516.500  3928.500     1.8167E-02
     517.500  3928.500     2.4755E-02
     518.500  3928.500     3.3611E-02
     519.500  3928.500     4.4756E-02
     520.500  3928.500     5.7664E-02
     521.500  3928.500     7.0921E-02
     522.500  3928.500     8.1960E-02
     523.500  3928.500     8.9707E-02
     524.500  3928.500     9.3616E-02
     525.500  3928.500     9.6978E-02
     526.500  3928.500     7.3991E-01
     527.500  3928.500     1.9855E+01
     528.500  3928.500     2.3760E+00
     529.500  3928.500     2.0458E+00
     530.500  3928.500     5.9676E-01
     531.500  3928.500     5.6049E-01
     532.500  3928.500     9.4433E-01
     533.500  3928.500     7.7051E-03
     534.500  3928.500     0.0000E+00
     535.500  3928.500     0.0000E+00
     536.500  3928.500     0.0000E+00
     537.500  3928.500     0.0000E+00
     538.500  3928.500     0.0000E+00
     539.500  3928.500     0.0000E+00
     540.500  3928.500     0.0000E+00
     541.500  3928.500     0.0000E+00
     542.500  3928.500     0.0000E+00
     543.500  3928.500     0.0000E+00
     544.500  3928.500     0.0000E+00
     495.500  3929.500     1.3515E-03
     496.500  3929.500     1.5018E-03
     497.500  3929.500     1.6484E-03
     498.500  3929.500     1.8059E-03
     499.500  3929.500     1.9685E-03
     500.500  3929.500     2.1304E-03
     501.500  3929.500     2.3050E-03
     502.500  3929.500     2.4995E-03
     503.500  3929.500     2.7191E-03
     504.500  3929.500     2.9707E-03
     505.500  3929.500     3.2767E-03
     506.500  3929.500     3.6758E-03
     507.500  3929.500     4.1792E-03
     508.500  3929.500     4.8245E-03
     509.500  3929.500     5.6745E-03
     510.500  3929.500     6.8062E-03
     511.500  3929.500     8.2997E-03
     512.500  3929.500     1.0334E-02
     513.500  3929.500     1.3050E-02
     514.500  3929.500     1.6691E-02
     515.500  3929.500     2.1549E-02
     516.500  3929.500     2.7793E-02
     517.500  3929.500     3.5709E-02
     518.500  3929.500     4.5112E-02
     519.500  3929.500     5.6125E-02
     520.500  3929.500     6.8203E-02
     521.500  3929.500     7.9975E-02
     522.500  3929.500     9.6892E-02
     523.500  3929.500     1.7258E-01
     524.500  3929.500     4.7832E-01
     525.500  3929.500     2.2799E+00
     526.500  3929.500     8.5673E+00
     527.500  3929.500     4.2677E+00
     528.500  3929.500     1.3678E+00
     529.500  3929.500     6.4545E-01
     530.500  3929.500     4.2011E-01
     531.500  3929.500     1.7077E+00
     532.500  3929.500     7.5460E-02
     533.500  3929.500     0.0000E+00
     534.500  3929.500     0.0000E+00
     535.500  3929.500     0.0000E+00
     536.500  3929.500     0.0000E+00
     537.500  3929.500     0.0000E+00
     538.500  3929.500     0.0000E+00
     539.500  3929.500     0.0000E+00
     540.500  3929.500     0.0000E+00
     541.500  3929.500     0.0000E+00
     542.500  3929.500     0.0000E+00
     543.500  3929.500     0.0000E+00
     544.500  3929.500     0.0000E+00
     495.500  3930.500     1.9807E-03
     496.500  3930.500     2.2174E-03
     497.500  3930.500     2.4677E-03
     498.500  3930.500     2.7258E-03
     499.500  3930.500     2.9992E-03
     500.500  3930.500     3.2858E-03
     501.500  3930.500     3.6046E-03
     502.500  3930.500     3.9534E-03
     503.500  3930.500     4.3518E-03
     504.500  3930.500     4.8205E-03
     505.500  3930.500     5.3743E-03
     506.500  3930.500     6.0568E-03
     507.500  3930.500     6.9054E-03
     508.500  3930.500     7.9809E-03
     509.500  3930.500     9.3456E-03
     510.500  3930.500     1.1128E-02
     511.500  3930.500     1.3427E-02
     512.500  3930.500     1.6391E-02
     513.500  3930.500     2.0162E-02
     514.500  3930.500     2.5119E-02
     515.500  3930.500     3.1322E-02
     516.500  3930.500     3.9231E-02
     517.500  3930.500     4.8584E-02
     518.500  3930.500     6.1648E-02
     519.500  3930.500     8.0709E-02
     520.500  3930.500     1.1592E-01
     521.500  3930.500     1.8674E-01
     522.500  3930.500     3.6572E-01
     523.500  3930.500     8.7584E-01
     524.500  3930.500     2.2171E+00
     525.500  3930.500     4.1790E+00
     526.500  3930.500     2.7073E+00
     527.500  3930.500     8.4390E-01
     528.500  3930.500     5.4231E-01
     529.500  3930.500     6.3098E-01
     530.500  3930.500     1.8857E+00
     531.500  3930.500     2.2167E+00
     532.500  3930.500     4.5717E-02
     533.500  3930.500     8.5337E-02
     534.500  3930.500     0.0000E+00
     535.500  3930.500     1.6698E-02
     536.500  3930.500     0.0000E+00
     537.500  3930.500     0.0000E+00
     538.500  3930.500     0.0000E+00
     539.500  3930.500     0.0000E+00
     540.500  3930.500     0.0000E+00
     541.500  3930.500     0.0000E+00
     542.500  3930.500     0.0000E+00
     543.500  3930.500     0.0000E+00
     544.500  3930.500     0.0000E+00
     495.500  3931.500     2.8072E-03
     496.500  3931.500     3.1327E-03
     497.500  3931.500     3.4997E-03
     498.500  3931.500     3.8955E-03
     499.500  3931.500     4.3241E-03
     500.500  3931.500     4.7826E-03
     501.500  3931.500     5.2858E-03
     502.500  3931.500     5.8448E-03
     503.500  3931.500     6.4769E-03
     504.500  3931.500     7.2120E-03
     505.500  3931.500     8.0843E-03
     506.500  3931.500     9.1638E-03
     507.500  3931.500     1.0486E-02
     508.500  3931.500     1.2138E-02
     509.500  3931.500     1.4268E-02
     510.500  3931.500     1.7068E-02
     511.500  3931.500     2.0630E-02
     512.500  3931.500     2.5070E-02
     513.500  3931.500     3.1219E-02
     514.500  3931.500     3.9368E-02
     515.500  3931.500     5.0440E-02
     516.500  3931.500     6.7201E-02
     517.500  3931.500     8.9599E-02
     518.500  3931.500     1.2440E-01
     519.500  3931.500     1.8367E-01
     520.500  3931.500     2.9627E-01
     521.500  3931.500     5.2172E-01
     522.500  3931.500     9.6687E-01
     523.500  3931.500     1.6971E+00
     524.500  3931.500     2.3500E+00
     525.500  3931.500     1.7812E+00
     526.500  3931.500     6.9312E-01
     527.500  3931.500     4.7823E-01
     528.500  3931.500     5.7779E-01
     529.500  3931.500     8.6455E-01
     530.500  3931.500     3.2363E-01
     531.500  3931.500     1.7571E-01
     532.500  3931.500     4.6646E-01
     533.500  3931.500     1.2111E-02
     534.500  3931.500     1.4427E-02
     535.500  3931.500     8.3731E-04
     536.500  3931.500     0.0000E+00
     537.500  3931.500     0.0000E+00
     538.500  3931.500     0.0000E+00
     539.500  3931.500     0.0000E+00
     540.500  3931.500     0.0000E+00
     541.500  3931.500     0.0000E+00
     542.500  3931.500     0.0000E+00
     543.500  3931.500     0.0000E+00
     544.500  3931.500     0.0000E+00
     495.500  3932.500     4.0773E-03
     496.500  3932.500     4.4284E-03
     497.500  3932.500     4.8437E-03
     498.500  3932.500     5.3991E-03
     499.500  3932.500     6.1051E-03
     500.500  3932.500     6.8771E-03
     501.500  3932.500     7.8380E-03
     502.500  3932.500     8.8235E-03
     503.500  3932.500     1.0281E-02
     504.500  3932.500     1.2144E-02
     505.500  3932.500     1.4149E-02
     506.500  3932.500     1.6434E-02
     507.500  3932.500     1.9131E-02
     508.500  3932.500     2.2521E-02
     509.500  3932.500     2.6646E-02
     510.500  3932.500     3.1817E-02
     511.500  3932.500     3.8747E-02
     512.500  3932.500     4.8734E-02
     513.500  3932.500     6.1326E-02
     514.500  3932.500     7.7893E-02
     515.500  3932.500     1.0099E-01
     516.500  3932.500     1.3482E-01
     517.500  3932.500     1.8641E-01
     518.500  3932.500     2.6901E-01
     519.500  3932.500     4.0395E-01
     520.500  3932.500     6.2011E-01
     521.500  3932.500     9.4417E-01
     522.500  3932.500     1.3322E+00
     523.500  3932.500     1.5534E+00
     524.500  3932.500     1.2680E+00
     525.500  3932.500     6.8256E-01
     526.500  3932.500     4.2775E-01
     527.500  3932.500     4.2274E-01
     528.500  3932.500     4.4050E-01
     529.500  3932.500     2.9498E-01
     530.500  3932.500     1.6463E-01
     531.500  3932.500     4.6705E-01
     532.500  3932.500     3.1946E-01
     533.500  3932.500     6.6752E-03
     534.500  3932.500     3.5180E-03
     535.500  3932.500     0.0000E+00
     536.500  3932.500     0.0000E+00
     537.500  3932.500     0.0000E+00
     538.500  3932.500     0.0000E+00
     539.500  3932.500     0.0000E+00
     540.500  3932.500     0.0000E+00
     541.500  3932.500     0.0000E+00
     542.500  3932.500     0.0000E+00
     543.500  3932.500     0.0000E+00
     544.500  3932.500     0.0000E+00
     495.500  3933.500     6.6044E-03
     496.500  3933.500     7.2564E-03
     497.500  3933.500     8.0753E-03
     498.500  3933.500     9.1179E-03
     499.500  3933.500     1.0633E-02
     500.500  3933.500     1.2427E-02
     501.500  3933.500     1.4440E-02
     502.500  3933.500     1.6851E-02
     503.500  3933.500     1.9651E-02
     504.500  3933.500     2.2863E-02
     505.500  3933.500     2.6512E-02
     506.500  3933.500     3.1004E-02
     507.500  3933.500     3.6190E-02
     508.500  3933.500     4.2389E-02
     509.500  3933.500     5.0083E-02
     510.500  3933.500     6.0075E-02
     511.500  3933.500     7.3006E-02
     512.500  3933.500     9.1642E-02
     513.500  3933.500     1.1563E-01
     514.500  3933.500     1.4806E-01
     515.500  3933.500     1.9368E-01
     516.500  3933.500     2.5931E-01
     517.500  3933.500     3.5529E-01
     518.500  3933.500     4.9245E-01
     519.500  3933.500     6.8012E-01
     520.500  3933.500     9.0944E-01
     521.500  3933.500     1.1192E+00
     522.500  3933.500     1.1848E+00
     523.500  3933.500     9.9150E-01
     524.500  3933.500     6.3399E-01
     525.500  3933.500     3.9811E-01
     526.500  3933.500     3.5456E-01
     527.500  3933.500     3.1460E-01
     528.500  3933.500     2.0422E-01
     529.500  3933.500     1.3453E-01
     530.500  3933.500     2.4377E-01
     531.500  3933.500     2.4934E-01
     532.500  3933.500     2.0267E-02
     533.500  3933.500     7.6318E-03
     534.500  3933.500     2.7261E-02
     535.500  3933.500     0.0000E+00
     536.500  3933.500     0.0000E+00
     537.500  3933.500     0.0000E+00
     538.500  3933.500     0.0000E+00
     539.500  3933.500     0.0000E+00
     540.500  3933.500     0.0000E+00
     541.500  3933.500     0.0000E+00
     542.500  3933.500     0.0000E+00
     543.500  3933.500     0.0000E+00
     544.500  3933.500     0.0000E+00
     495.500  3934.500     1.2272E-02
     496.500  3934.500     1.3467E-02
     497.500  3934.500     1.4670E-02
     498.500  3934.500     1.6507E-02
     499.500  3934.500     1.8892E-02
     500.500  3934.500     2.1704E-02
     501.500  3934.500     2.4963E-02
     502.500  3934.500     2.8786E-02
     503.500  3934.500     3.3316E-02
     504.500  3934.500     3.8626E-02
     505.500  3934.500     4.4945E-02
     506.500  3934.500     5.2566E-02
     507.500  3934.500     6.1859E-02
     508.500  3934.500     7.2974E-02
     509.500  3934.500     8.6888E-02
     510.500  3934.500     1.0454E-01
     511.500  3934.500     1.2754E-01
     512.500  3934.500     1.5795E-01
     513.500  3934.500     1.9878E-01
     514.500  3934.500     2.5391E-01
     515.500  3934.500     3.2835E-01
     516.500  3934.500     4.2833E-01
     517.500  3934.500     5.5759E-01
     518.500  3934.500     7.1354E-01
     519.500  3934.500     8.7595E-01
     520.500  3934.500     9.9599E-01
     521.500  3934.500     1.0015E+00
     522.500  3934.500     8.4624E-01
     523.500  3934.500     5.9413E-01
     524.500  3934.500     3.9364E-01
     525.500  3934.500     3.0633E-01
     526.500  3934.500     2.5954E-01
     527.500  3934.500     1.8497E-01
     528.500  3934.500     1.1767E-01
     529.500  3934.500     1.2648E-01
     530.500  3934.500     1.5747E-01
     531.500  3934.500     6.3794E-02
     532.500  3934.500     7.6360E-03
     533.500  3934.500     9.6241E-03
     534.500  3934.500     0.0000E+00
     535.500  3934.500     0.0000E+00
     536.500  3934.500     0.0000E+00
     537.500  3934.500     0.0000E+00
     538.500  3934.500     0.0000E+00
     539.500  3934.500     0.0000E+00
     540.500  3934.500     0.0000E+00
     541.500  3934.500     0.0000E+00
     542.500  3934.500     0.0000E+00
     543.500  3934.500     0.0000E+00
     544.500  3934.500     0.0000E+00
     495.500  3935.500     1.8594E-02
     496.500  3935.500     2.0830E-02
     497.500  3935.500     2.3341E-02
     498.500  3935.500     2.6445E-02
     499.500  3935.500     3.0139E-02
     500.500  3935.500     3.4518E-02
     501.500  3935.500     3.9617E-02
     502.500  3935.500     4.5610E-02
     503.500  3935.500     5.2632E-02
     504.500  3935.500     6.1066E-02
     505.500  3935.500     7.1123E-02
     506.500  3935.500     8.3145E-02
     507.500  3935.500     9.7759E-02
     508.500  3935.500     1.1579E-01
     509.500  3935.500     1.3811E-01
     510.500  3935.500     1.6632E-01
     511.500  3935.500     2.0228E-01
     512.500  3935.500     2.4887E-01
     513.500  3935.500     3.0888E-01
     514.500  3935.500     3.8579E-01
     515.500  3935.500     4.8195E-01
     516.500  3935.500     5.9711E-01
     517.500  3935.500     7.2311E-01
     518.500  3935.500     8.4074E-01
     519.500  3935.500     9.1253E-01
     520.500  3935.500     8.9494E-01
     521.500  3935.500     7.6613E-01
     522.500  3935.500     5.6911E-01
     523.500  3935.500     3.9026E-01
     524.500  3935.500     2.7978E-01
     525.500  3935.500     2.2767E-01
     526.500  3935.500     1.6954E-01
     527.500  3935.500     1.1544E-01
     528.500  3935.500     9.2986E-02
     529.500  3935.500     8.0360E-02
     530.500  3935.500     4.3017E-02
     531.500  3935.500     6.6560E-03
     532.500  3935.500     4.8079E-03
     533.500  3935.500     3.7851E-04
     534.500  3935.500     0.0000E+00
     535.500  3935.500     0.0000E+00
     536.500  3935.500     0.0000E+00
     537.500  3935.500     0.0000E+00
     538.500  3935.500     0.0000E+00
     539.500  3935.500     0.0000E+00
     540.500  3935.500     0.0000E+00
     541.500  3935.500     0.0000E+00
     542.500  3935.500     0.0000E+00
     543.500  3935.500     0.0000E+00
     544.500  3935.500     0.0000E+00
     495.500  3936.500     2.7410E-02
     496.500  3936.500     3.0952E-02
     497.500  3936.500     3.4875E-02
     498.500  3936.500     3.9432E-02
     499.500  3936.500     4.4926E-02
     500.500  3936.500     5.1504E-02
     501.500  3936.500     5.9246E-02
     502.500  3936.500     6.8277E-02
     503.500  3936.500     7.8809E-02
     504.500  3936.500     9.1369E-02
     505.500  3936.500     1.0630E-01
     506.500  3936.500     1.2419E-01
     507.500  3936.500     1.4570E-01
     508.500  3936.500     1.7213E-01
     509.500  3936.500     2.0435E-01
     510.500  3936.500     2.4418E-01
     511.500  3936.500     2.9319E-01
     512.500  3936.500     3.5373E-01
     513.500  3936.500     4.2773E-01
     514.500  3936.500     5.1526E-01
     515.500  3936.500     6.1344E-01
     516.500  3936.500     7.1367E-01
     517.500  3936.500     7.9971E-01
     518.500  3936.500     8.4421E-01
     519.500  3936.500     8.1923E-01
     520.500  3936.500     7.1260E-01
     521.500  3936.500     5.5168E-01
     522.500  3936.500     3.9102E-01
     523.500  3936.500     2.7650E-01
     524.500  3936.500     2.0868E-01
     525.500  3936.500     1.5794E-01
     526.500  3936.500     1.1271E-01
     527.500  3936.500     8.3831E-02
     528.500  3936.500     6.3686E-02
     529.500  3936.500     3.6740E-02
     530.500  3936.500     1.0466E-02
     531.500  3936.500     2.8395E-03
     532.500  3936.500     8.1366E-04
     533.500  3936.500     0.0000E+00
     534.500  3936.500     0.0000E+00
     535.500  3936.500     0.0000E+00
     536.500  3936.500     0.0000E+00
     537.500  3936.500     0.0000E+00
     538.500  3936.500     0.0000E+00
     539.500  3936.500     0.0000E+00
     540.500  3936.500     0.0000E+00
     541.500  3936.500     0.0000E+00
     542.500  3936.500     0.0000E+00
     543.500  3936.500     0.0000E+00
     544.500  3936.500     0.0000E+00
     495.500  3937.500     3.8882E-02
     496.500  3937.500     4.4137E-02
     497.500  3937.500     4.9891E-02
     498.500  3937.500     5.6470E-02
     499.500  3937.500     6.4225E-02
     500.500  3937.500     7.3397E-02
     501.500  3937.500     8.4190E-02
     502.500  3937.500     9.6959E-02
     503.500  3937.500     1.1179E-01
     504.500  3937.500     1.2928E-01
     505.500  3937.500     1.4983E-01
     506.500  3937.500     1.7422E-01
     507.500  3937.500     2.0334E-01
     508.500  3937.500     2.3817E-01
     509.500  3937.500     2.7934E-01
     510.500  3937.500     3.2840E-01
     511.500  3937.500     3.8673E-01
     512.500  3937.500     4.5470E-01
     513.500  3937.500     5.3138E-01
     514.500  3937.500     6.1253E-01
     515.500  3937.500     6.9059E-01
     516.500  3937.500     7.5311E-01
     517.500  3937.500     7.8015E-01
     518.500  3937.500     7.5494E-01
     519.500  3937.500     6.6706E-01
     520.500  3937.500     5.3475E-01
     521.500  3937.500     3.9263E-01
     522.500  3937.500     2.7789E-01
     523.500  3937.500     1.9808E-01
     524.500  3937.500     1.5058E-01
     525.500  3937.500     1.0955E-01
     526.500  3937.500     7.7746E-02
     527.500  3937.500     5.6285E-02
     528.500  3937.500     3.4867E-02
     529.500  3937.500     1.4005E-02
     530.500  3937.500     3.2581E-03
     531.500  3937.500     9.4807E-04
     532.500  3937.500     1.0071E-04
     533.500  3937.500     0.0000E+00
     534.500  3937.500     0.0000E+00
     535.500  3937.500     0.0000E+00
     536.500  3937.500     0.0000E+00
     537.500  3937.500     0.0000E+00
     538.500  3937.500     0.0000E+00
     539.500  3937.500     0.0000E+00
     540.500  3937.500     0.0000E+00
     541.500  3937.500     0.0000E+00
     542.500  3937.500     0.0000E+00
     543.500  3937.500     0.0000E+00
     544.500  3937.500     0.0000E+00
     495.500  3938.500     5.2875E-02
     496.500  3938.500     6.0391E-02
     497.500  3938.500     6.8642E-02
     498.500  3938.500     7.7795E-02
     499.500  3938.500     8.8336E-02
     500.500  3938.500     1.0053E-01
     501.500  3938.500     1.1480E-01
     502.500  3938.500     1.3140E-01
     503.500  3938.500     1.5066E-01
     504.500  3938.500     1.7308E-01
     505.500  3938.500     1.9906E-01
     506.500  3938.500     2.2944E-01
     507.500  3938.500     2.6494E-01
     508.500  3938.500     3.0610E-01
     509.500  3938.500     3.5316E-01
     510.500  3938.500     4.0745E-01
     511.500  3938.500     4.6799E-01
     512.500  3938.500     5.3350E-01
     513.500  3938.500     5.9923E-01
     514.500  3938.500     6.5901E-01
     515.500  3938.500     7.0351E-01
     516.500  3938.500     7.1890E-01
     517.500  3938.500     6.9423E-01
     518.500  3938.500     6.2221E-01
     519.500  3938.500     5.1367E-01
     520.500  3938.500     3.9061E-01
     521.500  3938.500     2.8130E-01
     522.500  3938.500     1.9895E-01
     523.500  3938.500     1.4575E-01
     524.500  3938.500     1.0693E-01
     525.500  3938.500     7.5501E-02
     526.500  3938.500     5.2356E-02
     527.500  3938.500     3.3040E-02
     528.500  3938.500     1.5909E-02
     529.500  3938.500     5.1077E-03
     530.500  3938.500     9.5289E-04
     531.500  3938.500     2.5626E-04
     532.500  3938.500     2.7116E-06
     533.500  3938.500     0.0000E+00
     534.500  3938.500     0.0000E+00
     535.500  3938.500     0.0000E+00
     536.500  3938.500     0.0000E+00
     537.500  3938.500     0.0000E+00
     538.500  3938.500     0.0000E+00
     539.500  3938.500     0.0000E+00
     540.500  3938.500     0.0000E+00
     541.500  3938.500     0.0000E+00
     542.500  3938.500     0.0000E+00
     543.500  3938.500     0.0000E+00
     544.500  3938.500     0.0000E+00
     495.500  3939.500     6.9573E-02
     496.500  3939.500     7.9757E-02
     497.500  3939.500     9.0830E-02
     498.500  3939.500     1.0299E-01
     499.500  3939.500     1.1659E-01
     500.500  3939.500     1.3210E-01
     501.500  3939.500     1.4993E-01
     502.500  3939.500     1.7035E-01
     503.500  3939.500     1.9356E-01
     504.500  3939.500     2.2012E-01
     505.500  3939.500     2.5045E-01
     506.500  3939.500     2.8523E-01
     507.500  3939.500     3.2457E-01
     508.500  3939.500     3.6809E-01
     509.500  3939.500     4.1709E-01
     510.500  3939.500     4.6951E-01
     511.500  3939.500     5.2453E-01
     512.500  3939.500     5.7712E-01
     513.500  3939.500     6.2239E-01
     514.500  3939.500     6.5354E-01
     515.500  3939.500     6.6044E-01
     516.500  3939.500     6.3662E-01
     517.500  3939.500     5.7702E-01
     518.500  3939.500     4.8726E-01
     519.500  3939.500     3.8301E-01
     520.500  3939.500     2.8308E-01
     521.500  3939.500     2.0206E-01
     522.500  3939.500     1.4135E-01
     523.500  3939.500     1.0506E-01
     524.500  3939.500     7.4389E-02
     525.500  3939.500     5.0265E-02
     526.500  3939.500     3.2144E-02
     527.500  3939.500     1.7202E-02
     528.500  3939.500     6.7967E-03
     529.500  3939.500     1.7095E-03
     530.500  3939.500     3.5851E-04
     531.500  3939.500     5.9867E-05
     532.500  3939.500     0.0000E+00
     533.500  3939.500     0.0000E+00
     534.500  3939.500     0.0000E+00
     535.500  3939.500     0.0000E+00
     536.500  3939.500     0.0000E+00
     537.500  3939.500     0.0000E+00
     538.500  3939.500     0.0000E+00
     539.500  3939.500     0.0000E+00
     540.500  3939.500     0.0000E+00
     541.500  3939.500     0.0000E+00
     542.500  3939.500     0.0000E+00
     543.500  3939.500     0.0000E+00
     544.500  3939.500     0.0000E+00
     495.500  3940.500     8.8313E-02
     496.500  3940.500     1.0146E-01
     497.500  3940.500     1.1580E-01
     498.500  3940.500     1.3123E-01
     499.500  3940.500     1.4813E-01
     500.500  3940.500     1.6683E-01
     501.500  3940.500     1.8780E-01
     502.500  3940.500     2.1132E-01
     503.500  3940.500     2.3753E-01
     504.500  3940.500     2.6681E-01
     505.500  3940.500     2.9944E-01
     506.500  3940.500     3.3593E-01
     507.500  3940.500     3.7527E-01
     508.500  3940.500     4.1788E-01
     509.500  3940.500     4.6214E-01
     510.500  3940.500     5.0715E-01
     511.500  3940.500     5.4833E-01
     512.500  3940.500     5.8272E-01
     513.500  3940.500     6.0395E-01
     514.500  3940.500     6.0522E-01
     515.500  3940.500     5.8230E-01
     516.500  3940.500     5.3230E-01
     517.500  3940.500     4.5803E-01
     518.500  3940.500     3.7027E-01
     519.500  3940.500     2.8102E-01
     520.500  3940.500     2.0418E-01
     521.500  3940.500     1.4375E-01
     522.500  3940.500     1.0340E-01
     523.500  3940.500     7.3988E-02
     524.500  3940.500     4.9541E-02
     525.500  3940.500     3.1942E-02
     526.500  3940.500     1.7993E-02
     527.500  3940.500     8.1352E-03
     528.500  3940.500     2.7605E-03
     529.500  3940.500     4.1972E-04
     530.500  3940.500     1.2164E-04
     531.500  3940.500     4.1950E-06
     532.500  3940.500     0.0000E+00
     533.500  3940.500     0.0000E+00
     534.500  3940.500     0.0000E+00
     535.500  3940.500     0.0000E+00
     536.500  3940.500     0.0000E+00
     537.500  3940.500     0.0000E+00
     538.500  3940.500     0.0000E+00
     539.500  3940.500     0.0000E+00
     540.500  3940.500     0.0000E+00
     541.500  3940.500     0.0000E+00
     542.500  3940.500     0.0000E+00
     543.500  3940.500     0.0000E+00
     544.500  3940.500     0.0000E+00
     495.500  3941.500     1.0798E-01
     496.500  3941.500     1.2448E-01
     497.500  3941.500     1.4214E-01
     498.500  3941.500     1.6100E-01
     499.500  3941.500     1.8101E-01
     500.500  3941.500     2.0257E-01
     501.500  3941.500     2.2602E-01
     502.500  3941.500     2.5160E-01
     503.500  3941.500     2.7921E-01
     504.500  3941.500     3.0912E-01
     505.500  3941.500     3.4164E-01
     506.500  3941.500     3.7604E-01
     507.500  3941.500     4.1225E-01
     508.500  3941.500     4.4875E-01
     509.500  3941.500     4.8462E-01
     510.500  3941.500     5.1642E-01
     511.500  3941.500     5.4140E-01
     512.500  3941.500     5.5523E-01
     513.500  3941.500     5.5290E-01
     514.500  3941.500     5.3138E-01
     515.500  3941.500     4.8896E-01
     516.500  3941.500     4.2680E-01
     517.500  3941.500     3.5311E-01
     518.500  3941.500     2.7556E-01
     519.500  3941.500     2.0450E-01
     520.500  3941.500     1.4638E-01
     521.500  3941.500     1.0165E-01
     522.500  3941.500     7.3441E-02
     523.500  3941.500     4.9738E-02
     524.500  3941.500     3.1962E-02
     525.500  3941.500     1.8866E-02
     526.500  3941.500     9.4257E-03
     527.500  3941.500     3.7335E-03
     528.500  3941.500     9.3242E-04
     529.500  3941.500     1.6811E-04
     530.500  3941.500     3.3571E-05
     531.500  3941.500     0.0000E+00
     532.500  3941.500     0.0000E+00
     533.500  3941.500     0.0000E+00
     534.500  3941.500     0.0000E+00
     535.500  3941.500     0.0000E+00
     536.500  3941.500     0.0000E+00
     537.500  3941.500     0.0000E+00
     538.500  3941.500     0.0000E+00
     539.500  3941.500     0.0000E+00
     540.500  3941.500     0.0000E+00
     541.500  3941.500     0.0000E+00
     542.500  3941.500     0.0000E+00
     543.500  3941.500     0.0000E+00
     544.500  3941.500     0.0000E+00
     495.500  3942.500     1.2767E-01
     496.500  3942.500     1.4736E-01
     497.500  3942.500     1.6824E-01
     498.500  3942.500     1.9025E-01
     499.500  3942.500     2.1314E-01
     500.500  3942.500     2.3692E-01
     501.500  3942.500     2.6189E-01
     502.500  3942.500     2.8793E-01
     503.500  3942.500     3.1511E-01
     504.500  3942.500     3.4356E-01
     505.500  3942.500     3.7293E-01
     506.500  3942.500     4.0285E-01
     507.500  3942.500     4.3202E-01
     508.500  3942.500     4.5986E-01
     509.500  3942.500     4.8345E-01
     510.500  3942.500     5.0064E-01
     511.500  3942.500     5.0834E-01
     512.500  3942.500     5.0368E-01
     513.500  3942.500     4.8352E-01
     514.500  3942.500     4.4742E-01
     515.500  3942.500     3.9551E-01
     516.500  3942.500     3.3298E-01
     517.500  3942.500     2.6658E-01
     518.500  3942.500     2.0298E-01
     519.500  3942.500     1.4787E-01
     520.500  3942.500     1.0361E-01
     521.500  3942.500     7.3298E-02
     522.500  3942.500     5.0893E-02
     523.500  3942.500     3.2123E-02
     524.500  3942.500     1.9785E-02
     525.500  3942.500     1.0386E-02
     526.500  3942.500     4.6153E-03
     527.500  3942.500     1.5971E-03
     528.500  3942.500     2.1620E-04
     529.500  3942.500     6.4055E-05
     530.500  3942.500     2.9897E-06
     531.500  3942.500     0.0000E+00
     532.500  3942.500     0.0000E+00
     533.500  3942.500     0.0000E+00
     534.500  3942.500     0.0000E+00
     535.500  3942.500     0.0000E+00
     536.500  3942.500     0.0000E+00
     537.500  3942.500     0.0000E+00
     538.500  3942.500     0.0000E+00
     539.500  3942.500     0.0000E+00
     540.500  3942.500     0.0000E+00
     541.500  3942.500     0.0000E+00
     542.500  3942.500     0.0000E+00
     543.500  3942.500     0.0000E+00
     544.500  3942.500     0.0000E+00
     495.500  3943.500     1.4621E-01
     496.500  3943.500     1.6873E-01
     497.500  3943.500     1.9242E-01
     498.500  3943.500     2.1703E-01
     499.500  3943.500     2.4205E-01
     500.500  3943.500     2.6733E-01
     501.500  3943.500     2.9257E-01
     502.500  3943.500     3.1758E-01
     503.500  3943.500     3.4259E-01
     504.500  3943.500     3.6745E-01
     505.500  3943.500     3.9167E-01
     506.500  3943.500     4.1426E-01
     507.500  3943.500     4.3468E-01
     508.500  3943.500     4.5136E-01
     509.500  3943.500     4.6237E-01
     510.500  3943.500     4.6526E-01
     511.500  3943.500     4.5816E-01
     512.500  3943.500     4.3932E-01
     513.500  3943.500     4.0783E-01
     514.500  3943.500     3.6416E-01
     515.500  3943.500     3.1152E-01
     516.500  3943.500     2.5467E-01
     517.500  3943.500     1.9888E-01
     518.500  3943.500     1.4843E-01
     519.500  3943.500     1.0614E-01
     520.500  3943.500     7.3456E-02
     521.500  3943.500     5.1761E-02
     522.500  3943.500     3.3623E-02
     523.500  3943.500     2.0726E-02
     524.500  3943.500     1.1313E-02
     525.500  3943.500     5.4609E-03
     526.500  3943.500     2.2385E-03
     527.500  3943.500     5.4578E-04
     528.500  3943.500     9.0703E-05
     529.500  3943.500     1.6741E-05
     530.500  3943.500     0.0000E+00
     531.500  3943.500     0.0000E+00
     532.500  3943.500     0.0000E+00
     533.500  3943.500     0.0000E+00
     534.500  3943.500     0.0000E+00
     535.500  3943.500     0.0000E+00
     536.500  3943.500     0.0000E+00
     537.500  3943.500     0.0000E+00
     538.500  3943.500     0.0000E+00
     539.500  3943.500     0.0000E+00
     540.500  3943.500     0.0000E+00
     541.500  3943.500     0.0000E+00
     542.500  3943.500     0.0000E+00
     543.500  3943.500     0.0000E+00
     544.500  3943.500     0.0000E+00
     495.500  3944.500     1.6240E-01
     496.500  3944.500     1.8714E-01
     497.500  3944.500     2.1295E-01
     498.500  3944.500     2.3936E-01
     499.500  3944.500     2.6580E-01
     500.500  3944.500     2.9147E-01
     501.500  3944.500     3.1574E-01
     502.500  3944.500     3.3849E-01
     503.500  3944.500     3.6002E-01
     504.500  3944.500     3.7958E-01
     505.500  3944.500     3.9678E-01
     506.500  3944.500     4.1132E-01
     507.500  3944.500     4.2187E-01
     508.500  3944.500     4.2755E-01
     509.500  3944.500     4.2666E-01
     510.500  3944.500     4.1735E-01
     511.500  3944.500     3.9933E-01
     512.500  3944.500     3.7099E-01
     513.500  3944.500     3.3400E-01
     514.500  3944.500     2.8974E-01
     515.500  3944.500     2.4111E-01
     516.500  3944.500     1.9233E-01
     517.500  3944.500     1.4716E-01
     518.500  3944.500     1.0765E-01
     519.500  3944.500     7.5267E-02
     520.500  3944.500     5.2955E-02
     521.500  3944.500     3.5323E-02
     522.500  3944.500     2.1698E-02
     523.500  3944.500     1.2640E-02
     524.500  3944.500     6.4274E-03
     525.500  3944.500     2.8484E-03
     526.500  3944.500     9.8163E-04
     527.500  3944.500     1.1450E-04
     528.500  3944.500     3.7535E-05
     529.500  3944.500     9.3963E-07
     530.500  3944.500     0.0000E+00
     531.500  3944.500     0.0000E+00
     532.500  3944.500     0.0000E+00
     533.500  3944.500     0.0000E+00
     534.500  3944.500     0.0000E+00
     535.500  3944.500     0.0000E+00
     536.500  3944.500     0.0000E+00
     537.500  3944.500     0.0000E+00
     538.500  3944.500     0.0000E+00
     539.500  3944.500     0.0000E+00
     540.500  3944.500     0.0000E+00
     541.500  3944.500     0.0000E+00
     542.500  3944.500     0.0000E+00
     543.500  3944.500     0.0000E+00
     544.500  3944.500     0.0000E+00
     495.500  3945.500     1.7523E-01
     496.500  3945.500     2.0136E-01
     497.500  3945.500     2.2848E-01
     498.500  3945.500     2.5589E-01
     499.500  3945.500     2.8267E-01
     500.500  3945.500     3.0758E-01
     501.500  3945.500     3.2994E-01
     502.500  3945.500     3.4975E-01
     503.500  3945.500     3.6635E-01
     504.500  3945.500     3.7973E-01
     505.500  3945.500     3.8981E-01
     506.500  3945.500     3.9556E-01
     507.500  3945.500     3.9675E-01
     508.500  3945.500     3.9245E-01
     509.500  3945.500     3.8151E-01
     510.500  3945.500     3.6373E-01
     511.500  3945.500     3.3819E-01
     512.500  3945.500     3.0605E-01
     513.500  3945.500     2.6801E-01
     514.500  3945.500     2.2652E-01
     515.500  3945.500     1.8428E-01
     516.500  3945.500     1.4422E-01
     517.500  3945.500     1.0850E-01
     518.500  3945.500     7.7190E-02
     519.500  3945.500     5.4172E-02
     520.500  3945.500     3.7249E-02
     521.500  3945.500     2.3603E-02
     522.500  3945.500     1.4072E-02
     523.500  3945.500     7.4143E-03
     524.500  3945.500     3.4333E-03
     525.500  3945.500     1.4582E-03
     526.500  3945.500     3.7514E-04
     527.500  3945.500     5.5176E-05
     528.500  3945.500     9.6437E-06
     529.500  3945.500     0.0000E+00
     530.500  3945.500     0.0000E+00
     531.500  3945.500     0.0000E+00
     532.500  3945.500     0.0000E+00
     533.500  3945.500     0.0000E+00
     534.500  3945.500     0.0000E+00
     535.500  3945.500     0.0000E+00
     536.500  3945.500     0.0000E+00
     537.500  3945.500     0.0000E+00
     538.500  3945.500     0.0000E+00
     539.500  3945.500     0.0000E+00
     540.500  3945.500     0.0000E+00
     541.500  3945.500     0.0000E+00
     542.500  3945.500     0.0000E+00
     543.500  3945.500     0.0000E+00
     544.500  3945.500     0.0000E+00
     495.500  3946.500     1.8392E-01
     496.500  3946.500     2.1067E-01
     497.500  3946.500     2.3819E-01
     498.500  3946.500     2.6570E-01
     499.500  3946.500     2.9153E-01
     500.500  3946.500     3.1483E-01
     501.500  3946.500     3.3490E-01
     502.500  3946.500     3.5059E-01
     503.500  3946.500     3.6196E-01
     504.500  3946.500     3.6939E-01
     505.500  3946.500     3.7183E-01
     506.500  3946.500     3.7013E-01
     507.500  3946.500     3.6303E-01
     508.500  3946.500     3.5104E-01
     509.500  3946.500     3.3296E-01
     510.500  3946.500     3.0982E-01
     511.500  3946.500     2.8062E-01
     512.500  3946.500     2.4744E-01
     513.500  3946.500     2.1190E-01
     514.500  3946.500     1.7506E-01
     515.500  3946.500     1.3992E-01
     516.500  3946.500     1.0761E-01
     517.500  3946.500     7.8382E-02
     518.500  3946.500     5.4941E-02
     519.500  3946.500     3.9010E-02
     520.500  3946.500     2.5765E-02
     521.500  3946.500     1.5565E-02
     522.500  3946.500     8.8782E-03
     523.500  3946.500     4.3429E-03
     524.500  3946.500     1.9354E-03
     525.500  3946.500     6.7709E-04
     526.500  3946.500     7.2677E-05
     527.500  3946.500     2.3235E-05
     528.500  3946.500     3.0127E-07
     529.500  3946.500     0.0000E+00
     530.500  3946.500     0.0000E+00
     531.500  3946.500     0.0000E+00
     532.500  3946.500     0.0000E+00
     533.500  3946.500     0.0000E+00
     534.500  3946.500     0.0000E+00
     535.500  3946.500     0.0000E+00
     536.500  3946.500     0.0000E+00
     537.500  3946.500     0.0000E+00
     538.500  3946.500     0.0000E+00
     539.500  3946.500     0.0000E+00
     540.500  3946.500     0.0000E+00
     541.500  3946.500     0.0000E+00
     542.500  3946.500     0.0000E+00
     543.500  3946.500     0.0000E+00
     544.500  3946.500     0.0000E+00
     495.500  3947.500     1.8798E-01
     496.500  3947.500     2.1458E-01
     497.500  3947.500     2.4179E-01
     498.500  3947.500     2.6806E-01
     499.500  3947.500     2.9229E-01
     500.500  3947.500     3.1364E-01
     501.500  3947.500     3.3029E-01
     502.500  3947.500     3.4184E-01
     503.500  3947.500     3.4842E-01
     504.500  3947.500     3.4954E-01
     505.500  3947.500     3.4627E-01
     506.500  3947.500     3.3765E-01
     507.500  3947.500     3.2489E-01
     508.500  3947.500     3.0691E-01
     509.500  3947.500     2.8509E-01
     510.500  3947.500     2.5870E-01
     511.500  3947.500     2.2915E-01
     512.500  3947.500     1.9774E-01
     513.500  3947.500     1.6561E-01
     514.500  3947.500     1.3432E-01
     515.500  3947.500     1.0527E-01
     516.500  3947.500     7.9106E-02
     517.500  3947.500     5.6427E-02
     518.500  3947.500     4.0490E-02
     519.500  3947.500     2.7918E-02
     520.500  3947.500     1.7397E-02
     521.500  3947.500     1.0451E-02
     522.500  3947.500     5.3522E-03
     523.500  3947.500     2.4547E-03
     524.500  3947.500     1.0098E-03
     525.500  3947.500     2.8679E-04
     526.500  3947.500     3.7730E-05
     527.500  3947.500     6.4116E-06
     528.500  3947.500     0.0000E+00
     529.500  3947.500     0.0000E+00
     530.500  3947.500     0.0000E+00
     531.500  3947.500     0.0000E+00
     532.500  3947.500     0.0000E+00
     533.500  3947.500     0.0000E+00
     534.500  3947.500     0.0000E+00
     535.500  3947.500     0.0000E+00
     536.500  3947.500     0.0000E+00
     537.500  3947.500     0.0000E+00
     538.500  3947.500     0.0000E+00
     539.500  3947.500     0.0000E+00
     540.500  3947.500     0.0000E+00
     541.500  3947.500     0.0000E+00
     542.500  3947.500     0.0000E+00
     543.500  3947.500     0.0000E+00
     544.500  3947.500     0.0000E+00
     495.500  3948.500     1.8757E-01
     496.500  3948.500     2.1339E-01
     497.500  3948.500     2.3904E-01
     498.500  3948.500     2.6347E-01
     499.500  3948.500     2.8571E-01
     500.500  3948.500     3.0395E-01
     501.500  3948.500     3.1734E-01
     502.500  3948.500     3.2506E-01
     503.500  3948.500     3.2675E-01
     504.500  3948.500     3.2341E-01
     505.500  3948.500     3.1460E-01
     506.500  3948.500     3.0182E-01
     507.500  3948.500     2.8432E-01
     508.500  3948.500     2.6362E-01
     509.500  3948.500     2.3959E-01
     510.500  3948.500     2.1283E-01
     511.500  3948.500     1.8458E-01
     512.500  3948.500     1.5621E-01
     513.500  3948.500     1.2830E-01
     514.500  3948.500     1.0195E-01
     515.500  3948.500     7.8439E-02
     516.500  3948.500     5.7546E-02
     517.500  3948.500     4.1447E-02
     518.500  3948.500     2.9604E-02
     519.500  3948.500     1.9337E-02
     520.500  3948.500     1.1946E-02
     521.500  3948.500     6.8180E-03
     522.500  3948.500     3.3043E-03
     523.500  3948.500     1.4300E-03
     524.500  3948.500     5.4437E-04
     525.500  3948.500     5.1811E-05
     526.500  3948.500     1.7076E-05
     527.500  3948.500     5.2417E-08
     528.500  3948.500     0.0000E+00
     529.500  3948.500     0.0000E+00
     530.500  3948.500     0.0000E+00
     531.500  3948.500     0.0000E+00
     532.500  3948.500     0.0000E+00
     533.500  3948.500     0.0000E+00
     534.500  3948.500     0.0000E+00
     535.500  3948.500     0.0000E+00
     536.500  3948.500     0.0000E+00
     537.500  3948.500     0.0000E+00
     538.500  3948.500     0.0000E+00
     539.500  3948.500     0.0000E+00
     540.500  3948.500     0.0000E+00
     541.500  3948.500     0.0000E+00
     542.500  3948.500     0.0000E+00
     543.500  3948.500     0.0000E+00
     544.500  3948.500     0.0000E+00
     495.500  3949.500     1.8309E-01
     496.500  3949.500     2.0706E-01
     497.500  3949.500     2.3064E-01
     498.500  3949.500     2.5296E-01
     499.500  3949.500     2.7220E-01
     500.500  3949.500     2.8752E-01
     501.500  3949.500     2.9750E-01
     502.500  3949.500     3.0149E-01
     503.500  3949.500     2.9966E-01
     504.500  3949.500     2.9225E-01
     505.500  3949.500     2.8029E-01
     506.500  3949.500     2.6415E-01
     507.500  3949.500     2.4451E-01
     508.500  3949.500     2.2275E-01
     509.500  3949.500     1.9840E-01
     510.500  3949.500     1.7295E-01
     511.500  3949.500     1.4724E-01
     512.500  3949.500     1.2220E-01
     513.500  3949.500     9.8235E-02
     514.500  3949.500     7.7022E-02
     515.500  3949.500     5.8146E-02
     516.500  3949.500     4.1739E-02
     517.500  3949.500     3.0739E-02
     518.500  3949.500     2.1185E-02
     519.500  3949.500     1.3290E-02
     520.500  3949.500     8.2806E-03
     521.500  3949.500     4.2809E-03
     522.500  3949.500     1.9259E-03
     523.500  3949.500     8.5804E-04
     524.500  3949.500     2.4287E-04
     525.500  3949.500     2.8007E-05
     526.500  3949.500     5.0212E-06
     527.500  3949.500     0.0000E+00
     528.500  3949.500     0.0000E+00
     529.500  3949.500     0.0000E+00
     530.500  3949.500     0.0000E+00
     531.500  3949.500     0.0000E+00
     532.500  3949.500     0.0000E+00
     533.500  3949.500     0.0000E+00
     534.500  3949.500     0.0000E+00
     535.500  3949.500     0.0000E+00
     536.500  3949.500     0.0000E+00
     537.500  3949.500     0.0000E+00
     538.500  3949.500     0.0000E+00
     539.500  3949.500     0.0000E+00
     540.500  3949.500     0.0000E+00
     541.500  3949.500     0.0000E+00
     542.500  3949.500     0.0000E+00
     543.500  3949.500     0.0000E+00
     544.500  3949.500     0.0000E+00
     495.500  3950.500     1.7473E-01
     496.500  3950.500     1.9649E-01
     497.500  3950.500     2.1778E-01
     498.500  3950.500     2.3710E-01
     499.500  3950.500     2.5357E-01
     500.500  3950.500     2.6562E-01
     501.500  3950.500     2.7254E-01
     502.500  3950.500     2.7356E-01
     503.500  3950.500     2.6876E-01
     504.500  3950.500     2.5882E-01
     505.500  3950.500     2.4480E-01
     506.500  3950.500     2.2696E-01
     507.500  3950.500     2.0705E-01
     508.500  3950.500     1.8523E-01
     509.500  3950.500     1.6222E-01
     510.500  3950.500     1.3905E-01
     511.500  3950.500     1.1623E-01
     512.500  3950.500     9.4801E-02
     513.500  3950.500     7.5245E-02
     514.500  3950.500     5.8101E-02
     515.500  3950.500     4.1888E-02
     516.500  3950.500     3.1385E-02
     517.500  3950.500     2.2572E-02
     518.500  3950.500     1.4805E-02
     519.500  3950.500     9.5062E-03
     520.500  3950.500     5.5501E-03
     521.500  3950.500     2.7091E-03
     522.500  3950.500     1.2384E-03
     523.500  3950.500     5.0798E-04
     524.500  3950.500     6.4798E-05
     525.500  3950.500     1.4768E-05
     526.500  3950.500     1.6969E-07
     527.500  3950.500     0.0000E+00
     528.500  3950.500     0.0000E+00
     529.500  3950.500     0.0000E+00
     530.500  3950.500     0.0000E+00
     531.500  3950.500     0.0000E+00
     532.500  3950.500     0.0000E+00
     533.500  3950.500     0.0000E+00
     534.500  3950.500     0.0000E+00
     535.500  3950.500     0.0000E+00
     536.500  3950.500     0.0000E+00
     537.500  3950.500     0.0000E+00
     538.500  3950.500     0.0000E+00
     539.500  3950.500     0.0000E+00
     540.500  3950.500     0.0000E+00
     541.500  3950.500     0.0000E+00
     542.500  3950.500     0.0000E+00
     543.500  3950.500     0.0000E+00
     544.500  3950.500     0.0000E+00
     495.500  3951.500     1.6336E-01
     496.500  3951.500     1.8276E-01
     497.500  3951.500     2.0109E-01
     498.500  3951.500     2.1771E-01
     499.500  3951.500     2.3097E-01
     500.500  3951.500     2.4023E-01
     501.500  3951.500     2.4428E-01
     502.500  3951.500     2.4295E-01
     503.500  3951.500     2.3607E-01
     504.500  3951.500     2.2481E-01
     505.500  3951.500     2.0969E-01
     506.500  3951.500     1.9197E-01
     507.500  3951.500     1.7251E-01
     508.500  3951.500     1.5200E-01
     509.500  3951.500     1.3109E-01
     510.500  3951.500     1.1070E-01
     511.500  3951.500     9.1111E-02
     512.500  3951.500     7.3226E-02
     513.500  3951.500     5.7243E-02
     514.500  3951.500     4.2989E-02
     515.500  3951.500     3.1433E-02
     516.500  3951.500     2.3247E-02
     517.500  3951.500     1.6182E-02
     518.500  3951.500     1.0478E-02
     519.500  3951.500     6.6442E-03
     520.500  3951.500     3.6015E-03
     521.500  3951.500     1.6941E-03
     522.500  3951.500     7.9634E-04
     523.500  3951.500     2.6796E-04
     524.500  3951.500     2.5369E-05
     525.500  3951.500     5.7749E-06
     526.500  3951.500     0.0000E+00
     527.500  3951.500     0.0000E+00
     528.500  3951.500     0.0000E+00
     529.500  3951.500     0.0000E+00
     530.500  3951.500     0.0000E+00
     531.500  3951.500     0.0000E+00
     532.500  3951.500     0.0000E+00
     533.500  3951.500     0.0000E+00
     534.500  3951.500     0.0000E+00
     535.500  3951.500     0.0000E+00
     536.500  3951.500     0.0000E+00
     537.500  3951.500     0.0000E+00
     538.500  3951.500     0.0000E+00
     539.500  3951.500     0.0000E+00
     540.500  3951.500     0.0000E+00
     541.500  3951.500     0.0000E+00
     542.500  3951.500     0.0000E+00
     543.500  3951.500     0.0000E+00
     544.500  3951.500     0.0000E+00
     495.500  3952.500     1.4985E-01
     496.500  3952.500     1.6647E-01
     497.500  3952.500     1.8221E-01
     498.500  3952.500     1.9567E-01
     499.500  3952.500     2.0626E-01
     500.500  3952.500     2.1267E-01
     501.500  3952.500     2.1462E-01
     502.500  3952.500     2.1135E-01
     503.500  3952.500     2.0349E-01
     504.500  3952.500     1.9160E-01
     505.500  3952.500     1.7647E-01
     506.500  3952.500     1.5966E-01
     507.500  3952.500     1.4163E-01
     508.500  3952.500     1.2305E-01
     509.500  3952.500     1.0469E-01
     510.500  3952.500     8.7200E-02
     511.500  3952.500     7.0770E-02
     512.500  3952.500     5.6015E-02
     513.500  3952.500     4.2889E-02
     514.500  3952.500     3.1039E-02
     515.500  3952.500     2.3472E-02
     516.500  3952.500     1.7046E-02
     517.500  3952.500     1.1237E-02
     518.500  3952.500     7.4732E-03
     519.500  3952.500     4.5224E-03
     520.500  3952.500     2.3109E-03
     521.500  3952.500     1.1109E-03
     522.500  3952.500     4.9601E-04
     523.500  3952.500     1.2962E-04
     524.500  3952.500     1.4837E-05
     525.500  3952.500     1.3814E-06
     526.500  3952.500     0.0000E+00
     527.500  3952.500     0.0000E+00
     528.500  3952.500     0.0000E+00
     529.500  3952.500     0.0000E+00
     530.500  3952.500     0.0000E+00
     531.500  3952.500     0.0000E+00
     532.500  3952.500     0.0000E+00
     533.500  3952.500     0.0000E+00
     534.500  3952.500     0.0000E+00
     535.500  3952.500     0.0000E+00
     536.500  3952.500     0.0000E+00
     537.500  3952.500     0.0000E+00
     538.500  3952.500     0.0000E+00
     539.500  3952.500     0.0000E+00
     540.500  3952.500     0.0000E+00
     541.500  3952.500     0.0000E+00
     542.500  3952.500     0.0000E+00
     543.500  3952.500     0.0000E+00
     544.500  3952.500     0.0000E+00
     495.500  3953.500     1.3488E-01
     496.500  3953.500     1.4897E-01
     497.500  3953.500     1.6180E-01
     498.500  3953.500     1.7263E-01
     499.500  3953.500     1.8049E-01
     500.500  3953.500     1.8479E-01
     501.500  3953.500     1.8487E-01
     502.500  3953.500     1.8057E-01
     503.500  3953.500     1.7223E-01
     504.500  3953.500     1.6025E-01
     505.500  3953.500     1.4623E-01
     506.500  3953.500     1.3072E-01
     507.500  3953.500     1.1446E-01
     508.500  3953.500     9.8242E-02
     509.500  3953.500     8.2615E-02
     510.500  3953.500     6.7827E-02
     511.500  3953.500     5.4212E-02
     512.500  3953.500     4.2295E-02
     513.500  3953.500     3.1453E-02
     514.500  3953.500     2.3375E-02
     515.500  3953.500     1.7373E-02
     516.500  3953.500     1.2171E-02
     517.500  3953.500     8.0459E-03
     518.500  3953.500     5.2435E-03
     519.500  3953.500     2.9598E-03
     520.500  3953.500     1.4589E-03
     521.500  3953.500     7.3238E-04
     522.500  3953.500     3.0184E-04
     523.500  3953.500     2.4468E-05
     524.500  3953.500     7.8289E-06
     525.500  3953.500     0.0000E+00
     526.500  3953.500     0.0000E+00
     527.500  3953.500     0.0000E+00
     528.500  3953.500     0.0000E+00
     529.500  3953.500     0.0000E+00
     530.500  3953.500     0.0000E+00
     531.500  3953.500     0.0000E+00
     532.500  3953.500     0.0000E+00
     533.500  3953.500     0.0000E+00
     534.500  3953.500     0.0000E+00
     535.500  3953.500     0.0000E+00
     536.500  3953.500     0.0000E+00
     537.500  3953.500     0.0000E+00
     538.500  3953.500     0.0000E+00
     539.500  3953.500     0.0000E+00
     540.500  3953.500     0.0000E+00
     541.500  3953.500     0.0000E+00
     542.500  3953.500     0.0000E+00
     543.500  3953.500     0.0000E+00
     544.500  3953.500     0.0000E+00
     495.500  3954.500     1.1933E-01
     496.500  3954.500     1.3087E-01
     497.500  3954.500     1.4121E-01
     498.500  3954.500     1.4952E-01
     499.500  3954.500     1.5519E-01
     500.500  3954.500     1.5764E-01
     501.500  3954.500     1.5631E-01
     502.500  3954.500     1.5139E-01
     503.500  3954.500     1.4301E-01
     504.500  3954.500     1.3185E-01
     505.500  3954.500     1.1906E-01
     506.500  3954.500     1.0531E-01
     507.500  3954.500     9.1175E-02
     508.500  3954.500     7.7368E-02
     509.500  3954.500     6.4213E-02
     510.500  3954.500     5.2050E-02
     511.500  3954.500     4.1043E-02
     512.500  3954.500     3.1344E-02
     513.500  3954.500     2.2888E-02
     514.500  3954.500     1.7308E-02
     515.500  3954.500     1.2604E-02
     516.500  3954.500     8.3809E-03
     517.500  3954.500     5.7105E-03
     518.500  3954.500     3.5455E-03
     519.500  3954.500     1.8843E-03
     520.500  3954.500     9.6643E-04
     521.500  3954.500     4.7191E-04
     522.500  3954.500     1.5765E-04
     523.500  3954.500     1.5537E-05
     524.500  3954.500     2.7552E-06
     525.500  3954.500     0.0000E+00
     526.500  3954.500     0.0000E+00
     527.500  3954.500     0.0000E+00
     528.500  3954.500     0.0000E+00
     529.500  3954.500     0.0000E+00
     530.500  3954.500     0.0000E+00
     531.500  3954.500     0.0000E+00
     532.500  3954.500     0.0000E+00
     533.500  3954.500     0.0000E+00
     534.500  3954.500     0.0000E+00
     535.500  3954.500     0.0000E+00
     536.500  3954.500     0.0000E+00
     537.500  3954.500     0.0000E+00
     538.500  3954.500     0.0000E+00
     539.500  3954.500     0.0000E+00
     540.500  3954.500     0.0000E+00
     541.500  3954.500     0.0000E+00
     542.500  3954.500     0.0000E+00
     543.500  3954.500     0.0000E+00
     544.500  3954.500     0.0000E+00
     523.642  3934.174     6.5688E-01
     533.661  3935.153     5.7404E-04
     534.934  3933.278     0.0000E+00
     537.941  3928.923     0.0000E+00
     539.209  3926.428     0.0000E+00
     530.687  3933.234     2.6872E-01
     528.743  3936.682     5.2275E-02
     529.379  3937.549     1.5391E-02
     527.900  3932.391     4.4895E-01
     529.626  3931.465     8.7698E-01
     530.937  3931.355     2.8560E-01
     534.513  3928.843     0.0000E+00
     530.716  3928.240     6.4704E-01
     527.755  3927.782     1.2482E-01
     530.426  3921.802     2.4222E-01
     528.551  3921.285     5.0949E-01
     529.374  3937.537     1.5654E-02
