        1   HOUR AVERAGE  CONCENTRATION VALUES AT EACH RECEPTOR  (ug/m**3)    

                   PM2.5         1

     RECEPTOR (x,y) km      VALUE
 
     495.500  3905.500     1.3202E-01
     496.500  3905.500     1.4825E-01
     497.500  3905.500     1.5996E-01
     498.500  3905.500     1.6632E-01
     499.500  3905.500     1.6580E-01
     500.500  3905.500     1.5926E-01
     501.500  3905.500     1.4758E-01
     502.500  3905.500     1.3303E-01
     503.500  3905.500     1.1724E-01
     504.500  3905.500     1.0148E-01
     505.500  3905.500     8.5747E-02
     506.500  3905.500     7.1790E-02
     507.500  3905.500     6.0531E-02
     508.500  3905.500     5.0693E-02
     509.500  3905.500     4.1462E-02
     510.500  3905.500     3.2789E-02
     511.500  3905.500     2.4789E-02
     512.500  3905.500     1.7599E-02
     513.500  3905.500     1.2053E-02
     514.500  3905.500     7.5877E-03
     515.500  3905.500     4.3669E-03
     516.500  3905.500     2.1278E-03
     517.500  3905.500     5.9554E-04
     518.500  3905.500     2.2982E-04
     519.500  3905.500     5.8164E-05
     520.500  3905.500     0.0000E+00
     521.500  3905.500     0.0000E+00
     522.500  3905.500     0.0000E+00
     523.500  3905.500     0.0000E+00
     524.500  3905.500     0.0000E+00
     525.500  3905.500     0.0000E+00
     526.500  3905.500     0.0000E+00
     527.500  3905.500     0.0000E+00
     528.500  3905.500     0.0000E+00
     529.500  3905.500     0.0000E+00
     530.500  3905.500     0.0000E+00
     531.500  3905.500     0.0000E+00
     532.500  3905.500     0.0000E+00
     533.500  3905.500     0.0000E+00
     534.500  3905.500     0.0000E+00
     535.500  3905.500     0.0000E+00
     536.500  3905.500     0.0000E+00
     537.500  3905.500     0.0000E+00
     538.500  3905.500     0.0000E+00
     539.500  3905.500     0.0000E+00
     540.500  3905.500     0.0000E+00
     541.500  3905.500     0.0000E+00
     542.500  3905.500     0.0000E+00
     543.500  3905.500     0.0000E+00
     544.500  3905.500     0.0000E+00
     495.500  3906.500     1.6376E-01
     496.500  3906.500     1.8601E-01
     497.500  3906.500     2.0294E-01
     498.500  3906.500     2.1302E-01
     499.500  3906.500     2.1502E-01
     500.500  3906.500     2.0881E-01
     501.500  3906.500     1.9593E-01
     502.500  3906.500     1.7874E-01
     503.500  3906.500     1.5926E-01
     504.500  3906.500     1.3957E-01
     505.500  3906.500     1.2026E-01
     506.500  3906.500     1.0220E-01
     507.500  3906.500     8.5236E-02
     508.500  3906.500     7.3047E-02
     509.500  3906.500     6.2112E-02
     510.500  3906.500     5.1763E-02
     511.500  3906.500     4.1828E-02
     512.500  3906.500     3.2209E-02
     513.500  3906.500     2.3243E-02
     514.500  3906.500     1.6111E-02
     515.500  3906.500     1.0255E-02
     516.500  3906.500     5.8950E-03
     517.500  3906.500     2.8580E-03
     518.500  3906.500     9.0515E-04
     519.500  3906.500     3.1604E-04
     520.500  3906.500     8.3897E-05
     521.500  3906.500     0.0000E+00
     522.500  3906.500     0.0000E+00
     523.500  3906.500     0.0000E+00
     524.500  3906.500     0.0000E+00
     525.500  3906.500     0.0000E+00
     526.500  3906.500     0.0000E+00
     527.500  3906.500     0.0000E+00
     528.500  3906.500     0.0000E+00
     529.500  3906.500     0.0000E+00
     530.500  3906.500     0.0000E+00
     531.500  3906.500     0.0000E+00
     532.500  3906.500     0.0000E+00
     533.500  3906.500     0.0000E+00
     534.500  3906.500     0.0000E+00
     535.500  3906.500     0.0000E+00
     536.500  3906.500     0.0000E+00
     537.500  3906.500     0.0000E+00
     538.500  3906.500     0.0000E+00
     539.500  3906.500     0.0000E+00
     540.500  3906.500     0.0000E+00
     541.500  3906.500     0.0000E+00
     542.500  3906.500     0.0000E+00
     543.500  3906.500     0.0000E+00
     544.500  3906.500     0.0000E+00
     495.500  3907.500     1.9623E-01
     496.500  3907.500     2.2479E-01
     497.500  3907.500     2.4832E-01
     498.500  3907.500     2.6363E-01
     499.500  3907.500     2.6913E-01
     500.500  3907.500     2.6444E-01
     501.500  3907.500     2.5125E-01
     502.500  3907.500     2.3219E-01
     503.500  3907.500     2.0962E-01
     504.500  3907.500     1.8545E-01
     505.500  3907.500     1.6176E-01
     506.500  3907.500     1.3908E-01
     507.500  3907.500     1.1872E-01
     508.500  3907.500     9.9737E-02
     509.500  3907.500     8.7119E-02
     510.500  3907.500     7.5127E-02
     511.500  3907.500     6.3757E-02
     512.500  3907.500     5.2564E-02
     513.500  3907.500     4.1661E-02
     514.500  3907.500     3.0785E-02
     515.500  3907.500     2.1736E-02
     516.500  3907.500     1.4014E-02
     517.500  3907.500     8.1774E-03
     518.500  3907.500     3.9787E-03
     519.500  3907.500     1.3724E-03
     520.500  3907.500     4.4083E-04
     521.500  3907.500     1.0087E-04
     522.500  3907.500     0.0000E+00
     523.500  3907.500     0.0000E+00
     524.500  3907.500     0.0000E+00
     525.500  3907.500     0.0000E+00
     526.500  3907.500     0.0000E+00
     527.500  3907.500     0.0000E+00
     528.500  3907.500     0.0000E+00
     529.500  3907.500     0.0000E+00
     530.500  3907.500     0.0000E+00
     531.500  3907.500     0.0000E+00
     532.500  3907.500     0.0000E+00
     533.500  3907.500     0.0000E+00
     534.500  3907.500     0.0000E+00
     535.500  3907.500     0.0000E+00
     536.500  3907.500     0.0000E+00
     537.500  3907.500     0.0000E+00
     538.500  3907.500     0.0000E+00
     539.500  3907.500     0.0000E+00
     540.500  3907.500     0.0000E+00
     541.500  3907.500     0.0000E+00
     542.500  3907.500     0.0000E+00
     543.500  3907.500     0.0000E+00
     544.500  3907.500     0.0000E+00
     495.500  3908.500     2.2606E-01
     496.500  3908.500     2.6209E-01
     497.500  3908.500     2.9247E-01
     498.500  3908.500     3.1417E-01
     499.500  3908.500     3.2477E-01
     500.500  3908.500     3.2356E-01
     501.500  3908.500     3.1179E-01
     502.500  3908.500     2.9232E-01
     503.500  3908.500     2.6728E-01
     504.500  3908.500     2.3965E-01
     505.500  3908.500     2.1113E-01
     506.500  3908.500     1.8371E-01
     507.500  3908.500     1.5837E-01
     508.500  3908.500     1.3607E-01
     509.500  3908.500     1.1635E-01
     510.500  3908.500     1.0308E-01
     511.500  3908.500     9.0300E-02
     512.500  3908.500     7.8067E-02
     513.500  3908.500     6.5685E-02
     514.500  3908.500     5.3506E-02
     515.500  3908.500     4.1105E-02
     516.500  3908.500     2.9768E-02
     517.500  3908.500     1.9942E-02
     518.500  3908.500     1.2158E-02
     519.500  3908.500     6.2075E-03
     520.500  3908.500     2.0955E-03
     521.500  3908.500     5.8305E-04
     522.500  3908.500     1.3084E-04
     523.500  3908.500     0.0000E+00
     524.500  3908.500     0.0000E+00
     525.500  3908.500     0.0000E+00
     526.500  3908.500     0.0000E+00
     527.500  3908.500     0.0000E+00
     528.500  3908.500     0.0000E+00
     529.500  3908.500     0.0000E+00
     530.500  3908.500     0.0000E+00
     531.500  3908.500     0.0000E+00
     532.500  3908.500     0.0000E+00
     533.500  3908.500     0.0000E+00
     534.500  3908.500     0.0000E+00
     535.500  3908.500     0.0000E+00
     536.500  3908.500     0.0000E+00
     537.500  3908.500     0.0000E+00
     538.500  3908.500     0.0000E+00
     539.500  3908.500     0.0000E+00
     540.500  3908.500     0.0000E+00
     541.500  3908.500     0.0000E+00
     542.500  3908.500     0.0000E+00
     543.500  3908.500     0.0000E+00
     544.500  3908.500     0.0000E+00
     495.500  3909.500     2.5048E-01
     496.500  3909.500     2.9321E-01
     497.500  3909.500     3.3109E-01
     498.500  3909.500     3.6008E-01
     499.500  3909.500     3.7747E-01
     500.500  3909.500     3.8169E-01
     501.500  3909.500     3.7398E-01
     502.500  3909.500     3.5627E-01
     503.500  3909.500     3.3151E-01
     504.500  3909.500     3.0150E-01
     505.500  3909.500     2.6940E-01
     506.500  3909.500     2.3724E-01
     507.500  3909.500     2.0699E-01
     508.500  3909.500     1.8033E-01
     509.500  3909.500     1.5641E-01
     510.500  3909.500     1.3597E-01
     511.500  3909.500     1.2204E-01
     512.500  3909.500     1.0840E-01
     513.500  3909.500     9.5570E-02
     514.500  3909.500     8.2407E-02
     515.500  3909.500     6.9087E-02
     516.500  3909.500     5.5182E-02
     517.500  3909.500     4.2143E-02
     518.500  3909.500     3.0110E-02
     519.500  3909.500     1.8872E-02
     520.500  3909.500     9.3798E-03
     521.500  3909.500     3.0719E-03
     522.500  3909.500     7.6084E-04
     523.500  3909.500     1.2512E-04
     524.500  3909.500     0.0000E+00
     525.500  3909.500     0.0000E+00
     526.500  3909.500     0.0000E+00
     527.500  3909.500     0.0000E+00
     528.500  3909.500     0.0000E+00
     529.500  3909.500     0.0000E+00
     530.500  3909.500     0.0000E+00
     531.500  3909.500     0.0000E+00
     532.500  3909.500     0.0000E+00
     533.500  3909.500     0.0000E+00
     534.500  3909.500     0.0000E+00
     535.500  3909.500     0.0000E+00
     536.500  3909.500     0.0000E+00
     537.500  3909.500     0.0000E+00
     538.500  3909.500     0.0000E+00
     539.500  3909.500     0.0000E+00
     540.500  3909.500     0.0000E+00
     541.500  3909.500     0.0000E+00
     542.500  3909.500     0.0000E+00
     543.500  3909.500     0.0000E+00
     544.500  3909.500     0.0000E+00
     495.500  3910.500     2.6535E-01
     496.500  3910.500     3.1420E-01
     497.500  3910.500     3.5905E-01
     498.500  3910.500     3.9579E-01
     499.500  3910.500     4.2094E-01
     500.500  3910.500     4.3337E-01
     501.500  3910.500     4.3283E-01
     502.500  3910.500     4.2063E-01
     503.500  3910.500     3.9894E-01
     504.500  3910.500     3.7000E-01
     505.500  3910.500     3.3628E-01
     506.500  3910.500     3.0060E-01
     507.500  3910.500     2.6607E-01
     508.500  3910.500     2.3425E-01
     509.500  3910.500     2.0653E-01
     510.500  3910.500     1.8194E-01
     511.500  3910.500     1.6066E-01
     512.500  3910.500     1.4513E-01
     513.500  3910.500     1.3046E-01
     514.500  3910.500     1.1618E-01
     515.500  3910.500     1.0210E-01
     516.500  3910.500     8.9028E-02
     517.500  3910.500     7.5992E-02
     518.500  3910.500     6.2541E-02
     519.500  3910.500     4.7301E-02
     520.500  3910.500     2.9378E-02
     521.500  3910.500     1.3710E-02
     522.500  3910.500     4.0768E-03
     523.500  3910.500     9.5535E-04
     524.500  3910.500     1.1350E-04
     525.500  3910.500     0.0000E+00
     526.500  3910.500     0.0000E+00
     527.500  3910.500     0.0000E+00
     528.500  3910.500     0.0000E+00
     529.500  3910.500     0.0000E+00
     530.500  3910.500     0.0000E+00
     531.500  3910.500     0.0000E+00
     532.500  3910.500     0.0000E+00
     533.500  3910.500     0.0000E+00
     534.500  3910.500     0.0000E+00
     535.500  3910.500     0.0000E+00
     536.500  3910.500     0.0000E+00
     537.500  3910.500     0.0000E+00
     538.500  3910.500     0.0000E+00
     539.500  3910.500     0.0000E+00
     540.500  3910.500     0.0000E+00
     541.500  3910.500     0.0000E+00
     542.500  3910.500     0.0000E+00
     543.500  3910.500     0.0000E+00
     544.500  3910.500     0.0000E+00
     495.500  3911.500     2.6840E-01
     496.500  3911.500     3.2116E-01
     497.500  3911.500     3.7150E-01
     498.500  3911.500     4.1541E-01
     499.500  3911.500     4.4950E-01
     500.500  3911.500     4.7165E-01
     501.500  3911.500     4.8132E-01
     502.500  3911.500     4.7880E-01
     503.500  3911.500     4.6488E-01
     504.500  3911.500     4.4128E-01
     505.500  3911.500     4.1013E-01
     506.500  3911.500     3.7377E-01
     507.500  3911.500     3.3680E-01
     508.500  3911.500     3.0123E-01
     509.500  3911.500     2.6910E-01
     510.500  3911.500     2.4161E-01
     511.500  3911.500     2.1643E-01
     512.500  3911.500     1.9295E-01
     513.500  3911.500     1.7393E-01
     514.500  3911.500     1.5713E-01
     515.500  3911.500     1.4049E-01
     516.500  3911.500     1.2619E-01
     517.500  3911.500     1.1553E-01
     518.500  3911.500     1.0666E-01
     519.500  3911.500     9.4135E-02
     520.500  3911.500     7.3029E-02
     521.500  3911.500     4.4416E-02
     522.500  3911.500     1.9351E-02
     523.500  3911.500     5.2001E-03
     524.500  3911.500     1.2089E-03
     525.500  3911.500     0.0000E+00
     526.500  3911.500     0.0000E+00
     527.500  3911.500     0.0000E+00
     528.500  3911.500     0.0000E+00
     529.500  3911.500     0.0000E+00
     530.500  3911.500     0.0000E+00
     531.500  3911.500     0.0000E+00
     532.500  3911.500     0.0000E+00
     533.500  3911.500     0.0000E+00
     534.500  3911.500     0.0000E+00
     535.500  3911.500     0.0000E+00
     536.500  3911.500     0.0000E+00
     537.500  3911.500     0.0000E+00
     538.500  3911.500     0.0000E+00
     539.500  3911.500     0.0000E+00
     540.500  3911.500     0.0000E+00
     541.500  3911.500     0.0000E+00
     542.500  3911.500     0.0000E+00
     543.500  3911.500     0.0000E+00
     544.500  3911.500     0.0000E+00
     495.500  3912.500     2.5808E-01
     496.500  3912.500     3.1201E-01
     497.500  3912.500     3.6543E-01
     498.500  3912.500     4.1488E-01
     499.500  3912.500     4.5691E-01
     500.500  3912.500     4.8984E-01
     501.500  3912.500     5.1214E-01
     502.500  3912.500     5.2296E-01
     503.500  3912.500     5.2188E-01
     504.500  3912.500     5.0908E-01
     505.500  3912.500     4.8591E-01
     506.500  3912.500     4.5459E-01
     507.500  3912.500     4.1855E-01
     508.500  3912.500     3.8210E-01
     509.500  3912.500     3.4745E-01
     510.500  3912.500     3.1625E-01
     511.500  3912.500     2.8850E-01
     512.500  3912.500     2.6207E-01
     513.500  3912.500     2.3633E-01
     514.500  3912.500     2.1048E-01
     515.500  3912.500     1.8996E-01
     516.500  3912.500     1.6991E-01
     517.500  3912.500     1.5513E-01
     518.500  3912.500     1.4813E-01
     519.500  3912.500     1.4477E-01
     520.500  3912.500     1.3405E-01
     521.500  3912.500     1.0731E-01
     522.500  3912.500     6.5727E-02
     523.500  3912.500     2.7261E-02
     524.500  3912.500     6.5959E-03
     525.500  3912.500     1.4789E-03
     526.500  3912.500     0.0000E+00
     527.500  3912.500     0.0000E+00
     528.500  3912.500     0.0000E+00
     529.500  3912.500     0.0000E+00
     530.500  3912.500     0.0000E+00
     531.500  3912.500     0.0000E+00
     532.500  3912.500     0.0000E+00
     533.500  3912.500     0.0000E+00
     534.500  3912.500     0.0000E+00
     535.500  3912.500     0.0000E+00
     536.500  3912.500     0.0000E+00
     537.500  3912.500     0.0000E+00
     538.500  3912.500     0.0000E+00
     539.500  3912.500     0.0000E+00
     540.500  3912.500     0.0000E+00
     541.500  3912.500     0.0000E+00
     542.500  3912.500     0.0000E+00
     543.500  3912.500     0.0000E+00
     544.500  3912.500     0.0000E+00
     495.500  3913.500     2.3472E-01
     496.500  3913.500     2.8659E-01
     497.500  3913.500     3.4002E-01
     498.500  3913.500     3.9195E-01
     499.500  3913.500     4.4016E-01
     500.500  3913.500     4.8273E-01
     501.500  3913.500     5.1796E-01
     502.500  3913.500     5.4424E-01
     503.500  3913.500     5.5976E-01
     504.500  3913.500     5.6352E-01
     505.500  3913.500     5.5520E-01
     506.500  3913.500     5.3622E-01
     507.500  3913.500     5.0881E-01
     508.500  3913.500     4.7677E-01
     509.500  3913.500     4.4346E-01
     510.500  3913.500     4.1130E-01
     511.500  3913.500     3.8040E-01
     512.500  3913.500     3.5059E-01
     513.500  3913.500     3.2162E-01
     514.500  3913.500     2.9106E-01
     515.500  3913.500     2.5893E-01
     516.500  3913.500     2.3167E-01
     517.500  3913.500     2.0597E-01
     518.500  3913.500     1.8755E-01
     519.500  3913.500     1.7867E-01
     520.500  3913.500     1.7798E-01
     521.500  3913.500     1.7743E-01
     522.500  3913.500     1.5495E-01
     523.500  3913.500     9.8504E-02
     524.500  3913.500     3.8333E-02
     525.500  3913.500     8.9457E-03
     526.500  3913.500     1.8238E-03
     527.500  3913.500     0.0000E+00
     528.500  3913.500     0.0000E+00
     529.500  3913.500     0.0000E+00
     530.500  3913.500     0.0000E+00
     531.500  3913.500     0.0000E+00
     532.500  3913.500     0.0000E+00
     533.500  3913.500     0.0000E+00
     534.500  3913.500     0.0000E+00
     535.500  3913.500     0.0000E+00
     536.500  3913.500     0.0000E+00
     537.500  3913.500     0.0000E+00
     538.500  3913.500     0.0000E+00
     539.500  3913.500     0.0000E+00
     540.500  3913.500     0.0000E+00
     541.500  3913.500     0.0000E+00
     542.500  3913.500     0.0000E+00
     543.500  3913.500     0.0000E+00
     544.500  3913.500     0.0000E+00
     495.500  3914.500     2.0111E-01
     496.500  3914.500     2.4785E-01
     497.500  3914.500     2.9745E-01
     498.500  3914.500     3.4851E-01
     499.500  3914.500     3.9915E-01
     500.500  3914.500     4.4829E-01
     501.500  3914.500     4.9426E-01
     502.500  3914.500     5.3508E-01
     503.500  3914.500     5.6849E-01
     504.500  3914.500     5.9237E-01
     505.500  3914.500     6.0477E-01
     506.500  3914.500     6.0595E-01
     507.500  3914.500     5.9673E-01
     508.500  3914.500     5.7895E-01
     509.500  3914.500     5.5552E-01
     510.500  3914.500     5.2849E-01
     511.500  3914.500     4.9905E-01
     512.500  3914.500     4.6670E-01
     513.500  3914.500     4.3319E-01
     514.500  3914.500     3.9796E-01
     515.500  3914.500     3.5958E-01
     516.500  3914.500     3.2079E-01
     517.500  3914.500     2.8635E-01
     518.500  3914.500     2.5183E-01
     519.500  3914.500     2.1920E-01
     520.500  3914.500     1.9868E-01
     521.500  3914.500     1.9859E-01
     522.500  3914.500     2.1690E-01
     523.500  3914.500     2.2003E-01
     524.500  3914.500     1.5265E-01
     525.500  3914.500     5.5039E-02
     526.500  3914.500     1.6150E-02
     527.500  3914.500     2.9078E-03
     528.500  3914.500     0.0000E+00
     529.500  3914.500     0.0000E+00
     530.500  3914.500     0.0000E+00
     531.500  3914.500     0.0000E+00
     532.500  3914.500     0.0000E+00
     533.500  3914.500     0.0000E+00
     534.500  3914.500     0.0000E+00
     535.500  3914.500     0.0000E+00
     536.500  3914.500     0.0000E+00
     537.500  3914.500     0.0000E+00
     538.500  3914.500     0.0000E+00
     539.500  3914.500     0.0000E+00
     540.500  3914.500     0.0000E+00
     541.500  3914.500     0.0000E+00
     542.500  3914.500     0.0000E+00
     543.500  3914.500     0.0000E+00
     544.500  3914.500     0.0000E+00
     495.500  3915.500     1.6128E-01
     496.500  3915.500     2.0049E-01
     497.500  3915.500     2.4332E-01
     498.500  3915.500     2.8953E-01
     499.500  3915.500     3.3842E-01
     500.500  3915.500     3.8923E-01
     501.500  3915.500     4.4101E-01
     502.500  3915.500     4.9203E-01
     503.500  3915.500     5.4026E-01
     504.500  3915.500     5.8341E-01
     505.500  3915.500     6.1908E-01
     506.500  3915.500     6.4586E-01
     507.500  3915.500     6.6348E-01
     508.500  3915.500     6.7242E-01
     509.500  3915.500     6.7273E-01
     510.500  3915.500     6.6426E-01
     511.500  3915.500     6.4654E-01
     512.500  3915.500     6.1782E-01
     513.500  3915.500     5.8019E-01
     514.500  3915.500     5.3603E-01
     515.500  3915.500     4.9108E-01
     516.500  3915.500     4.4612E-01
     517.500  3915.500     4.0170E-01
     518.500  3915.500     3.6396E-01
     519.500  3915.500     3.1902E-01
     520.500  3915.500     2.6623E-01
     521.500  3915.500     2.1915E-01
     522.500  3915.500     1.9768E-01
     523.500  3915.500     2.2928E-01
     524.500  3915.500     2.9970E-01
     525.500  3915.500     2.6443E-01
     526.500  3915.500     9.3881E-02
     527.500  3915.500     3.4376E-02
     528.500  3915.500     8.0781E-03
     529.500  3915.500     0.0000E+00
     530.500  3915.500     0.0000E+00
     531.500  3915.500     0.0000E+00
     532.500  3915.500     0.0000E+00
     533.500  3915.500     0.0000E+00
     534.500  3915.500     0.0000E+00
     535.500  3915.500     0.0000E+00
     536.500  3915.500     0.0000E+00
     537.500  3915.500     0.0000E+00
     538.500  3915.500     0.0000E+00
     539.500  3915.500     0.0000E+00
     540.500  3915.500     0.0000E+00
     541.500  3915.500     0.0000E+00
     542.500  3915.500     0.0000E+00
     543.500  3915.500     0.0000E+00
     544.500  3915.500     0.0000E+00
     495.500  3916.500     1.2054E-01
     496.500  3916.500     1.5083E-01
     497.500  3916.500     1.8502E-01
     498.500  3916.500     2.2348E-01
     499.500  3916.500     2.6621E-01
     500.500  3916.500     3.1324E-01
     501.500  3916.500     3.6413E-01
     502.500  3916.500     4.1829E-01
     503.500  3916.500     4.7430E-01
     504.500  3916.500     5.3040E-01
     505.500  3916.500     5.8511E-01
     506.500  3916.500     6.3689E-01
     507.500  3916.500     6.8467E-01
     508.500  3916.500     7.2796E-01
     509.500  3916.500     7.6634E-01
     510.500  3916.500     7.9581E-01
     511.500  3916.500     8.1030E-01
     512.500  3916.500     8.0623E-01
     513.500  3916.500     7.7701E-01
     514.500  3916.500     7.2665E-01
     515.500  3916.500     6.6385E-01
     516.500  3916.500     6.0119E-01
     517.500  3916.500     5.5112E-01
     518.500  3916.500     5.0886E-01
     519.500  3916.500     4.7610E-01
     520.500  3916.500     4.2360E-01
     521.500  3916.500     3.4793E-01
     522.500  3916.500     2.6137E-01
     523.500  3916.500     1.8855E-01
     524.500  3916.500     1.7862E-01
     525.500  3916.500     3.2236E-01
     526.500  3916.500     4.9453E-01
     527.500  3916.500     2.0814E-01
     528.500  3916.500     6.2793E-02
     529.500  3916.500     2.5826E-02
     530.500  3916.500     0.0000E+00
     531.500  3916.500     0.0000E+00
     532.500  3916.500     0.0000E+00
     533.500  3916.500     0.0000E+00
     534.500  3916.500     0.0000E+00
     535.500  3916.500     0.0000E+00
     536.500  3916.500     0.0000E+00
     537.500  3916.500     0.0000E+00
     538.500  3916.500     0.0000E+00
     539.500  3916.500     0.0000E+00
     540.500  3916.500     0.0000E+00
     541.500  3916.500     0.0000E+00
     542.500  3916.500     0.0000E+00
     543.500  3916.500     0.0000E+00
     544.500  3916.500     0.0000E+00
     495.500  3917.500     8.3216E-02
     496.500  3917.500     1.0469E-01
     497.500  3917.500     1.2978E-01
     498.500  3917.500     1.5898E-01
     499.500  3917.500     1.9269E-01
     500.500  3917.500     2.3149E-01
     501.500  3917.500     2.7568E-01
     502.500  3917.500     3.2524E-01
     503.500  3917.500     3.7998E-01
     504.500  3917.500     4.3901E-01
     505.500  3917.500     5.0227E-01
     506.500  3917.500     5.6974E-01
     507.500  3917.500     6.4136E-01
     508.500  3917.500     7.1720E-01
     509.500  3917.500     7.9646E-01
     510.500  3917.500     8.7640E-01
     511.500  3917.500     9.4753E-01
     512.500  3917.500     9.9810E-01
     513.500  3917.500     1.0148E+00
     514.500  3917.500     9.8621E-01
     515.500  3917.500     9.1390E-01
     516.500  3917.500     8.1772E-01
     517.500  3917.500     7.2877E-01
     518.500  3917.500     6.7274E-01
     519.500  3917.500     6.4774E-01
     520.500  3917.500     6.3286E-01
     521.500  3917.500     5.7578E-01
     522.500  3917.500     4.7220E-01
     523.500  3917.500     3.4960E-01
     524.500  3917.500     2.2349E-01
     525.500  3917.500     1.2954E-01
     526.500  3917.500     1.8097E-01
     527.500  3917.500     7.3786E-01
     528.500  3917.500     7.5690E-01
     529.500  3917.500     4.0123E-02
     530.500  3917.500     7.4619E-02
     531.500  3917.500     0.0000E+00
     532.500  3917.500     0.0000E+00
     533.500  3917.500     0.0000E+00
     534.500  3917.500     0.0000E+00
     535.500  3917.500     0.0000E+00
     536.500  3917.500     0.0000E+00
     537.500  3917.500     0.0000E+00
     538.500  3917.500     0.0000E+00
     539.500  3917.500     0.0000E+00
     540.500  3917.500     0.0000E+00
     541.500  3917.500     0.0000E+00
     542.500  3917.500     0.0000E+00
     543.500  3917.500     0.0000E+00
     544.500  3917.500     0.0000E+00
     495.500  3918.500     5.2362E-02
     496.500  3918.500     6.6229E-02
     497.500  3918.500     8.3043E-02
     498.500  3918.500     1.0316E-01
     499.500  3918.500     1.2704E-01
     500.500  3918.500     1.5555E-01
     501.500  3918.500     1.8914E-01
     502.500  3918.500     2.2841E-01
     503.500  3918.500     2.7379E-01
     504.500  3918.500     3.2563E-01
     505.500  3918.500     3.8545E-01
     506.500  3918.500     4.5383E-01
     507.500  3918.500     5.3337E-01
     508.500  3918.500     6.2576E-01
     509.500  3918.500     7.3381E-01
     510.500  3918.500     8.5660E-01
     511.500  3918.500     9.8937E-01
     512.500  3918.500     1.1186E+00
     513.500  3918.500     1.2237E+00
     514.500  3918.500     1.2790E+00
     515.500  3918.500     1.2586E+00
     516.500  3918.500     1.1572E+00
     517.500  3918.500     1.0078E+00
     518.500  3918.500     8.7127E-01
     519.500  3918.500     8.0036E-01
     520.500  3918.500     8.0035E-01
     521.500  3918.500     8.2324E-01
     522.500  3918.500     7.7243E-01
     523.500  3918.500     6.3320E-01
     524.500  3918.500     4.6695E-01
     525.500  3918.500     3.2651E-01
     526.500  3918.500     1.6102E-01
     527.500  3918.500     1.1758E-01
     528.500  3918.500     1.6744E-01
     529.500  3918.500     4.4266E+00
     530.500  3918.500     2.7104E-02
     531.500  3918.500     0.0000E+00
     532.500  3918.500     0.0000E+00
     533.500  3918.500     0.0000E+00
     534.500  3918.500     0.0000E+00
     535.500  3918.500     0.0000E+00
     536.500  3918.500     0.0000E+00
     537.500  3918.500     0.0000E+00
     538.500  3918.500     0.0000E+00
     539.500  3918.500     0.0000E+00
     540.500  3918.500     0.0000E+00
     541.500  3918.500     0.0000E+00
     542.500  3918.500     0.0000E+00
     543.500  3918.500     0.0000E+00
     544.500  3918.500     0.0000E+00
     495.500  3919.500     2.9821E-02
     496.500  3919.500     3.7778E-02
     497.500  3919.500     4.7654E-02
     498.500  3919.500     6.0049E-02
     499.500  3919.500     7.5297E-02
     500.500  3919.500     9.3732E-02
     501.500  3919.500     1.1590E-01
     502.500  3919.500     1.4284E-01
     503.500  3919.500     1.7501E-01
     504.500  3919.500     2.1386E-01
     505.500  3919.500     2.6032E-01
     506.500  3919.500     3.1642E-01
     507.500  3919.500     3.8628E-01
     508.500  3919.500     4.7313E-01
     509.500  3919.500     5.8239E-01
     510.500  3919.500     7.1830E-01
     511.500  3919.500     8.8436E-01
     512.500  3919.500     1.0761E+00
     513.500  3919.500     1.2812E+00
     514.500  3919.500     1.4683E+00
     515.500  3919.500     1.5947E+00
     516.500  3919.500     1.6105E+00
     517.500  3919.500     1.4848E+00
     518.500  3919.500     1.2562E+00
     519.500  3919.500     1.0155E+00
     520.500  3919.500     8.8652E-01
     521.500  3919.500     9.1590E-01
     522.500  3919.500     1.0327E+00
     523.500  3919.500     1.0432E+00
     524.500  3919.500     8.5337E-01
     525.500  3919.500     5.6502E-01
     526.500  3919.500     4.5703E-01
     527.500  3919.500     2.9772E-01
     528.500  3919.500     1.7509E-01
     529.500  3919.500     1.6605E-01
     530.500  3919.500     5.0698E-02
     531.500  3919.500     0.0000E+00
     532.500  3919.500     0.0000E+00
     533.500  3919.500     0.0000E+00
     534.500  3919.500     0.0000E+00
     535.500  3919.500     0.0000E+00
     536.500  3919.500     0.0000E+00
     537.500  3919.500     0.0000E+00
     538.500  3919.500     0.0000E+00
     539.500  3919.500     0.0000E+00
     540.500  3919.500     0.0000E+00
     541.500  3919.500     0.0000E+00
     542.500  3919.500     0.0000E+00
     543.500  3919.500     0.0000E+00
     544.500  3919.500     0.0000E+00
     495.500  3920.500     1.5245E-02
     496.500  3920.500     1.9636E-02
     497.500  3920.500     2.5007E-02
     498.500  3920.500     3.1782E-02
     499.500  3920.500     3.9869E-02
     500.500  3920.500     5.0170E-02
     501.500  3920.500     6.2826E-02
     502.500  3920.500     7.8385E-02
     503.500  3920.500     9.7967E-02
     504.500  3920.500     1.2209E-01
     505.500  3920.500     1.5232E-01
     506.500  3920.500     1.8990E-01
     507.500  3920.500     2.3875E-01
     508.500  3920.500     3.0323E-01
     509.500  3920.500     3.8798E-01
     510.500  3920.500     5.0117E-01
     511.500  3920.500     6.5247E-01
     512.500  3920.500     8.4851E-01
     513.500  3920.500     1.0947E+00
     514.500  3920.500     1.3811E+00
     515.500  3920.500     1.6780E+00
     516.500  3920.500     1.9283E+00
     517.500  3920.500     2.0488E+00
     518.500  3920.500     1.9502E+00
     519.500  3920.500     1.6257E+00
     520.500  3920.500     1.1856E+00
     521.500  3920.500     8.9310E-01
     522.500  3920.500     9.1594E-01
     523.500  3920.500     1.1961E+00
     524.500  3920.500     1.4040E+00
     525.500  3920.500     1.2696E+00
     526.500  3920.500     7.0624E-01
     527.500  3920.500     4.1076E-01
     528.500  3920.500     8.8341E-01
     529.500  3920.500     5.0189E-02
     530.500  3920.500     1.2599E+00
     531.500  3920.500     7.2026E-01
     532.500  3920.500     0.0000E+00
     533.500  3920.500     0.0000E+00
     534.500  3920.500     0.0000E+00
     535.500  3920.500     0.0000E+00
     536.500  3920.500     0.0000E+00
     537.500  3920.500     0.0000E+00
     538.500  3920.500     0.0000E+00
     539.500  3920.500     0.0000E+00
     540.500  3920.500     0.0000E+00
     541.500  3920.500     0.0000E+00
     542.500  3920.500     0.0000E+00
     543.500  3920.500     0.0000E+00
     544.500  3920.500     0.0000E+00
     495.500  3921.500     6.1732E-03
     496.500  3921.500     7.9634E-03
     497.500  3921.500     1.0569E-02
     498.500  3921.500     1.4022E-02
     499.500  3921.500     1.8105E-02
     500.500  3921.500     2.3283E-02
     501.500  3921.500     2.9717E-02
     502.500  3921.500     3.7869E-02
     503.500  3921.500     4.7916E-02
     504.500  3921.500     6.0388E-02
     505.500  3921.500     7.6342E-02
     506.500  3921.500     9.6906E-02
     507.500  3921.500     1.2429E-01
     508.500  3921.500     1.6091E-01
     509.500  3921.500     2.1188E-01
     510.500  3921.500     2.8347E-01
     511.500  3921.500     3.8430E-01
     512.500  3921.500     5.2602E-01
     513.500  3921.500     7.2356E-01
     514.500  3921.500     9.9120E-01
     515.500  3921.500     1.3369E+00
     516.500  3921.500     1.7482E+00
     517.500  3921.500     2.1867E+00
     518.500  3921.500     2.5374E+00
     519.500  3921.500     2.6181E+00
     520.500  3921.500     2.2695E+00
     521.500  3921.500     1.5316E+00
     522.500  3921.500     8.5703E-01
     523.500  3921.500     7.3310E-01
     524.500  3921.500     1.1476E+00
     525.500  3921.500     1.7335E+00
     526.500  3921.500     2.0763E+00
     527.500  3921.500     1.1987E+00
     528.500  3921.500     2.4866E-01
     529.500  3921.500     3.5789E-01
     530.500  3921.500     1.3996E-02
     531.500  3921.500     0.0000E+00
     532.500  3921.500     0.0000E+00
     533.500  3921.500     0.0000E+00
     534.500  3921.500     0.0000E+00
     535.500  3921.500     0.0000E+00
     536.500  3921.500     0.0000E+00
     537.500  3921.500     0.0000E+00
     538.500  3921.500     0.0000E+00
     539.500  3921.500     0.0000E+00
     540.500  3921.500     0.0000E+00
     541.500  3921.500     0.0000E+00
     542.500  3921.500     0.0000E+00
     543.500  3921.500     0.0000E+00
     544.500  3921.500     0.0000E+00
     495.500  3922.500     1.0236E-03
     496.500  3922.500     1.3222E-03
     497.500  3922.500     1.7582E-03
     498.500  3922.500     2.8858E-03
     499.500  3922.500     5.1332E-03
     500.500  3922.500     7.5461E-03
     501.500  3922.500     1.0580E-02
     502.500  3922.500     1.4417E-02
     503.500  3922.500     1.9041E-02
     504.500  3922.500     2.4547E-02
     505.500  3922.500     3.1560E-02
     506.500  3922.500     4.0751E-02
     507.500  3922.500     5.2997E-02
     508.500  3922.500     7.0007E-02
     509.500  3922.500     9.3806E-02
     510.500  3922.500     1.2693E-01
     511.500  3922.500     1.7589E-01
     512.500  3922.500     2.4750E-01
     513.500  3922.500     3.5451E-01
     514.500  3922.500     5.1345E-01
     515.500  3922.500     7.4561E-01
     516.500  3922.500     1.0840E+00
     517.500  3922.500     1.5625E+00
     518.500  3922.500     2.1902E+00
     519.500  3922.500     2.9045E+00
     520.500  3922.500     3.4680E+00
     521.500  3922.500     3.4141E+00
     522.500  3922.500     2.3664E+00
     523.500  3922.500     9.4202E-01
     524.500  3922.500     4.0987E-01
     525.500  3922.500     6.7118E-01
     526.500  3922.500     1.5249E+00
     527.500  3922.500     3.1023E+00
     528.500  3922.500     2.8107E+00
     529.500  3922.500     5.8528E-01
     530.500  3922.500     2.1171E-02
     531.500  3922.500     0.0000E+00
     532.500  3922.500     0.0000E+00
     533.500  3922.500     0.0000E+00
     534.500  3922.500     0.0000E+00
     535.500  3922.500     0.0000E+00
     536.500  3922.500     0.0000E+00
     537.500  3922.500     0.0000E+00
     538.500  3922.500     0.0000E+00
     539.500  3922.500     0.0000E+00
     540.500  3922.500     0.0000E+00
     541.500  3922.500     0.0000E+00
     542.500  3922.500     0.0000E+00
     543.500  3922.500     0.0000E+00
     544.500  3922.500     0.0000E+00
     495.500  3923.500     2.2880E-04
     496.500  3923.500     3.0020E-04
     497.500  3923.500     4.5801E-04
     498.500  3923.500     6.9708E-04
     499.500  3923.500     9.9502E-04
     500.500  3923.500     1.3076E-03
     501.500  3923.500     1.7469E-03
     502.500  3923.500     2.2865E-03
     503.500  3923.500     3.8933E-03
     504.500  3923.500     6.0179E-03
     505.500  3923.500     8.5829E-03
     506.500  3923.500     1.1961E-02
     507.500  3923.500     1.6163E-02
     508.500  3923.500     2.2023E-02
     509.500  3923.500     3.0234E-02
     510.500  3923.500     4.1346E-02
     511.500  3923.500     5.8391E-02
     512.500  3923.500     8.3864E-02
     513.500  3923.500     1.2130E-01
     514.500  3923.500     1.7955E-01
     515.500  3923.500     2.7345E-01
     516.500  3923.500     4.2466E-01
     517.500  3923.500     6.7062E-01
     518.500  3923.500     1.0715E+00
     519.500  3923.500     1.7198E+00
     520.500  3923.500     2.7192E+00
     521.500  3923.500     4.0587E+00
     522.500  3923.500     5.2311E+00
     523.500  3923.500     4.4783E+00
     524.500  3923.500     1.5018E+00
     525.500  3923.500     2.6256E-01
     526.500  3923.500     2.3382E-01
     527.500  3923.500     5.6368E-01
     528.500  3923.500     2.8504E+00
     529.500  3923.500     7.7703E+00
     530.500  3923.500     7.2769E-01
     531.500  3923.500     1.9878E-01
     532.500  3923.500     0.0000E+00
     533.500  3923.500     0.0000E+00
     534.500  3923.500     0.0000E+00
     535.500  3923.500     0.0000E+00
     536.500  3923.500     0.0000E+00
     537.500  3923.500     0.0000E+00
     538.500  3923.500     0.0000E+00
     539.500  3923.500     0.0000E+00
     540.500  3923.500     0.0000E+00
     541.500  3923.500     0.0000E+00
     542.500  3923.500     0.0000E+00
     543.500  3923.500     0.0000E+00
     544.500  3923.500     0.0000E+00
     495.500  3924.500     5.6527E-05
     496.500  3924.500     7.2150E-05
     497.500  3924.500     9.7266E-05
     498.500  3924.500     1.3248E-04
     499.500  3924.500     2.0423E-04
     500.500  3924.500     2.8716E-04
     501.500  3924.500     4.0380E-04
     502.500  3924.500     6.2646E-04
     503.500  3924.500     9.0412E-04
     504.500  3924.500     1.1916E-03
     505.500  3924.500     1.5370E-03
     506.500  3924.500     1.9899E-03
     507.500  3924.500     2.6120E-03
     508.500  3924.500     3.3812E-03
     509.500  3924.500     4.4239E-03
     510.500  3924.500     6.0637E-03
     511.500  3924.500     9.5589E-03
     512.500  3924.500     1.4144E-02
     513.500  3924.500     2.1898E-02
     514.500  3924.500     3.4673E-02
     515.500  3924.500     5.6263E-02
     516.500  3924.500     9.1825E-02
     517.500  3924.500     1.5430E-01
     518.500  3924.500     2.6286E-01
     519.500  3924.500     4.5587E-01
     520.500  3924.500     8.2426E-01
     521.500  3924.500     1.6036E+00
     522.500  3924.500     3.3547E+00
     523.500  3924.500     6.7869E+00
     524.500  3924.500     8.7371E+00
     525.500  3924.500     3.6368E+00
     526.500  3924.500     3.2626E-01
     527.500  3924.500     2.3094E-01
     528.500  3924.500     2.0795E-01
     529.500  3924.500     3.0372E-01
     530.500  3924.500     1.2313E+01
     531.500  3924.500     9.1044E-01
     532.500  3924.500     1.4323E-01
     533.500  3924.500     0.0000E+00
     534.500  3924.500     0.0000E+00
     535.500  3924.500     0.0000E+00
     536.500  3924.500     0.0000E+00
     537.500  3924.500     0.0000E+00
     538.500  3924.500     0.0000E+00
     539.500  3924.500     0.0000E+00
     540.500  3924.500     0.0000E+00
     541.500  3924.500     0.0000E+00
     542.500  3924.500     0.0000E+00
     543.500  3924.500     0.0000E+00
     544.500  3924.500     0.0000E+00
     495.500  3925.500     1.0860E-05
     496.500  3925.500     1.3797E-05
     497.500  3925.500     1.7383E-05
     498.500  3925.500     2.9634E-05
     499.500  3925.500     4.9435E-05
     500.500  3925.500     7.1341E-05
     501.500  3925.500     9.8639E-05
     502.500  3925.500     1.3615E-04
     503.500  3925.500     1.8268E-04
     504.500  3925.500     2.6298E-04
     505.500  3925.500     3.5247E-04
     506.500  3925.500     4.7505E-04
     507.500  3925.500     6.0673E-04
     508.500  3925.500     8.1638E-04
     509.500  3925.500     1.1237E-03
     510.500  3925.500     1.5503E-03
     511.500  3925.500     2.1137E-03
     512.500  3925.500     2.9019E-03
     513.500  3925.500     4.0652E-03
     514.500  3925.500     5.8385E-03
     515.500  3925.500     8.6868E-03
     516.500  3925.500     1.2883E-02
     517.500  3925.500     1.9567E-02
     518.500  3925.500     3.1064E-02
     519.500  3925.500     5.2886E-02
     520.500  3925.500     9.3513E-02
     521.500  3925.500     1.7532E-01
     522.500  3925.500     3.6367E-01
     523.500  3925.500     1.1124E+00
     524.500  3925.500     4.0686E+00
     525.500  3925.500     1.3424E+01
     526.500  3925.500     1.2066E+01
     527.500  3925.500     4.5447E-01
     528.500  3925.500     2.5763E-01
     529.500  3925.500     2.9065E-01
     530.500  3925.500     1.6576E-01
     531.500  3925.500     8.3515E-02
     532.500  3925.500     1.7294E-03
     533.500  3925.500     2.7398E-05
     534.500  3925.500     0.0000E+00
     535.500  3925.500     0.0000E+00
     536.500  3925.500     0.0000E+00
     537.500  3925.500     0.0000E+00
     538.500  3925.500     0.0000E+00
     539.500  3925.500     0.0000E+00
     540.500  3925.500     0.0000E+00
     541.500  3925.500     0.0000E+00
     542.500  3925.500     0.0000E+00
     543.500  3925.500     0.0000E+00
     544.500  3925.500     0.0000E+00
     495.500  3926.500     2.4311E-06
     496.500  3926.500     3.1746E-06
     497.500  3926.500     5.4065E-06
     498.500  3926.500     7.7962E-06
     499.500  3926.500     1.0809E-05
     500.500  3926.500     1.4459E-05
     501.500  3926.500     1.9185E-05
     502.500  3926.500     3.1032E-05
     503.500  3926.500     4.8320E-05
     504.500  3926.500     7.0376E-05
     505.500  3926.500     9.6249E-05
     506.500  3926.500     1.3134E-04
     507.500  3926.500     1.7225E-04
     508.500  3926.500     2.2461E-04
     509.500  3926.500     2.8999E-04
     510.500  3926.500     3.7620E-04
     511.500  3926.500     4.9296E-04
     512.500  3926.500     6.5846E-04
     513.500  3926.500     9.2979E-04
     514.500  3926.500     1.3160E-03
     515.500  3926.500     1.9006E-03
     516.500  3926.500     2.8460E-03
     517.500  3926.500     4.3928E-03
     518.500  3926.500     6.7560E-03
     519.500  3926.500     1.0660E-02
     520.500  3926.500     1.6868E-02
     521.500  3926.500     2.7430E-02
     522.500  3926.500     4.8299E-02
     523.500  3926.500     8.5300E-02
     524.500  3926.500     1.6466E-01
     525.500  3926.500     5.4019E-01
     526.500  3926.500     6.7589E+00
     527.500  3926.500     5.8321E+01
     528.500  3926.500     8.9938E-01
     529.500  3926.500     2.5801E-01
     530.500  3926.500     3.3416E-01
     531.500  3926.500     2.9643E-01
     532.500  3926.500     1.3503E-02
     533.500  3926.500     0.0000E+00
     534.500  3926.500     0.0000E+00
     535.500  3926.500     0.0000E+00
     536.500  3926.500     0.0000E+00
     537.500  3926.500     0.0000E+00
     538.500  3926.500     0.0000E+00
     539.500  3926.500     0.0000E+00
     540.500  3926.500     0.0000E+00
     541.500  3926.500     0.0000E+00
     542.500  3926.500     0.0000E+00
     543.500  3926.500     0.0000E+00
     544.500  3926.500     0.0000E+00
     495.500  3927.500     0.0000E+00
     496.500  3927.500     0.0000E+00
     497.500  3927.500     0.0000E+00
     498.500  3927.500     0.0000E+00
     499.500  3927.500     1.1006E-06
     500.500  3927.500     2.6915E-06
     501.500  3927.500     4.8656E-06
     502.500  3927.500     8.0209E-06
     503.500  3927.500     1.1260E-05
     504.500  3927.500     1.5376E-05
     505.500  3927.500     2.0532E-05
     506.500  3927.500     2.6816E-05
     507.500  3927.500     3.4230E-05
     508.500  3927.500     4.6832E-05
     509.500  3927.500     6.4446E-05
     510.500  3927.500     8.5331E-05
     511.500  3927.500     1.1730E-04
     512.500  3927.500     1.5651E-04
     513.500  3927.500     2.1722E-04
     514.500  3927.500     3.0869E-04
     515.500  3927.500     4.4534E-04
     516.500  3927.500     6.6767E-04
     517.500  3927.500     1.0091E-03
     518.500  3927.500     1.5334E-03
     519.500  3927.500     2.3787E-03
     520.500  3927.500     3.7957E-03
     521.500  3927.500     6.2961E-03
     522.500  3927.500     1.0839E-02
     523.500  3927.500     1.9520E-02
     524.500  3927.500     3.6680E-02
     525.500  3927.500     6.8979E-02
     526.500  3927.500     1.3008E-01
     527.500  3927.500     4.9707E-01
     528.500  3927.500     6.6794E+00
     529.500  3927.500     1.3616E+00
     530.500  3927.500     3.6901E-01
     531.500  3927.500     1.1397E-01
     532.500  3927.500     1.4189E-01
     533.500  3927.500     2.7736E-03
     534.500  3927.500     0.0000E+00
     535.500  3927.500     0.0000E+00
     536.500  3927.500     0.0000E+00
     537.500  3927.500     0.0000E+00
     538.500  3927.500     0.0000E+00
     539.500  3927.500     0.0000E+00
     540.500  3927.500     0.0000E+00
     541.500  3927.500     0.0000E+00
     542.500  3927.500     0.0000E+00
     543.500  3927.500     0.0000E+00
     544.500  3927.500     0.0000E+00
     495.500  3928.500     0.0000E+00
     496.500  3928.500     0.0000E+00
     497.500  3928.500     0.0000E+00
     498.500  3928.500     0.0000E+00
     499.500  3928.500     0.0000E+00
     500.500  3928.500     0.0000E+00
     501.500  3928.500     0.0000E+00
     502.500  3928.500     3.8957E-08
     503.500  3928.500     1.3273E-06
     504.500  3928.500     2.4962E-06
     505.500  3928.500     4.3086E-06
     506.500  3928.500     6.6444E-06
     507.500  3928.500     9.5743E-06
     508.500  3928.500     1.2737E-05
     509.500  3928.500     1.6565E-05
     510.500  3928.500     2.1581E-05
     511.500  3928.500     2.8488E-05
     512.500  3928.500     3.6862E-05
     513.500  3928.500     4.8715E-05
     514.500  3928.500     6.6851E-05
     515.500  3928.500     9.2002E-05
     516.500  3928.500     1.3208E-04
     517.500  3928.500     1.8982E-04
     518.500  3928.500     2.8913E-04
     519.500  3928.500     4.5004E-04
     520.500  3928.500     7.1891E-04
     521.500  3928.500     1.1974E-03
     522.500  3928.500     2.0691E-03
     523.500  3928.500     3.8285E-03
     524.500  3928.500     7.2950E-03
     525.500  3928.500     1.5209E-02
     526.500  3928.500     3.9827E-02
     527.500  3928.500     9.6594E-02
     528.500  3928.500     1.2587E-01
     529.500  3928.500     1.9773E-01
     530.500  3928.500     4.6083E-01
     531.500  3928.500     4.8798E-01
     532.500  3928.500     3.5991E-01
     533.500  3928.500     3.6987E-03
     534.500  3928.500     1.2768E-02
     535.500  3928.500     0.0000E+00
     536.500  3928.500     0.0000E+00
     537.500  3928.500     0.0000E+00
     538.500  3928.500     0.0000E+00
     539.500  3928.500     0.0000E+00
     540.500  3928.500     0.0000E+00
     541.500  3928.500     0.0000E+00
     542.500  3928.500     0.0000E+00
     543.500  3928.500     0.0000E+00
     544.500  3928.500     0.0000E+00
     495.500  3929.500     0.0000E+00
     496.500  3929.500     0.0000E+00
     497.500  3929.500     0.0000E+00
     498.500  3929.500     0.0000E+00
     499.500  3929.500     0.0000E+00
     500.500  3929.500     0.0000E+00
     501.500  3929.500     0.0000E+00
     502.500  3929.500     0.0000E+00
     503.500  3929.500     0.0000E+00
     504.500  3929.500     0.0000E+00
     505.500  3929.500     0.0000E+00
     506.500  3929.500     0.0000E+00
     507.500  3929.500     0.0000E+00
     508.500  3929.500     4.8950E-07
     509.500  3929.500     1.0210E-06
     510.500  3929.500     1.8647E-06
     511.500  3929.500     2.3082E-06
     512.500  3929.500     3.6110E-06
     513.500  3929.500     4.9342E-06
     514.500  3929.500     7.6116E-06
     515.500  3929.500     1.0823E-05
     516.500  3929.500     1.8499E-05
     517.500  3929.500     3.0886E-05
     518.500  3929.500     4.9171E-05
     519.500  3929.500     7.9260E-05
     520.500  3929.500     1.3202E-04
     521.500  3929.500     2.2330E-04
     522.500  3929.500     3.9584E-04
     523.500  3929.500     7.3989E-04
     524.500  3929.500     1.4300E-03
     525.500  3929.500     2.8492E-03
     526.500  3929.500     5.6602E-03
     527.500  3929.500     1.2493E-02
     528.500  3929.500     4.9386E-02
     529.500  3929.500     2.2848E-01
     530.500  3929.500     1.8689E-01
     531.500  3929.500     1.4899E-02
     532.500  3929.500     1.9981E-01
     533.500  3929.500     1.3750E-01
     534.500  3929.500     0.0000E+00
     535.500  3929.500     0.0000E+00
     536.500  3929.500     0.0000E+00
     537.500  3929.500     0.0000E+00
     538.500  3929.500     0.0000E+00
     539.500  3929.500     0.0000E+00
     540.500  3929.500     0.0000E+00
     541.500  3929.500     0.0000E+00
     542.500  3929.500     0.0000E+00
     543.500  3929.500     0.0000E+00
     544.500  3929.500     0.0000E+00
     495.500  3930.500     0.0000E+00
     496.500  3930.500     0.0000E+00
     497.500  3930.500     0.0000E+00
     498.500  3930.500     0.0000E+00
     499.500  3930.500     0.0000E+00
     500.500  3930.500     0.0000E+00
     501.500  3930.500     0.0000E+00
     502.500  3930.500     0.0000E+00
     503.500  3930.500     0.0000E+00
     504.500  3930.500     0.0000E+00
     505.500  3930.500     0.0000E+00
     506.500  3930.500     0.0000E+00
     507.500  3930.500     0.0000E+00
     508.500  3930.500     0.0000E+00
     509.500  3930.500     0.0000E+00
     510.500  3930.500     0.0000E+00
     511.500  3930.500     0.0000E+00
     512.500  3930.500     0.0000E+00
     513.500  3930.500     0.0000E+00
     514.500  3930.500     0.0000E+00
     515.500  3930.500     0.0000E+00
     516.500  3930.500     0.0000E+00
     517.500  3930.500     0.0000E+00
     518.500  3930.500     0.0000E+00
     519.500  3930.500     6.9623E-07
     520.500  3930.500     2.1833E-06
     521.500  3930.500     6.6961E-06
     522.500  3930.500     1.6813E-05
     523.500  3930.500     3.8515E-05
     524.500  3930.500     9.7328E-05
     525.500  3930.500     2.7292E-04
     526.500  3930.500     7.6648E-04
     527.500  3930.500     2.7161E-03
     528.500  3930.500     8.4037E-03
     529.500  3930.500     1.3659E-02
     530.500  3930.500     1.9702E-02
     531.500  3930.500     4.3602E-01
     532.500  3930.500     5.9640E-03
     533.500  3930.500     0.0000E+00
     534.500  3930.500     0.0000E+00
     535.500  3930.500     0.0000E+00
     536.500  3930.500     0.0000E+00
     537.500  3930.500     0.0000E+00
     538.500  3930.500     0.0000E+00
     539.500  3930.500     0.0000E+00
     540.500  3930.500     0.0000E+00
     541.500  3930.500     0.0000E+00
     542.500  3930.500     0.0000E+00
     543.500  3930.500     0.0000E+00
     544.500  3930.500     0.0000E+00
     495.500  3931.500     0.0000E+00
     496.500  3931.500     0.0000E+00
     497.500  3931.500     0.0000E+00
     498.500  3931.500     0.0000E+00
     499.500  3931.500     0.0000E+00
     500.500  3931.500     0.0000E+00
     501.500  3931.500     0.0000E+00
     502.500  3931.500     0.0000E+00
     503.500  3931.500     0.0000E+00
     504.500  3931.500     0.0000E+00
     505.500  3931.500     0.0000E+00
     506.500  3931.500     0.0000E+00
     507.500  3931.500     0.0000E+00
     508.500  3931.500     0.0000E+00
     509.500  3931.500     0.0000E+00
     510.500  3931.500     0.0000E+00
     511.500  3931.500     0.0000E+00
     512.500  3931.500     0.0000E+00
     513.500  3931.500     0.0000E+00
     514.500  3931.500     0.0000E+00
     515.500  3931.500     0.0000E+00
     516.500  3931.500     0.0000E+00
     517.500  3931.500     0.0000E+00
     518.500  3931.500     0.0000E+00
     519.500  3931.500     0.0000E+00
     520.500  3931.500     0.0000E+00
     521.500  3931.500     0.0000E+00
     522.500  3931.500     0.0000E+00
     523.500  3931.500     0.0000E+00
     524.500  3931.500     0.0000E+00
     525.500  3931.500     0.0000E+00
     526.500  3931.500     0.0000E+00
     527.500  3931.500     7.6924E-06
     528.500  3931.500     1.9382E-04
     529.500  3931.500     3.0607E-03
     530.500  3931.500     2.8641E-02
     531.500  3931.500     6.3923E-03
     532.500  3931.500     2.7736E-02
     533.500  3931.500     2.3073E-02
     534.500  3931.500     0.0000E+00
     535.500  3931.500     0.0000E+00
     536.500  3931.500     0.0000E+00
     537.500  3931.500     0.0000E+00
     538.500  3931.500     0.0000E+00
     539.500  3931.500     0.0000E+00
     540.500  3931.500     0.0000E+00
     541.500  3931.500     0.0000E+00
     542.500  3931.500     0.0000E+00
     543.500  3931.500     0.0000E+00
     544.500  3931.500     0.0000E+00
     495.500  3932.500     0.0000E+00
     496.500  3932.500     0.0000E+00
     497.500  3932.500     0.0000E+00
     498.500  3932.500     0.0000E+00
     499.500  3932.500     0.0000E+00
     500.500  3932.500     0.0000E+00
     501.500  3932.500     0.0000E+00
     502.500  3932.500     0.0000E+00
     503.500  3932.500     0.0000E+00
     504.500  3932.500     0.0000E+00
     505.500  3932.500     0.0000E+00
     506.500  3932.500     0.0000E+00
     507.500  3932.500     0.0000E+00
     508.500  3932.500     0.0000E+00
     509.500  3932.500     0.0000E+00
     510.500  3932.500     0.0000E+00
     511.500  3932.500     0.0000E+00
     512.500  3932.500     0.0000E+00
     513.500  3932.500     0.0000E+00
     514.500  3932.500     0.0000E+00
     515.500  3932.500     0.0000E+00
     516.500  3932.500     0.0000E+00
     517.500  3932.500     0.0000E+00
     518.500  3932.500     0.0000E+00
     519.500  3932.500     0.0000E+00
     520.500  3932.500     0.0000E+00
     521.500  3932.500     0.0000E+00
     522.500  3932.500     0.0000E+00
     523.500  3932.500     0.0000E+00
     524.500  3932.500     0.0000E+00
     525.500  3932.500     0.0000E+00
     526.500  3932.500     0.0000E+00
     527.500  3932.500     0.0000E+00
     528.500  3932.500     0.0000E+00
     529.500  3932.500     0.0000E+00
     530.500  3932.500     0.0000E+00
     531.500  3932.500     7.8155E-04
     532.500  3932.500     1.9797E-02
     533.500  3932.500     0.0000E+00
     534.500  3932.500     2.1757E-01
     535.500  3932.500     0.0000E+00
     536.500  3932.500     0.0000E+00
     537.500  3932.500     0.0000E+00
     538.500  3932.500     0.0000E+00
     539.500  3932.500     0.0000E+00
     540.500  3932.500     0.0000E+00
     541.500  3932.500     0.0000E+00
     542.500  3932.500     0.0000E+00
     543.500  3932.500     0.0000E+00
     544.500  3932.500     0.0000E+00
     495.500  3933.500     0.0000E+00
     496.500  3933.500     0.0000E+00
     497.500  3933.500     0.0000E+00
     498.500  3933.500     0.0000E+00
     499.500  3933.500     0.0000E+00
     500.500  3933.500     0.0000E+00
     501.500  3933.500     0.0000E+00
     502.500  3933.500     0.0000E+00
     503.500  3933.500     0.0000E+00
     504.500  3933.500     0.0000E+00
     505.500  3933.500     0.0000E+00
     506.500  3933.500     0.0000E+00
     507.500  3933.500     0.0000E+00
     508.500  3933.500     0.0000E+00
     509.500  3933.500     0.0000E+00
     510.500  3933.500     0.0000E+00
     511.500  3933.500     0.0000E+00
     512.500  3933.500     0.0000E+00
     513.500  3933.500     0.0000E+00
     514.500  3933.500     0.0000E+00
     515.500  3933.500     0.0000E+00
     516.500  3933.500     0.0000E+00
     517.500  3933.500     0.0000E+00
     518.500  3933.500     0.0000E+00
     519.500  3933.500     0.0000E+00
     520.500  3933.500     0.0000E+00
     521.500  3933.500     0.0000E+00
     522.500  3933.500     0.0000E+00
     523.500  3933.500     0.0000E+00
     524.500  3933.500     0.0000E+00
     525.500  3933.500     0.0000E+00
     526.500  3933.500     0.0000E+00
     527.500  3933.500     0.0000E+00
     528.500  3933.500     0.0000E+00
     529.500  3933.500     0.0000E+00
     530.500  3933.500     0.0000E+00
     531.500  3933.500     0.0000E+00
     532.500  3933.500     0.0000E+00
     533.500  3933.500     0.0000E+00
     534.500  3933.500     0.0000E+00
     535.500  3933.500     0.0000E+00
     536.500  3933.500     0.0000E+00
     537.500  3933.500     0.0000E+00
     538.500  3933.500     0.0000E+00
     539.500  3933.500     0.0000E+00
     540.500  3933.500     0.0000E+00
     541.500  3933.500     0.0000E+00
     542.500  3933.500     0.0000E+00
     543.500  3933.500     0.0000E+00
     544.500  3933.500     0.0000E+00
     495.500  3934.500     0.0000E+00
     496.500  3934.500     0.0000E+00
     497.500  3934.500     0.0000E+00
     498.500  3934.500     0.0000E+00
     499.500  3934.500     0.0000E+00
     500.500  3934.500     0.0000E+00
     501.500  3934.500     0.0000E+00
     502.500  3934.500     0.0000E+00
     503.500  3934.500     0.0000E+00
     504.500  3934.500     0.0000E+00
     505.500  3934.500     0.0000E+00
     506.500  3934.500     0.0000E+00
     507.500  3934.500     0.0000E+00
     508.500  3934.500     0.0000E+00
     509.500  3934.500     0.0000E+00
     510.500  3934.500     0.0000E+00
     511.500  3934.500     0.0000E+00
     512.500  3934.500     0.0000E+00
     513.500  3934.500     0.0000E+00
     514.500  3934.500     0.0000E+00
     515.500  3934.500     0.0000E+00
     516.500  3934.500     0.0000E+00
     517.500  3934.500     0.0000E+00
     518.500  3934.500     0.0000E+00
     519.500  3934.500     0.0000E+00
     520.500  3934.500     0.0000E+00
     521.500  3934.500     0.0000E+00
     522.500  3934.500     0.0000E+00
     523.500  3934.500     0.0000E+00
     524.500  3934.500     0.0000E+00
     525.500  3934.500     0.0000E+00
     526.500  3934.500     0.0000E+00
     527.500  3934.500     0.0000E+00
     528.500  3934.500     0.0000E+00
     529.500  3934.500     0.0000E+00
     530.500  3934.500     0.0000E+00
     531.500  3934.500     0.0000E+00
     532.500  3934.500     0.0000E+00
     533.500  3934.500     0.0000E+00
     534.500  3934.500     0.0000E+00
     535.500  3934.500     0.0000E+00
     536.500  3934.500     0.0000E+00
     537.500  3934.500     0.0000E+00
     538.500  3934.500     0.0000E+00
     539.500  3934.500     0.0000E+00
     540.500  3934.500     0.0000E+00
     541.500  3934.500     0.0000E+00
     542.500  3934.500     0.0000E+00
     543.500  3934.500     0.0000E+00
     544.500  3934.500     0.0000E+00
     495.500  3935.500     0.0000E+00
     496.500  3935.500     0.0000E+00
     497.500  3935.500     0.0000E+00
     498.500  3935.500     0.0000E+00
     499.500  3935.500     0.0000E+00
     500.500  3935.500     0.0000E+00
     501.500  3935.500     0.0000E+00
     502.500  3935.500     0.0000E+00
     503.500  3935.500     0.0000E+00
     504.500  3935.500     0.0000E+00
     505.500  3935.500     0.0000E+00
     506.500  3935.500     0.0000E+00
     507.500  3935.500     0.0000E+00
     508.500  3935.500     0.0000E+00
     509.500  3935.500     0.0000E+00
     510.500  3935.500     0.0000E+00
     511.500  3935.500     0.0000E+00
     512.500  3935.500     0.0000E+00
     513.500  3935.500     0.0000E+00
     514.500  3935.500     0.0000E+00
     515.500  3935.500     0.0000E+00
     516.500  3935.500     0.0000E+00
     517.500  3935.500     0.0000E+00
     518.500  3935.500     0.0000E+00
     519.500  3935.500     0.0000E+00
     520.500  3935.500     0.0000E+00
     521.500  3935.500     0.0000E+00
     522.500  3935.500     0.0000E+00
     523.500  3935.500     0.0000E+00
     524.500  3935.500     0.0000E+00
     525.500  3935.500     0.0000E+00
     526.500  3935.500     0.0000E+00
     527.500  3935.500     0.0000E+00
     528.500  3935.500     0.0000E+00
     529.500  3935.500     0.0000E+00
     530.500  3935.500     0.0000E+00
     531.500  3935.500     0.0000E+00
     532.500  3935.500     0.0000E+00
     533.500  3935.500     0.0000E+00
     534.500  3935.500     0.0000E+00
     535.500  3935.500     0.0000E+00
     536.500  3935.500     0.0000E+00
     537.500  3935.500     0.0000E+00
     538.500  3935.500     0.0000E+00
     539.500  3935.500     0.0000E+00
     540.500  3935.500     0.0000E+00
     541.500  3935.500     0.0000E+00
     542.500  3935.500     0.0000E+00
     543.500  3935.500     0.0000E+00
     544.500  3935.500     0.0000E+00
     495.500  3936.500     0.0000E+00
     496.500  3936.500     0.0000E+00
     497.500  3936.500     0.0000E+00
     498.500  3936.500     0.0000E+00
     499.500  3936.500     0.0000E+00
     500.500  3936.500     0.0000E+00
     501.500  3936.500     0.0000E+00
     502.500  3936.500     0.0000E+00
     503.500  3936.500     0.0000E+00
     504.500  3936.500     0.0000E+00
     505.500  3936.500     0.0000E+00
     506.500  3936.500     0.0000E+00
     507.500  3936.500     0.0000E+00
     508.500  3936.500     0.0000E+00
     509.500  3936.500     0.0000E+00
     510.500  3936.500     0.0000E+00
     511.500  3936.500     0.0000E+00
     512.500  3936.500     0.0000E+00
     513.500  3936.500     0.0000E+00
     514.500  3936.500     0.0000E+00
     515.500  3936.500     0.0000E+00
     516.500  3936.500     0.0000E+00
     517.500  3936.500     0.0000E+00
     518.500  3936.500     0.0000E+00
     519.500  3936.500     0.0000E+00
     520.500  3936.500     0.0000E+00
     521.500  3936.500     0.0000E+00
     522.500  3936.500     0.0000E+00
     523.500  3936.500     0.0000E+00
     524.500  3936.500     0.0000E+00
     525.500  3936.500     0.0000E+00
     526.500  3936.500     0.0000E+00
     527.500  3936.500     0.0000E+00
     528.500  3936.500     0.0000E+00
     529.500  3936.500     0.0000E+00
     530.500  3936.500     0.0000E+00
     531.500  3936.500     0.0000E+00
     532.500  3936.500     0.0000E+00
     533.500  3936.500     0.0000E+00
     534.500  3936.500     0.0000E+00
     535.500  3936.500     0.0000E+00
     536.500  3936.500     0.0000E+00
     537.500  3936.500     0.0000E+00
     538.500  3936.500     0.0000E+00
     539.500  3936.500     0.0000E+00
     540.500  3936.500     0.0000E+00
     541.500  3936.500     0.0000E+00
     542.500  3936.500     0.0000E+00
     543.500  3936.500     0.0000E+00
     544.500  3936.500     0.0000E+00
     495.500  3937.500     0.0000E+00
     496.500  3937.500     0.0000E+00
     497.500  3937.500     0.0000E+00
     498.500  3937.500     0.0000E+00
     499.500  3937.500     0.0000E+00
     500.500  3937.500     0.0000E+00
     501.500  3937.500     0.0000E+00
     502.500  3937.500     0.0000E+00
     503.500  3937.500     0.0000E+00
     504.500  3937.500     0.0000E+00
     505.500  3937.500     0.0000E+00
     506.500  3937.500     0.0000E+00
     507.500  3937.500     0.0000E+00
     508.500  3937.500     0.0000E+00
     509.500  3937.500     0.0000E+00
     510.500  3937.500     0.0000E+00
     511.500  3937.500     0.0000E+00
     512.500  3937.500     0.0000E+00
     513.500  3937.500     0.0000E+00
     514.500  3937.500     0.0000E+00
     515.500  3937.500     0.0000E+00
     516.500  3937.500     0.0000E+00
     517.500  3937.500     0.0000E+00
     518.500  3937.500     0.0000E+00
     519.500  3937.500     0.0000E+00
     520.500  3937.500     0.0000E+00
     521.500  3937.500     0.0000E+00
     522.500  3937.500     0.0000E+00
     523.500  3937.500     0.0000E+00
     524.500  3937.500     0.0000E+00
     525.500  3937.500     0.0000E+00
     526.500  3937.500     0.0000E+00
     527.500  3937.500     0.0000E+00
     528.500  3937.500     0.0000E+00
     529.500  3937.500     0.0000E+00
     530.500  3937.500     0.0000E+00
     531.500  3937.500     0.0000E+00
     532.500  3937.500     0.0000E+00
     533.500  3937.500     0.0000E+00
     534.500  3937.500     0.0000E+00
     535.500  3937.500     0.0000E+00
     536.500  3937.500     0.0000E+00
     537.500  3937.500     0.0000E+00
     538.500  3937.500     0.0000E+00
     539.500  3937.500     0.0000E+00
     540.500  3937.500     0.0000E+00
     541.500  3937.500     0.0000E+00
     542.500  3937.500     0.0000E+00
     543.500  3937.500     0.0000E+00
     544.500  3937.500     0.0000E+00
     495.500  3938.500     0.0000E+00
     496.500  3938.500     0.0000E+00
     497.500  3938.500     0.0000E+00
     498.500  3938.500     0.0000E+00
     499.500  3938.500     0.0000E+00
     500.500  3938.500     0.0000E+00
     501.500  3938.500     0.0000E+00
     502.500  3938.500     0.0000E+00
     503.500  3938.500     0.0000E+00
     504.500  3938.500     0.0000E+00
     505.500  3938.500     0.0000E+00
     506.500  3938.500     0.0000E+00
     507.500  3938.500     0.0000E+00
     508.500  3938.500     0.0000E+00
     509.500  3938.500     0.0000E+00
     510.500  3938.500     0.0000E+00
     511.500  3938.500     0.0000E+00
     512.500  3938.500     0.0000E+00
     513.500  3938.500     0.0000E+00
     514.500  3938.500     0.0000E+00
     515.500  3938.500     0.0000E+00
     516.500  3938.500     0.0000E+00
     517.500  3938.500     0.0000E+00
     518.500  3938.500     0.0000E+00
     519.500  3938.500     0.0000E+00
     520.500  3938.500     0.0000E+00
     521.500  3938.500     0.0000E+00
     522.500  3938.500     0.0000E+00
     523.500  3938.500     0.0000E+00
     524.500  3938.500     0.0000E+00
     525.500  3938.500     0.0000E+00
     526.500  3938.500     0.0000E+00
     527.500  3938.500     0.0000E+00
     528.500  3938.500     0.0000E+00
     529.500  3938.500     0.0000E+00
     530.500  3938.500     0.0000E+00
     531.500  3938.500     0.0000E+00
     532.500  3938.500     0.0000E+00
     533.500  3938.500     0.0000E+00
     534.500  3938.500     0.0000E+00
     535.500  3938.500     0.0000E+00
     536.500  3938.500     0.0000E+00
     537.500  3938.500     0.0000E+00
     538.500  3938.500     0.0000E+00
     539.500  3938.500     0.0000E+00
     540.500  3938.500     0.0000E+00
     541.500  3938.500     0.0000E+00
     542.500  3938.500     0.0000E+00
     543.500  3938.500     0.0000E+00
     544.500  3938.500     0.0000E+00
     495.500  3939.500     0.0000E+00
     496.500  3939.500     0.0000E+00
     497.500  3939.500     0.0000E+00
     498.500  3939.500     0.0000E+00
     499.500  3939.500     0.0000E+00
     500.500  3939.500     0.0000E+00
     501.500  3939.500     0.0000E+00
     502.500  3939.500     0.0000E+00
     503.500  3939.500     0.0000E+00
     504.500  3939.500     0.0000E+00
     505.500  3939.500     0.0000E+00
     506.500  3939.500     0.0000E+00
     507.500  3939.500     0.0000E+00
     508.500  3939.500     0.0000E+00
     509.500  3939.500     0.0000E+00
     510.500  3939.500     0.0000E+00
     511.500  3939.500     0.0000E+00
     512.500  3939.500     0.0000E+00
     513.500  3939.500     0.0000E+00
     514.500  3939.500     0.0000E+00
     515.500  3939.500     0.0000E+00
     516.500  3939.500     0.0000E+00
     517.500  3939.500     0.0000E+00
     518.500  3939.500     0.0000E+00
     519.500  3939.500     0.0000E+00
     520.500  3939.500     0.0000E+00
     521.500  3939.500     0.0000E+00
     522.500  3939.500     0.0000E+00
     523.500  3939.500     0.0000E+00
     524.500  3939.500     0.0000E+00
     525.500  3939.500     0.0000E+00
     526.500  3939.500     0.0000E+00
     527.500  3939.500     0.0000E+00
     528.500  3939.500     0.0000E+00
     529.500  3939.500     0.0000E+00
     530.500  3939.500     0.0000E+00
     531.500  3939.500     0.0000E+00
     532.500  3939.500     0.0000E+00
     533.500  3939.500     0.0000E+00
     534.500  3939.500     0.0000E+00
     535.500  3939.500     0.0000E+00
     536.500  3939.500     0.0000E+00
     537.500  3939.500     0.0000E+00
     538.500  3939.500     0.0000E+00
     539.500  3939.500     0.0000E+00
     540.500  3939.500     0.0000E+00
     541.500  3939.500     0.0000E+00
     542.500  3939.500     0.0000E+00
     543.500  3939.500     0.0000E+00
     544.500  3939.500     0.0000E+00
     495.500  3940.500     0.0000E+00
     496.500  3940.500     0.0000E+00
     497.500  3940.500     0.0000E+00
     498.500  3940.500     0.0000E+00
     499.500  3940.500     0.0000E+00
     500.500  3940.500     0.0000E+00
     501.500  3940.500     0.0000E+00
     502.500  3940.500     0.0000E+00
     503.500  3940.500     0.0000E+00
     504.500  3940.500     0.0000E+00
     505.500  3940.500     0.0000E+00
     506.500  3940.500     0.0000E+00
     507.500  3940.500     0.0000E+00
     508.500  3940.500     0.0000E+00
     509.500  3940.500     0.0000E+00
     510.500  3940.500     0.0000E+00
     511.500  3940.500     0.0000E+00
     512.500  3940.500     0.0000E+00
     513.500  3940.500     0.0000E+00
     514.500  3940.500     0.0000E+00
     515.500  3940.500     0.0000E+00
     516.500  3940.500     0.0000E+00
     517.500  3940.500     0.0000E+00
     518.500  3940.500     0.0000E+00
     519.500  3940.500     0.0000E+00
     520.500  3940.500     0.0000E+00
     521.500  3940.500     0.0000E+00
     522.500  3940.500     0.0000E+00
     523.500  3940.500     0.0000E+00
     524.500  3940.500     0.0000E+00
     525.500  3940.500     0.0000E+00
     526.500  3940.500     0.0000E+00
     527.500  3940.500     0.0000E+00
     528.500  3940.500     0.0000E+00
     529.500  3940.500     0.0000E+00
     530.500  3940.500     0.0000E+00
     531.500  3940.500     0.0000E+00
     532.500  3940.500     0.0000E+00
     533.500  3940.500     0.0000E+00
     534.500  3940.500     0.0000E+00
     535.500  3940.500     0.0000E+00
     536.500  3940.500     0.0000E+00
     537.500  3940.500     0.0000E+00
     538.500  3940.500     0.0000E+00
     539.500  3940.500     0.0000E+00
     540.500  3940.500     0.0000E+00
     541.500  3940.500     0.0000E+00
     542.500  3940.500     0.0000E+00
     543.500  3940.500     0.0000E+00
     544.500  3940.500     0.0000E+00
     495.500  3941.500     0.0000E+00
     496.500  3941.500     0.0000E+00
     497.500  3941.500     0.0000E+00
     498.500  3941.500     0.0000E+00
     499.500  3941.500     0.0000E+00
     500.500  3941.500     0.0000E+00
     501.500  3941.500     0.0000E+00
     502.500  3941.500     0.0000E+00
     503.500  3941.500     0.0000E+00
     504.500  3941.500     0.0000E+00
     505.500  3941.500     0.0000E+00
     506.500  3941.500     0.0000E+00
     507.500  3941.500     0.0000E+00
     508.500  3941.500     0.0000E+00
     509.500  3941.500     0.0000E+00
     510.500  3941.500     0.0000E+00
     511.500  3941.500     0.0000E+00
     512.500  3941.500     0.0000E+00
     513.500  3941.500     0.0000E+00
     514.500  3941.500     0.0000E+00
     515.500  3941.500     0.0000E+00
     516.500  3941.500     0.0000E+00
     517.500  3941.500     0.0000E+00
     518.500  3941.500     0.0000E+00
     519.500  3941.500     0.0000E+00
     520.500  3941.500     0.0000E+00
     521.500  3941.500     0.0000E+00
     522.500  3941.500     0.0000E+00
     523.500  3941.500     0.0000E+00
     524.500  3941.500     0.0000E+00
     525.500  3941.500     0.0000E+00
     526.500  3941.500     0.0000E+00
     527.500  3941.500     0.0000E+00
     528.500  3941.500     0.0000E+00
     529.500  3941.500     0.0000E+00
     530.500  3941.500     0.0000E+00
     531.500  3941.500     0.0000E+00
     532.500  3941.500     0.0000E+00
     533.500  3941.500     0.0000E+00
     534.500  3941.500     0.0000E+00
     535.500  3941.500     0.0000E+00
     536.500  3941.500     0.0000E+00
     537.500  3941.500     0.0000E+00
     538.500  3941.500     0.0000E+00
     539.500  3941.500     0.0000E+00
     540.500  3941.500     0.0000E+00
     541.500  3941.500     0.0000E+00
     542.500  3941.500     0.0000E+00
     543.500  3941.500     0.0000E+00
     544.500  3941.500     0.0000E+00
     495.500  3942.500     0.0000E+00
     496.500  3942.500     0.0000E+00
     497.500  3942.500     0.0000E+00
     498.500  3942.500     0.0000E+00
     499.500  3942.500     0.0000E+00
     500.500  3942.500     0.0000E+00
     501.500  3942.500     0.0000E+00
     502.500  3942.500     0.0000E+00
     503.500  3942.500     0.0000E+00
     504.500  3942.500     0.0000E+00
     505.500  3942.500     0.0000E+00
     506.500  3942.500     0.0000E+00
     507.500  3942.500     0.0000E+00
     508.500  3942.500     0.0000E+00
     509.500  3942.500     0.0000E+00
     510.500  3942.500     0.0000E+00
     511.500  3942.500     0.0000E+00
     512.500  3942.500     0.0000E+00
     513.500  3942.500     0.0000E+00
     514.500  3942.500     0.0000E+00
     515.500  3942.500     0.0000E+00
     516.500  3942.500     0.0000E+00
     517.500  3942.500     0.0000E+00
     518.500  3942.500     0.0000E+00
     519.500  3942.500     0.0000E+00
     520.500  3942.500     0.0000E+00
     521.500  3942.500     0.0000E+00
     522.500  3942.500     0.0000E+00
     523.500  3942.500     0.0000E+00
     524.500  3942.500     0.0000E+00
     525.500  3942.500     0.0000E+00
     526.500  3942.500     0.0000E+00
     527.500  3942.500     0.0000E+00
     528.500  3942.500     0.0000E+00
     529.500  3942.500     0.0000E+00
     530.500  3942.500     0.0000E+00
     531.500  3942.500     0.0000E+00
     532.500  3942.500     0.0000E+00
     533.500  3942.500     0.0000E+00
     534.500  3942.500     0.0000E+00
     535.500  3942.500     0.0000E+00
     536.500  3942.500     0.0000E+00
     537.500  3942.500     0.0000E+00
     538.500  3942.500     0.0000E+00
     539.500  3942.500     0.0000E+00
     540.500  3942.500     0.0000E+00
     541.500  3942.500     0.0000E+00
     542.500  3942.500     0.0000E+00
     543.500  3942.500     0.0000E+00
     544.500  3942.500     0.0000E+00
     495.500  3943.500     0.0000E+00
     496.500  3943.500     0.0000E+00
     497.500  3943.500     0.0000E+00
     498.500  3943.500     0.0000E+00
     499.500  3943.500     0.0000E+00
     500.500  3943.500     0.0000E+00
     501.500  3943.500     0.0000E+00
     502.500  3943.500     0.0000E+00
     503.500  3943.500     0.0000E+00
     504.500  3943.500     0.0000E+00
     505.500  3943.500     0.0000E+00
     506.500  3943.500     0.0000E+00
     507.500  3943.500     0.0000E+00
     508.500  3943.500     0.0000E+00
     509.500  3943.500     0.0000E+00
     510.500  3943.500     0.0000E+00
     511.500  3943.500     0.0000E+00
     512.500  3943.500     0.0000E+00
     513.500  3943.500     0.0000E+00
     514.500  3943.500     0.0000E+00
     515.500  3943.500     0.0000E+00
     516.500  3943.500     0.0000E+00
     517.500  3943.500     0.0000E+00
     518.500  3943.500     0.0000E+00
     519.500  3943.500     0.0000E+00
     520.500  3943.500     0.0000E+00
     521.500  3943.500     0.0000E+00
     522.500  3943.500     0.0000E+00
     523.500  3943.500     0.0000E+00
     524.500  3943.500     0.0000E+00
     525.500  3943.500     0.0000E+00
     526.500  3943.500     0.0000E+00
     527.500  3943.500     0.0000E+00
     528.500  3943.500     0.0000E+00
     529.500  3943.500     0.0000E+00
     530.500  3943.500     0.0000E+00
     531.500  3943.500     0.0000E+00
     532.500  3943.500     0.0000E+00
     533.500  3943.500     0.0000E+00
     534.500  3943.500     0.0000E+00
     535.500  3943.500     0.0000E+00
     536.500  3943.500     0.0000E+00
     537.500  3943.500     0.0000E+00
     538.500  3943.500     0.0000E+00
     539.500  3943.500     0.0000E+00
     540.500  3943.500     0.0000E+00
     541.500  3943.500     0.0000E+00
     542.500  3943.500     0.0000E+00
     543.500  3943.500     0.0000E+00
     544.500  3943.500     0.0000E+00
     495.500  3944.500     0.0000E+00
     496.500  3944.500     0.0000E+00
     497.500  3944.500     0.0000E+00
     498.500  3944.500     0.0000E+00
     499.500  3944.500     0.0000E+00
     500.500  3944.500     0.0000E+00
     501.500  3944.500     0.0000E+00
     502.500  3944.500     0.0000E+00
     503.500  3944.500     0.0000E+00
     504.500  3944.500     0.0000E+00
     505.500  3944.500     0.0000E+00
     506.500  3944.500     0.0000E+00
     507.500  3944.500     0.0000E+00
     508.500  3944.500     0.0000E+00
     509.500  3944.500     0.0000E+00
     510.500  3944.500     0.0000E+00
     511.500  3944.500     0.0000E+00
     512.500  3944.500     0.0000E+00
     513.500  3944.500     0.0000E+00
     514.500  3944.500     0.0000E+00
     515.500  3944.500     0.0000E+00
     516.500  3944.500     0.0000E+00
     517.500  3944.500     0.0000E+00
     518.500  3944.500     0.0000E+00
     519.500  3944.500     0.0000E+00
     520.500  3944.500     0.0000E+00
     521.500  3944.500     0.0000E+00
     522.500  3944.500     0.0000E+00
     523.500  3944.500     0.0000E+00
     524.500  3944.500     0.0000E+00
     525.500  3944.500     0.0000E+00
     526.500  3944.500     0.0000E+00
     527.500  3944.500     0.0000E+00
     528.500  3944.500     0.0000E+00
     529.500  3944.500     0.0000E+00
     530.500  3944.500     0.0000E+00
     531.500  3944.500     0.0000E+00
     532.500  3944.500     0.0000E+00
     533.500  3944.500     0.0000E+00
     534.500  3944.500     0.0000E+00
     535.500  3944.500     0.0000E+00
     536.500  3944.500     0.0000E+00
     537.500  3944.500     0.0000E+00
     538.500  3944.500     0.0000E+00
     539.500  3944.500     0.0000E+00
     540.500  3944.500     0.0000E+00
     541.500  3944.500     0.0000E+00
     542.500  3944.500     0.0000E+00
     543.500  3944.500     0.0000E+00
     544.500  3944.500     0.0000E+00
     495.500  3945.500     0.0000E+00
     496.500  3945.500     0.0000E+00
     497.500  3945.500     0.0000E+00
     498.500  3945.500     0.0000E+00
     499.500  3945.500     0.0000E+00
     500.500  3945.500     0.0000E+00
     501.500  3945.500     0.0000E+00
     502.500  3945.500     0.0000E+00
     503.500  3945.500     0.0000E+00
     504.500  3945.500     0.0000E+00
     505.500  3945.500     0.0000E+00
     506.500  3945.500     0.0000E+00
     507.500  3945.500     0.0000E+00
     508.500  3945.500     0.0000E+00
     509.500  3945.500     0.0000E+00
     510.500  3945.500     0.0000E+00
     511.500  3945.500     0.0000E+00
     512.500  3945.500     0.0000E+00
     513.500  3945.500     0.0000E+00
     514.500  3945.500     0.0000E+00
     515.500  3945.500     0.0000E+00
     516.500  3945.500     0.0000E+00
     517.500  3945.500     0.0000E+00
     518.500  3945.500     0.0000E+00
     519.500  3945.500     0.0000E+00
     520.500  3945.500     0.0000E+00
     521.500  3945.500     0.0000E+00
     522.500  3945.500     0.0000E+00
     523.500  3945.500     0.0000E+00
     524.500  3945.500     0.0000E+00
     525.500  3945.500     0.0000E+00
     526.500  3945.500     0.0000E+00
     527.500  3945.500     0.0000E+00
     528.500  3945.500     0.0000E+00
     529.500  3945.500     0.0000E+00
     530.500  3945.500     0.0000E+00
     531.500  3945.500     0.0000E+00
     532.500  3945.500     0.0000E+00
     533.500  3945.500     0.0000E+00
     534.500  3945.500     0.0000E+00
     535.500  3945.500     0.0000E+00
     536.500  3945.500     0.0000E+00
     537.500  3945.500     0.0000E+00
     538.500  3945.500     0.0000E+00
     539.500  3945.500     0.0000E+00
     540.500  3945.500     0.0000E+00
     541.500  3945.500     0.0000E+00
     542.500  3945.500     0.0000E+00
     543.500  3945.500     0.0000E+00
     544.500  3945.500     0.0000E+00
     495.500  3946.500     0.0000E+00
     496.500  3946.500     0.0000E+00
     497.500  3946.500     0.0000E+00
     498.500  3946.500     0.0000E+00
     499.500  3946.500     0.0000E+00
     500.500  3946.500     0.0000E+00
     501.500  3946.500     0.0000E+00
     502.500  3946.500     0.0000E+00
     503.500  3946.500     0.0000E+00
     504.500  3946.500     0.0000E+00
     505.500  3946.500     0.0000E+00
     506.500  3946.500     0.0000E+00
     507.500  3946.500     0.0000E+00
     508.500  3946.500     0.0000E+00
     509.500  3946.500     0.0000E+00
     510.500  3946.500     0.0000E+00
     511.500  3946.500     0.0000E+00
     512.500  3946.500     0.0000E+00
     513.500  3946.500     0.0000E+00
     514.500  3946.500     0.0000E+00
     515.500  3946.500     0.0000E+00
     516.500  3946.500     0.0000E+00
     517.500  3946.500     0.0000E+00
     518.500  3946.500     0.0000E+00
     519.500  3946.500     0.0000E+00
     520.500  3946.500     0.0000E+00
     521.500  3946.500     0.0000E+00
     522.500  3946.500     0.0000E+00
     523.500  3946.500     0.0000E+00
     524.500  3946.500     0.0000E+00
     525.500  3946.500     0.0000E+00
     526.500  3946.500     0.0000E+00
     527.500  3946.500     0.0000E+00
     528.500  3946.500     0.0000E+00
     529.500  3946.500     0.0000E+00
     530.500  3946.500     0.0000E+00
     531.500  3946.500     0.0000E+00
     532.500  3946.500     0.0000E+00
     533.500  3946.500     0.0000E+00
     534.500  3946.500     0.0000E+00
     535.500  3946.500     0.0000E+00
     536.500  3946.500     0.0000E+00
     537.500  3946.500     0.0000E+00
     538.500  3946.500     0.0000E+00
     539.500  3946.500     0.0000E+00
     540.500  3946.500     0.0000E+00
     541.500  3946.500     0.0000E+00
     542.500  3946.500     0.0000E+00
     543.500  3946.500     0.0000E+00
     544.500  3946.500     0.0000E+00
     495.500  3947.500     0.0000E+00
     496.500  3947.500     0.0000E+00
     497.500  3947.500     0.0000E+00
     498.500  3947.500     0.0000E+00
     499.500  3947.500     0.0000E+00
     500.500  3947.500     0.0000E+00
     501.500  3947.500     0.0000E+00
     502.500  3947.500     0.0000E+00
     503.500  3947.500     0.0000E+00
     504.500  3947.500     0.0000E+00
     505.500  3947.500     0.0000E+00
     506.500  3947.500     0.0000E+00
     507.500  3947.500     0.0000E+00
     508.500  3947.500     0.0000E+00
     509.500  3947.500     0.0000E+00
     510.500  3947.500     0.0000E+00
     511.500  3947.500     0.0000E+00
     512.500  3947.500     0.0000E+00
     513.500  3947.500     0.0000E+00
     514.500  3947.500     0.0000E+00
     515.500  3947.500     0.0000E+00
     516.500  3947.500     0.0000E+00
     517.500  3947.500     0.0000E+00
     518.500  3947.500     0.0000E+00
     519.500  3947.500     0.0000E+00
     520.500  3947.500     0.0000E+00
     521.500  3947.500     0.0000E+00
     522.500  3947.500     0.0000E+00
     523.500  3947.500     0.0000E+00
     524.500  3947.500     0.0000E+00
     525.500  3947.500     0.0000E+00
     526.500  3947.500     0.0000E+00
     527.500  3947.500     0.0000E+00
     528.500  3947.500     0.0000E+00
     529.500  3947.500     0.0000E+00
     530.500  3947.500     0.0000E+00
     531.500  3947.500     0.0000E+00
     532.500  3947.500     0.0000E+00
     533.500  3947.500     0.0000E+00
     534.500  3947.500     0.0000E+00
     535.500  3947.500     0.0000E+00
     536.500  3947.500     0.0000E+00
     537.500  3947.500     0.0000E+00
     538.500  3947.500     0.0000E+00
     539.500  3947.500     0.0000E+00
     540.500  3947.500     0.0000E+00
     541.500  3947.500     0.0000E+00
     542.500  3947.500     0.0000E+00
     543.500  3947.500     0.0000E+00
     544.500  3947.500     0.0000E+00
     495.500  3948.500     0.0000E+00
     496.500  3948.500     0.0000E+00
     497.500  3948.500     0.0000E+00
     498.500  3948.500     0.0000E+00
     499.500  3948.500     0.0000E+00
     500.500  3948.500     0.0000E+00
     501.500  3948.500     0.0000E+00
     502.500  3948.500     0.0000E+00
     503.500  3948.500     0.0000E+00
     504.500  3948.500     0.0000E+00
     505.500  3948.500     0.0000E+00
     506.500  3948.500     0.0000E+00
     507.500  3948.500     0.0000E+00
     508.500  3948.500     0.0000E+00
     509.500  3948.500     0.0000E+00
     510.500  3948.500     0.0000E+00
     511.500  3948.500     0.0000E+00
     512.500  3948.500     0.0000E+00
     513.500  3948.500     0.0000E+00
     514.500  3948.500     0.0000E+00
     515.500  3948.500     0.0000E+00
     516.500  3948.500     0.0000E+00
     517.500  3948.500     0.0000E+00
     518.500  3948.500     0.0000E+00
     519.500  3948.500     0.0000E+00
     520.500  3948.500     0.0000E+00
     521.500  3948.500     0.0000E+00
     522.500  3948.500     0.0000E+00
     523.500  3948.500     0.0000E+00
     524.500  3948.500     0.0000E+00
     525.500  3948.500     0.0000E+00
     526.500  3948.500     0.0000E+00
     527.500  3948.500     0.0000E+00
     528.500  3948.500     0.0000E+00
     529.500  3948.500     0.0000E+00
     530.500  3948.500     0.0000E+00
     531.500  3948.500     0.0000E+00
     532.500  3948.500     0.0000E+00
     533.500  3948.500     0.0000E+00
     534.500  3948.500     0.0000E+00
     535.500  3948.500     0.0000E+00
     536.500  3948.500     0.0000E+00
     537.500  3948.500     0.0000E+00
     538.500  3948.500     0.0000E+00
     539.500  3948.500     0.0000E+00
     540.500  3948.500     0.0000E+00
     541.500  3948.500     0.0000E+00
     542.500  3948.500     0.0000E+00
     543.500  3948.500     0.0000E+00
     544.500  3948.500     0.0000E+00
     495.500  3949.500     0.0000E+00
     496.500  3949.500     0.0000E+00
     497.500  3949.500     0.0000E+00
     498.500  3949.500     0.0000E+00
     499.500  3949.500     0.0000E+00
     500.500  3949.500     0.0000E+00
     501.500  3949.500     0.0000E+00
     502.500  3949.500     0.0000E+00
     503.500  3949.500     0.0000E+00
     504.500  3949.500     0.0000E+00
     505.500  3949.500     0.0000E+00
     506.500  3949.500     0.0000E+00
     507.500  3949.500     0.0000E+00
     508.500  3949.500     0.0000E+00
     509.500  3949.500     0.0000E+00
     510.500  3949.500     0.0000E+00
     511.500  3949.500     0.0000E+00
     512.500  3949.500     0.0000E+00
     513.500  3949.500     0.0000E+00
     514.500  3949.500     0.0000E+00
     515.500  3949.500     0.0000E+00
     516.500  3949.500     0.0000E+00
     517.500  3949.500     0.0000E+00
     518.500  3949.500     0.0000E+00
     519.500  3949.500     0.0000E+00
     520.500  3949.500     0.0000E+00
     521.500  3949.500     0.0000E+00
     522.500  3949.500     0.0000E+00
     523.500  3949.500     0.0000E+00
     524.500  3949.500     0.0000E+00
     525.500  3949.500     0.0000E+00
     526.500  3949.500     0.0000E+00
     527.500  3949.500     0.0000E+00
     528.500  3949.500     0.0000E+00
     529.500  3949.500     0.0000E+00
     530.500  3949.500     0.0000E+00
     531.500  3949.500     0.0000E+00
     532.500  3949.500     0.0000E+00
     533.500  3949.500     0.0000E+00
     534.500  3949.500     0.0000E+00
     535.500  3949.500     0.0000E+00
     536.500  3949.500     0.0000E+00
     537.500  3949.500     0.0000E+00
     538.500  3949.500     0.0000E+00
     539.500  3949.500     0.0000E+00
     540.500  3949.500     0.0000E+00
     541.500  3949.500     0.0000E+00
     542.500  3949.500     0.0000E+00
     543.500  3949.500     0.0000E+00
     544.500  3949.500     0.0000E+00
     495.500  3950.500     0.0000E+00
     496.500  3950.500     0.0000E+00
     497.500  3950.500     0.0000E+00
     498.500  3950.500     0.0000E+00
     499.500  3950.500     0.0000E+00
     500.500  3950.500     0.0000E+00
     501.500  3950.500     0.0000E+00
     502.500  3950.500     0.0000E+00
     503.500  3950.500     0.0000E+00
     504.500  3950.500     0.0000E+00
     505.500  3950.500     0.0000E+00
     506.500  3950.500     0.0000E+00
     507.500  3950.500     0.0000E+00
     508.500  3950.500     0.0000E+00
     509.500  3950.500     0.0000E+00
     510.500  3950.500     0.0000E+00
     511.500  3950.500     0.0000E+00
     512.500  3950.500     0.0000E+00
     513.500  3950.500     0.0000E+00
     514.500  3950.500     0.0000E+00
     515.500  3950.500     0.0000E+00
     516.500  3950.500     0.0000E+00
     517.500  3950.500     0.0000E+00
     518.500  3950.500     0.0000E+00
     519.500  3950.500     0.0000E+00
     520.500  3950.500     0.0000E+00
     521.500  3950.500     0.0000E+00
     522.500  3950.500     0.0000E+00
     523.500  3950.500     0.0000E+00
     524.500  3950.500     0.0000E+00
     525.500  3950.500     0.0000E+00
     526.500  3950.500     0.0000E+00
     527.500  3950.500     0.0000E+00
     528.500  3950.500     0.0000E+00
     529.500  3950.500     0.0000E+00
     530.500  3950.500     0.0000E+00
     531.500  3950.500     0.0000E+00
     532.500  3950.500     0.0000E+00
     533.500  3950.500     0.0000E+00
     534.500  3950.500     0.0000E+00
     535.500  3950.500     0.0000E+00
     536.500  3950.500     0.0000E+00
     537.500  3950.500     0.0000E+00
     538.500  3950.500     0.0000E+00
     539.500  3950.500     0.0000E+00
     540.500  3950.500     0.0000E+00
     541.500  3950.500     0.0000E+00
     542.500  3950.500     0.0000E+00
     543.500  3950.500     0.0000E+00
     544.500  3950.500     0.0000E+00
     495.500  3951.500     0.0000E+00
     496.500  3951.500     0.0000E+00
     497.500  3951.500     0.0000E+00
     498.500  3951.500     0.0000E+00
     499.500  3951.500     0.0000E+00
     500.500  3951.500     0.0000E+00
     501.500  3951.500     0.0000E+00
     502.500  3951.500     0.0000E+00
     503.500  3951.500     0.0000E+00
     504.500  3951.500     0.0000E+00
     505.500  3951.500     0.0000E+00
     506.500  3951.500     0.0000E+00
     507.500  3951.500     0.0000E+00
     508.500  3951.500     0.0000E+00
     509.500  3951.500     0.0000E+00
     510.500  3951.500     0.0000E+00
     511.500  3951.500     0.0000E+00
     512.500  3951.500     0.0000E+00
     513.500  3951.500     0.0000E+00
     514.500  3951.500     0.0000E+00
     515.500  3951.500     0.0000E+00
     516.500  3951.500     0.0000E+00
     517.500  3951.500     0.0000E+00
     518.500  3951.500     0.0000E+00
     519.500  3951.500     0.0000E+00
     520.500  3951.500     0.0000E+00
     521.500  3951.500     0.0000E+00
     522.500  3951.500     0.0000E+00
     523.500  3951.500     0.0000E+00
     524.500  3951.500     0.0000E+00
     525.500  3951.500     0.0000E+00
     526.500  3951.500     0.0000E+00
     527.500  3951.500     0.0000E+00
     528.500  3951.500     0.0000E+00
     529.500  3951.500     0.0000E+00
     530.500  3951.500     0.0000E+00
     531.500  3951.500     0.0000E+00
     532.500  3951.500     0.0000E+00
     533.500  3951.500     0.0000E+00
     534.500  3951.500     0.0000E+00
     535.500  3951.500     0.0000E+00
     536.500  3951.500     0.0000E+00
     537.500  3951.500     0.0000E+00
     538.500  3951.500     0.0000E+00
     539.500  3951.500     0.0000E+00
     540.500  3951.500     0.0000E+00
     541.500  3951.500     0.0000E+00
     542.500  3951.500     0.0000E+00
     543.500  3951.500     0.0000E+00
     544.500  3951.500     0.0000E+00
     495.500  3952.500     0.0000E+00
     496.500  3952.500     0.0000E+00
     497.500  3952.500     0.0000E+00
     498.500  3952.500     0.0000E+00
     499.500  3952.500     0.0000E+00
     500.500  3952.500     0.0000E+00
     501.500  3952.500     0.0000E+00
     502.500  3952.500     0.0000E+00
     503.500  3952.500     0.0000E+00
     504.500  3952.500     0.0000E+00
     505.500  3952.500     0.0000E+00
     506.500  3952.500     0.0000E+00
     507.500  3952.500     0.0000E+00
     508.500  3952.500     0.0000E+00
     509.500  3952.500     0.0000E+00
     510.500  3952.500     0.0000E+00
     511.500  3952.500     0.0000E+00
     512.500  3952.500     0.0000E+00
     513.500  3952.500     0.0000E+00
     514.500  3952.500     0.0000E+00
     515.500  3952.500     0.0000E+00
     516.500  3952.500     0.0000E+00
     517.500  3952.500     0.0000E+00
     518.500  3952.500     0.0000E+00
     519.500  3952.500     0.0000E+00
     520.500  3952.500     0.0000E+00
     521.500  3952.500     0.0000E+00
     522.500  3952.500     0.0000E+00
     523.500  3952.500     0.0000E+00
     524.500  3952.500     0.0000E+00
     525.500  3952.500     0.0000E+00
     526.500  3952.500     0.0000E+00
     527.500  3952.500     0.0000E+00
     528.500  3952.500     0.0000E+00
     529.500  3952.500     0.0000E+00
     530.500  3952.500     0.0000E+00
     531.500  3952.500     0.0000E+00
     532.500  3952.500     0.0000E+00
     533.500  3952.500     0.0000E+00
     534.500  3952.500     0.0000E+00
     535.500  3952.500     0.0000E+00
     536.500  3952.500     0.0000E+00
     537.500  3952.500     0.0000E+00
     538.500  3952.500     0.0000E+00
     539.500  3952.500     0.0000E+00
     540.500  3952.500     0.0000E+00
     541.500  3952.500     0.0000E+00
     542.500  3952.500     0.0000E+00
     543.500  3952.500     0.0000E+00
     544.500  3952.500     0.0000E+00
     495.500  3953.500     0.0000E+00
     496.500  3953.500     0.0000E+00
     497.500  3953.500     0.0000E+00
     498.500  3953.500     0.0000E+00
     499.500  3953.500     0.0000E+00
     500.500  3953.500     0.0000E+00
     501.500  3953.500     0.0000E+00
     502.500  3953.500     0.0000E+00
     503.500  3953.500     0.0000E+00
     504.500  3953.500     0.0000E+00
     505.500  3953.500     0.0000E+00
     506.500  3953.500     0.0000E+00
     507.500  3953.500     0.0000E+00
     508.500  3953.500     0.0000E+00
     509.500  3953.500     0.0000E+00
     510.500  3953.500     0.0000E+00
     511.500  3953.500     0.0000E+00
     512.500  3953.500     0.0000E+00
     513.500  3953.500     0.0000E+00
     514.500  3953.500     0.0000E+00
     515.500  3953.500     0.0000E+00
     516.500  3953.500     0.0000E+00
     517.500  3953.500     0.0000E+00
     518.500  3953.500     0.0000E+00
     519.500  3953.500     0.0000E+00
     520.500  3953.500     0.0000E+00
     521.500  3953.500     0.0000E+00
     522.500  3953.500     0.0000E+00
     523.500  3953.500     0.0000E+00
     524.500  3953.500     0.0000E+00
     525.500  3953.500     0.0000E+00
     526.500  3953.500     0.0000E+00
     527.500  3953.500     0.0000E+00
     528.500  3953.500     0.0000E+00
     529.500  3953.500     0.0000E+00
     530.500  3953.500     0.0000E+00
     531.500  3953.500     0.0000E+00
     532.500  3953.500     0.0000E+00
     533.500  3953.500     0.0000E+00
     534.500  3953.500     0.0000E+00
     535.500  3953.500     0.0000E+00
     536.500  3953.500     0.0000E+00
     537.500  3953.500     0.0000E+00
     538.500  3953.500     0.0000E+00
     539.500  3953.500     0.0000E+00
     540.500  3953.500     0.0000E+00
     541.500  3953.500     0.0000E+00
     542.500  3953.500     0.0000E+00
     543.500  3953.500     0.0000E+00
     544.500  3953.500     0.0000E+00
     495.500  3954.500     0.0000E+00
     496.500  3954.500     0.0000E+00
     497.500  3954.500     0.0000E+00
     498.500  3954.500     0.0000E+00
     499.500  3954.500     0.0000E+00
     500.500  3954.500     0.0000E+00
     501.500  3954.500     0.0000E+00
     502.500  3954.500     0.0000E+00
     503.500  3954.500     0.0000E+00
     504.500  3954.500     0.0000E+00
     505.500  3954.500     0.0000E+00
     506.500  3954.500     0.0000E+00
     507.500  3954.500     0.0000E+00
     508.500  3954.500     0.0000E+00
     509.500  3954.500     0.0000E+00
     510.500  3954.500     0.0000E+00
     511.500  3954.500     0.0000E+00
     512.500  3954.500     0.0000E+00
     513.500  3954.500     0.0000E+00
     514.500  3954.500     0.0000E+00
     515.500  3954.500     0.0000E+00
     516.500  3954.500     0.0000E+00
     517.500  3954.500     0.0000E+00
     518.500  3954.500     0.0000E+00
     519.500  3954.500     0.0000E+00
     520.500  3954.500     0.0000E+00
     521.500  3954.500     0.0000E+00
     522.500  3954.500     0.0000E+00
     523.500  3954.500     0.0000E+00
     524.500  3954.500     0.0000E+00
     525.500  3954.500     0.0000E+00
     526.500  3954.500     0.0000E+00
     527.500  3954.500     0.0000E+00
     528.500  3954.500     0.0000E+00
     529.500  3954.500     0.0000E+00
     530.500  3954.500     0.0000E+00
     531.500  3954.500     0.0000E+00
     532.500  3954.500     0.0000E+00
     533.500  3954.500     0.0000E+00
     534.500  3954.500     0.0000E+00
     535.500  3954.500     0.0000E+00
     536.500  3954.500     0.0000E+00
     537.500  3954.500     0.0000E+00
     538.500  3954.500     0.0000E+00
     539.500  3954.500     0.0000E+00
     540.500  3954.500     0.0000E+00
     541.500  3954.500     0.0000E+00
     542.500  3954.500     0.0000E+00
     543.500  3954.500     0.0000E+00
     544.500  3954.500     0.0000E+00
     523.642  3934.174     0.0000E+00
     533.661  3935.153     0.0000E+00
     534.934  3933.278     0.0000E+00
     537.941  3928.923     0.0000E+00
     539.209  3926.428     0.0000E+00
     530.687  3933.234     0.0000E+00
     528.743  3936.682     0.0000E+00
     529.379  3937.549     0.0000E+00
     527.900  3932.391     0.0000E+00
     529.626  3931.465     4.8866E-03
     530.937  3931.355     2.4353E-02
     534.513  3928.843     6.8834E-03
     530.716  3928.240     1.2075E+00
     527.755  3927.782     2.8296E-01
     530.426  3921.802     1.5890E-01
     528.551  3921.285     1.7461E-01
     529.374  3937.537     0.0000E+00
