        1   HOUR AVERAGE  CONCENTRATION VALUES AT EACH RECEPTOR  (ug/m**3)    

                   PM2.5         1

     RECEPTOR (x,y) km      VALUE
 
     495.500  3905.500     1.7791E-02
     496.500  3905.500     1.9560E-02
     497.500  3905.500     2.0266E-02
     498.500  3905.500     1.9862E-02
     499.500  3905.500     1.8479E-02
     500.500  3905.500     1.6273E-02
     501.500  3905.500     1.3633E-02
     502.500  3905.500     1.0819E-02
     503.500  3905.500     8.1773E-03
     504.500  3905.500     6.0318E-03
     505.500  3905.500     4.3458E-03
     506.500  3905.500     3.0108E-03
     507.500  3905.500     2.0055E-03
     508.500  3905.500     1.2341E-03
     509.500  3905.500     6.8131E-04
     510.500  3905.500     2.8925E-04
     511.500  3905.500     1.2873E-04
     512.500  3905.500     6.4597E-05
     513.500  3905.500     2.1187E-05
     514.500  3905.500     0.0000E+00
     515.500  3905.500     0.0000E+00
     516.500  3905.500     0.0000E+00
     517.500  3905.500     0.0000E+00
     518.500  3905.500     0.0000E+00
     519.500  3905.500     0.0000E+00
     520.500  3905.500     0.0000E+00
     521.500  3905.500     0.0000E+00
     522.500  3905.500     0.0000E+00
     523.500  3905.500     0.0000E+00
     524.500  3905.500     0.0000E+00
     525.500  3905.500     0.0000E+00
     526.500  3905.500     0.0000E+00
     527.500  3905.500     0.0000E+00
     528.500  3905.500     0.0000E+00
     529.500  3905.500     0.0000E+00
     530.500  3905.500     0.0000E+00
     531.500  3905.500     0.0000E+00
     532.500  3905.500     0.0000E+00
     533.500  3905.500     0.0000E+00
     534.500  3905.500     0.0000E+00
     535.500  3905.500     0.0000E+00
     536.500  3905.500     0.0000E+00
     537.500  3905.500     0.0000E+00
     538.500  3905.500     0.0000E+00
     539.500  3905.500     0.0000E+00
     540.500  3905.500     0.0000E+00
     541.500  3905.500     0.0000E+00
     542.500  3905.500     0.0000E+00
     543.500  3905.500     0.0000E+00
     544.500  3905.500     0.0000E+00
     495.500  3906.500     2.5984E-02
     496.500  3906.500     2.8660E-02
     497.500  3906.500     2.9858E-02
     498.500  3906.500     2.9432E-02
     499.500  3906.500     2.7506E-02
     500.500  3906.500     2.4698E-02
     501.500  3906.500     2.1380E-02
     502.500  3906.500     1.7791E-02
     503.500  3906.500     1.4143E-02
     504.500  3906.500     1.0793E-02
     505.500  3906.500     8.0688E-03
     506.500  3906.500     5.9879E-03
     507.500  3906.500     4.2863E-03
     508.500  3906.500     2.9448E-03
     509.500  3906.500     1.9033E-03
     510.500  3906.500     1.1286E-03
     511.500  3906.500     5.5788E-04
     512.500  3906.500     2.1566E-04
     513.500  3906.500     1.1084E-04
     514.500  3906.500     4.6715E-05
     515.500  3906.500     8.1931E-06
     516.500  3906.500     0.0000E+00
     517.500  3906.500     0.0000E+00
     518.500  3906.500     0.0000E+00
     519.500  3906.500     0.0000E+00
     520.500  3906.500     0.0000E+00
     521.500  3906.500     0.0000E+00
     522.500  3906.500     0.0000E+00
     523.500  3906.500     0.0000E+00
     524.500  3906.500     0.0000E+00
     525.500  3906.500     0.0000E+00
     526.500  3906.500     0.0000E+00
     527.500  3906.500     0.0000E+00
     528.500  3906.500     0.0000E+00
     529.500  3906.500     0.0000E+00
     530.500  3906.500     0.0000E+00
     531.500  3906.500     0.0000E+00
     532.500  3906.500     0.0000E+00
     533.500  3906.500     0.0000E+00
     534.500  3906.500     0.0000E+00
     535.500  3906.500     0.0000E+00
     536.500  3906.500     0.0000E+00
     537.500  3906.500     0.0000E+00
     538.500  3906.500     0.0000E+00
     539.500  3906.500     0.0000E+00
     540.500  3906.500     0.0000E+00
     541.500  3906.500     0.0000E+00
     542.500  3906.500     0.0000E+00
     543.500  3906.500     0.0000E+00
     544.500  3906.500     0.0000E+00
     495.500  3907.500     3.6668E-02
     496.500  3907.500     4.0659E-02
     497.500  3907.500     4.2654E-02
     498.500  3907.500     4.2539E-02
     499.500  3907.500     4.0107E-02
     500.500  3907.500     3.6091E-02
     501.500  3907.500     3.1427E-02
     502.500  3907.500     2.6973E-02
     503.500  3907.500     2.2488E-02
     504.500  3907.500     1.8064E-02
     505.500  3907.500     1.4063E-02
     506.500  3907.500     1.0766E-02
     507.500  3907.500     8.2291E-03
     508.500  3907.500     6.0745E-03
     509.500  3907.500     4.3021E-03
     510.500  3907.500     2.8912E-03
     511.500  3907.500     1.7907E-03
     512.500  3907.500     9.8465E-04
     513.500  3907.500     4.2659E-04
     514.500  3907.500     1.8596E-04
     515.500  3907.500     8.7253E-05
     516.500  3907.500     2.4641E-05
     517.500  3907.500     0.0000E+00
     518.500  3907.500     0.0000E+00
     519.500  3907.500     0.0000E+00
     520.500  3907.500     0.0000E+00
     521.500  3907.500     0.0000E+00
     522.500  3907.500     0.0000E+00
     523.500  3907.500     0.0000E+00
     524.500  3907.500     0.0000E+00
     525.500  3907.500     0.0000E+00
     526.500  3907.500     0.0000E+00
     527.500  3907.500     0.0000E+00
     528.500  3907.500     0.0000E+00
     529.500  3907.500     0.0000E+00
     530.500  3907.500     0.0000E+00
     531.500  3907.500     0.0000E+00
     532.500  3907.500     0.0000E+00
     533.500  3907.500     0.0000E+00
     534.500  3907.500     0.0000E+00
     535.500  3907.500     0.0000E+00
     536.500  3907.500     0.0000E+00
     537.500  3907.500     0.0000E+00
     538.500  3907.500     0.0000E+00
     539.500  3907.500     0.0000E+00
     540.500  3907.500     0.0000E+00
     541.500  3907.500     0.0000E+00
     542.500  3907.500     0.0000E+00
     543.500  3907.500     0.0000E+00
     544.500  3907.500     0.0000E+00
     495.500  3908.500     5.0602E-02
     496.500  3908.500     5.6243E-02
     497.500  3908.500     5.9456E-02
     498.500  3908.500     5.9500E-02
     499.500  3908.500     5.6845E-02
     500.500  3908.500     5.1855E-02
     501.500  3908.500     4.5360E-02
     502.500  3908.500     3.8839E-02
     503.500  3908.500     3.3027E-02
     504.500  3908.500     2.7632E-02
     505.500  3908.500     2.2506E-02
     506.500  3908.500     1.7952E-02
     507.500  3908.500     1.4160E-02
     508.500  3908.500     1.1164E-02
     509.500  3908.500     8.5485E-03
     510.500  3908.500     6.2421E-03
     511.500  3908.500     4.3185E-03
     512.500  3908.500     2.7744E-03
     513.500  3908.500     1.6001E-03
     514.500  3908.500     7.7792E-04
     515.500  3908.500     3.0062E-04
     516.500  3908.500     1.5453E-04
     517.500  3908.500     5.6053E-05
     518.500  3908.500     8.4070E-06
     519.500  3908.500     0.0000E+00
     520.500  3908.500     0.0000E+00
     521.500  3908.500     0.0000E+00
     522.500  3908.500     0.0000E+00
     523.500  3908.500     0.0000E+00
     524.500  3908.500     0.0000E+00
     525.500  3908.500     0.0000E+00
     526.500  3908.500     0.0000E+00
     527.500  3908.500     0.0000E+00
     528.500  3908.500     0.0000E+00
     529.500  3908.500     0.0000E+00
     530.500  3908.500     0.0000E+00
     531.500  3908.500     0.0000E+00
     532.500  3908.500     0.0000E+00
     533.500  3908.500     0.0000E+00
     534.500  3908.500     0.0000E+00
     535.500  3908.500     0.0000E+00
     536.500  3908.500     0.0000E+00
     537.500  3908.500     0.0000E+00
     538.500  3908.500     0.0000E+00
     539.500  3908.500     0.0000E+00
     540.500  3908.500     0.0000E+00
     541.500  3908.500     0.0000E+00
     542.500  3908.500     0.0000E+00
     543.500  3908.500     0.0000E+00
     544.500  3908.500     0.0000E+00
     495.500  3909.500     6.8457E-02
     496.500  3909.500     7.6408E-02
     497.500  3909.500     8.1043E-02
     498.500  3909.500     8.1707E-02
     499.500  3909.500     7.8458E-02
     500.500  3909.500     7.2205E-02
     501.500  3909.500     6.4169E-02
     502.500  3909.500     5.5184E-02
     503.500  3909.500     4.6475E-02
     504.500  3909.500     3.9164E-02
     505.500  3909.500     3.2966E-02
     506.500  3909.500     2.7423E-02
     507.500  3909.500     2.2379E-02
     508.500  3909.500     1.8276E-02
     509.500  3909.500     1.4890E-02
     510.500  3909.500     1.1831E-02
     511.500  3909.500     8.9330E-03
     512.500  3909.500     6.3711E-03
     513.500  3909.500     4.2270E-03
     514.500  3909.500     2.5502E-03
     515.500  3909.500     1.3248E-03
     516.500  3909.500     5.7248E-04
     517.500  3909.500     2.6922E-04
     518.500  3909.500     1.1839E-04
     519.500  3909.500     2.9518E-05
     520.500  3909.500     0.0000E+00
     521.500  3909.500     0.0000E+00
     522.500  3909.500     0.0000E+00
     523.500  3909.500     0.0000E+00
     524.500  3909.500     0.0000E+00
     525.500  3909.500     0.0000E+00
     526.500  3909.500     0.0000E+00
     527.500  3909.500     0.0000E+00
     528.500  3909.500     0.0000E+00
     529.500  3909.500     0.0000E+00
     530.500  3909.500     0.0000E+00
     531.500  3909.500     0.0000E+00
     532.500  3909.500     0.0000E+00
     533.500  3909.500     0.0000E+00
     534.500  3909.500     0.0000E+00
     535.500  3909.500     0.0000E+00
     536.500  3909.500     0.0000E+00
     537.500  3909.500     0.0000E+00
     538.500  3909.500     0.0000E+00
     539.500  3909.500     0.0000E+00
     540.500  3909.500     0.0000E+00
     541.500  3909.500     0.0000E+00
     542.500  3909.500     0.0000E+00
     543.500  3909.500     0.0000E+00
     544.500  3909.500     0.0000E+00
     495.500  3910.500     9.0614E-02
     496.500  3910.500     1.0189E-01
     497.500  3910.500     1.0870E-01
     498.500  3910.500     1.1027E-01
     499.500  3910.500     1.0655E-01
     500.500  3910.500     9.8542E-02
     501.500  3910.500     8.8113E-02
     502.500  3910.500     7.6677E-02
     503.500  3910.500     6.4855E-02
     504.500  3910.500     5.3901E-02
     505.500  3910.500     4.5067E-02
     506.500  3910.500     3.8279E-02
     507.500  3910.500     3.2496E-02
     508.500  3910.500     2.7298E-02
     509.500  3910.500     2.3037E-02
     510.500  3910.500     1.9474E-02
     511.500  3910.500     1.6050E-02
     512.500  3910.500     1.2593E-02
     513.500  3910.500     9.2789E-03
     514.500  3910.500     6.3778E-03
     515.500  3910.500     3.9920E-03
     516.500  3910.500     2.2493E-03
     517.500  3910.500     1.0605E-03
     518.500  3910.500     4.7751E-04
     519.500  3910.500     2.2962E-04
     520.500  3910.500     7.8358E-05
     521.500  3910.500     8.9650E-06
     522.500  3910.500     0.0000E+00
     523.500  3910.500     0.0000E+00
     524.500  3910.500     0.0000E+00
     525.500  3910.500     0.0000E+00
     526.500  3910.500     0.0000E+00
     527.500  3910.500     0.0000E+00
     528.500  3910.500     0.0000E+00
     529.500  3910.500     0.0000E+00
     530.500  3910.500     0.0000E+00
     531.500  3910.500     0.0000E+00
     532.500  3910.500     0.0000E+00
     533.500  3910.500     0.0000E+00
     534.500  3910.500     0.0000E+00
     535.500  3910.500     0.0000E+00
     536.500  3910.500     0.0000E+00
     537.500  3910.500     0.0000E+00
     538.500  3910.500     0.0000E+00
     539.500  3910.500     0.0000E+00
     540.500  3910.500     0.0000E+00
     541.500  3910.500     0.0000E+00
     542.500  3910.500     0.0000E+00
     543.500  3910.500     0.0000E+00
     544.500  3910.500     0.0000E+00
     495.500  3911.500     1.1723E-01
     496.500  3911.500     1.3274E-01
     497.500  3911.500     1.4285E-01
     498.500  3911.500     1.4613E-01
     499.500  3911.500     1.4224E-01
     500.500  3911.500     1.3262E-01
     501.500  3911.500     1.1929E-01
     502.500  3911.500     1.0427E-01
     503.500  3911.500     8.8862E-02
     504.500  3911.500     7.4150E-02
     505.500  3911.500     6.0811E-02
     506.500  3911.500     5.0555E-02
     507.500  3911.500     4.3253E-02
     508.500  3911.500     3.7387E-02
     509.500  3911.500     3.2370E-02
     510.500  3911.500     2.8283E-02
     511.500  3911.500     2.4794E-02
     512.500  3911.500     2.1268E-02
     513.500  3911.500     1.7410E-02
     514.500  3911.500     1.3361E-02
     515.500  3911.500     9.5815E-03
     516.500  3911.500     6.3004E-03
     517.500  3911.500     3.7585E-03
     518.500  3911.500     1.9356E-03
     519.500  3911.500     9.3165E-04
     520.500  3911.500     4.5999E-04
     521.500  3911.500     1.8861E-04
     522.500  3911.500     3.8402E-05
     523.500  3911.500     0.0000E+00
     524.500  3911.500     0.0000E+00
     525.500  3911.500     0.0000E+00
     526.500  3911.500     0.0000E+00
     527.500  3911.500     0.0000E+00
     528.500  3911.500     0.0000E+00
     529.500  3911.500     0.0000E+00
     530.500  3911.500     0.0000E+00
     531.500  3911.500     0.0000E+00
     532.500  3911.500     0.0000E+00
     533.500  3911.500     0.0000E+00
     534.500  3911.500     0.0000E+00
     535.500  3911.500     0.0000E+00
     536.500  3911.500     0.0000E+00
     537.500  3911.500     0.0000E+00
     538.500  3911.500     0.0000E+00
     539.500  3911.500     0.0000E+00
     540.500  3911.500     0.0000E+00
     541.500  3911.500     0.0000E+00
     542.500  3911.500     0.0000E+00
     543.500  3911.500     0.0000E+00
     544.500  3911.500     0.0000E+00
     495.500  3912.500     1.4670E-01
     496.500  3912.500     1.6785E-01
     497.500  3912.500     1.8267E-01
     498.500  3912.500     1.8889E-01
     499.500  3912.500     1.8607E-01
     500.500  3912.500     1.7547E-01
     501.500  3912.500     1.5945E-01
     502.500  3912.500     1.4025E-01
     503.500  3912.500     1.2018E-01
     504.500  3912.500     1.0060E-01
     505.500  3912.500     8.2687E-02
     506.500  3912.500     6.7149E-02
     507.500  3912.500     5.5379E-02
     508.500  3912.500     4.7687E-02
     509.500  3912.500     4.1932E-02
     510.500  3912.500     3.7392E-02
     511.500  3912.500     3.3635E-02
     512.500  3912.500     3.0555E-02
     513.500  3912.500     2.7366E-02
     514.500  3912.500     2.3484E-02
     515.500  3912.500     1.9008E-02
     516.500  3912.500     1.4335E-02
     517.500  3912.500     1.0020E-02
     518.500  3912.500     6.3860E-03
     519.500  3912.500     3.6866E-03
     520.500  3912.500     1.8478E-03
     521.500  3912.500     9.2703E-04
     522.500  3912.500     4.3676E-04
     523.500  3912.500     1.3333E-04
     524.500  3912.500     8.2887E-06
     525.500  3912.500     0.0000E+00
     526.500  3912.500     0.0000E+00
     527.500  3912.500     0.0000E+00
     528.500  3912.500     0.0000E+00
     529.500  3912.500     0.0000E+00
     530.500  3912.500     0.0000E+00
     531.500  3912.500     0.0000E+00
     532.500  3912.500     0.0000E+00
     533.500  3912.500     0.0000E+00
     534.500  3912.500     0.0000E+00
     535.500  3912.500     0.0000E+00
     536.500  3912.500     0.0000E+00
     537.500  3912.500     0.0000E+00
     538.500  3912.500     0.0000E+00
     539.500  3912.500     0.0000E+00
     540.500  3912.500     0.0000E+00
     541.500  3912.500     0.0000E+00
     542.500  3912.500     0.0000E+00
     543.500  3912.500     0.0000E+00
     544.500  3912.500     0.0000E+00
     495.500  3913.500     1.7658E-01
     496.500  3913.500     2.0452E-01
     497.500  3913.500     2.2538E-01
     498.500  3913.500     2.3641E-01
     499.500  3913.500     2.3638E-01
     500.500  3913.500     2.2647E-01
     501.500  3913.500     2.0891E-01
     502.500  3913.500     1.8638E-01
     503.500  3913.500     1.6147E-01
     504.500  3913.500     1.3619E-01
     505.500  3913.500     1.1219E-01
     506.500  3913.500     9.1211E-02
     507.500  3913.500     7.3325E-02
     508.500  3913.500     5.9994E-02
     509.500  3913.500     5.1897E-02
     510.500  3913.500     4.6109E-02
     511.500  3913.500     4.1944E-02
     512.500  3913.500     3.8739E-02
     513.500  3913.500     3.6309E-02
     514.500  3913.500     3.3955E-02
     515.500  3913.500     3.0788E-02
     516.500  3913.500     2.6523E-02
     517.500  3913.500     2.1496E-02
     518.500  3913.500     1.6174E-02
     519.500  3913.500     1.1145E-02
     520.500  3913.500     6.9786E-03
     521.500  3913.500     3.9318E-03
     522.500  3913.500     1.9987E-03
     523.500  3913.500     1.0318E-03
     524.500  3913.500     3.9347E-04
     525.500  3913.500     5.2698E-05
     526.500  3913.500     0.0000E+00
     527.500  3913.500     0.0000E+00
     528.500  3913.500     0.0000E+00
     529.500  3913.500     0.0000E+00
     530.500  3913.500     0.0000E+00
     531.500  3913.500     0.0000E+00
     532.500  3913.500     0.0000E+00
     533.500  3913.500     0.0000E+00
     534.500  3913.500     0.0000E+00
     535.500  3913.500     0.0000E+00
     536.500  3913.500     0.0000E+00
     537.500  3913.500     0.0000E+00
     538.500  3913.500     0.0000E+00
     539.500  3913.500     0.0000E+00
     540.500  3913.500     0.0000E+00
     541.500  3913.500     0.0000E+00
     542.500  3913.500     0.0000E+00
     543.500  3913.500     0.0000E+00
     544.500  3913.500     0.0000E+00
     495.500  3914.500     2.0301E-01
     496.500  3914.500     2.3804E-01
     497.500  3914.500     2.6609E-01
     498.500  3914.500     2.8372E-01
     499.500  3914.500     2.8891E-01
     500.500  3914.500     2.8223E-01
     501.500  3914.500     2.6580E-01
     502.500  3914.500     2.4211E-01
     503.500  3914.500     2.1388E-01
     504.500  3914.500     1.8336E-01
     505.500  3914.500     1.5302E-01
     506.500  3914.500     1.2488E-01
     507.500  3914.500     1.0054E-01
     508.500  3914.500     8.0514E-02
     509.500  3914.500     6.5557E-02
     510.500  3914.500     5.6466E-02
     511.500  3914.500     5.0348E-02
     512.500  3914.500     4.5995E-02
     513.500  3914.500     4.3057E-02
     514.500  3914.500     4.1235E-02
     515.500  3914.500     4.0034E-02
     516.500  3914.500     3.8502E-02
     517.500  3914.500     3.5805E-02
     518.500  3914.500     3.1632E-02
     519.500  3914.500     2.6111E-02
     520.500  3914.500     1.9812E-02
     521.500  3914.500     1.3605E-02
     522.500  3914.500     8.3677E-03
     523.500  3914.500     4.5621E-03
     524.500  3914.500     2.4423E-03
     525.500  3914.500     1.1759E-03
     526.500  3914.500     3.2389E-04
     527.500  3914.500     2.8685E-06
     528.500  3914.500     0.0000E+00
     529.500  3914.500     0.0000E+00
     530.500  3914.500     0.0000E+00
     531.500  3914.500     0.0000E+00
     532.500  3914.500     0.0000E+00
     533.500  3914.500     0.0000E+00
     534.500  3914.500     0.0000E+00
     535.500  3914.500     0.0000E+00
     536.500  3914.500     0.0000E+00
     537.500  3914.500     0.0000E+00
     538.500  3914.500     0.0000E+00
     539.500  3914.500     0.0000E+00
     540.500  3914.500     0.0000E+00
     541.500  3914.500     0.0000E+00
     542.500  3914.500     0.0000E+00
     543.500  3914.500     0.0000E+00
     544.500  3914.500     0.0000E+00
     495.500  3915.500     2.2092E-01
     496.500  3915.500     2.6267E-01
     497.500  3915.500     2.9822E-01
     498.500  3915.500     3.2355E-01
     499.500  3915.500     3.3631E-01
     500.500  3915.500     3.3639E-01
     501.500  3915.500     3.2500E-01
     502.500  3915.500     3.0394E-01
     503.500  3915.500     2.7561E-01
     504.500  3915.500     2.4229E-01
     505.500  3915.500     2.0664E-01
     506.500  3915.500     1.7174E-01
     507.500  3915.500     1.3987E-01
     508.500  3915.500     1.1267E-01
     509.500  3915.500     9.0282E-02
     510.500  3915.500     7.3351E-02
     511.500  3915.500     6.2997E-02
     512.500  3915.500     5.5425E-02
     513.500  3915.500     5.0170E-02
     514.500  3915.500     4.6582E-02
     515.500  3915.500     4.4466E-02
     516.500  3915.500     4.3974E-02
     517.500  3915.500     4.4667E-02
     518.500  3915.500     4.4906E-02
     519.500  3915.500     4.3831E-02
     520.500  3915.500     4.0889E-02
     521.500  3915.500     3.5275E-02
     522.500  3915.500     2.7254E-02
     523.500  3915.500     1.8360E-02
     524.500  3915.500     1.0899E-02
     525.500  3915.500     5.9832E-03
     526.500  3915.500     3.7433E-03
     527.500  3915.500     1.5787E-03
     528.500  3915.500     2.5706E-04
     529.500  3915.500     0.0000E+00
     530.500  3915.500     0.0000E+00
     531.500  3915.500     0.0000E+00
     532.500  3915.500     0.0000E+00
     533.500  3915.500     0.0000E+00
     534.500  3915.500     0.0000E+00
     535.500  3915.500     0.0000E+00
     536.500  3915.500     0.0000E+00
     537.500  3915.500     0.0000E+00
     538.500  3915.500     0.0000E+00
     539.500  3915.500     0.0000E+00
     540.500  3915.500     0.0000E+00
     541.500  3915.500     0.0000E+00
     542.500  3915.500     0.0000E+00
     543.500  3915.500     0.0000E+00
     544.500  3915.500     0.0000E+00
     495.500  3916.500     2.2657E-01
     496.500  3916.500     2.7296E-01
     497.500  3916.500     3.1470E-01
     498.500  3916.500     3.4801E-01
     499.500  3916.500     3.6991E-01
     500.500  3916.500     3.7989E-01
     501.500  3916.500     3.7781E-01
     502.500  3916.500     3.6461E-01
     503.500  3916.500     3.4122E-01
     504.500  3916.500     3.0977E-01
     505.500  3916.500     2.7237E-01
     506.500  3916.500     2.3269E-01
     507.500  3916.500     1.9400E-01
     508.500  3916.500     1.5901E-01
     509.500  3916.500     1.2938E-01
     510.500  3916.500     1.0508E-01
     511.500  3916.500     8.5794E-02
     512.500  3916.500     7.3224E-02
     513.500  3916.500     6.3536E-02
     514.500  3916.500     5.5744E-02
     515.500  3916.500     5.0031E-02
     516.500  3916.500     4.6012E-02
     517.500  3916.500     4.4674E-02
     518.500  3916.500     4.5995E-02
     519.500  3916.500     4.9172E-02
     520.500  3916.500     5.3082E-02
     521.500  3916.500     5.6516E-02
     522.500  3916.500     5.7793E-02
     523.500  3916.500     5.3694E-02
     524.500  3916.500     4.3006E-02
     525.500  3916.500     2.8375E-02
     526.500  3916.500     1.6398E-02
     527.500  3916.500     1.0979E-02
     528.500  3916.500     8.2341E-03
     529.500  3916.500     2.2296E-03
     530.500  3916.500     0.0000E+00
     531.500  3916.500     0.0000E+00
     532.500  3916.500     0.0000E+00
     533.500  3916.500     0.0000E+00
     534.500  3916.500     0.0000E+00
     535.500  3916.500     0.0000E+00
     536.500  3916.500     0.0000E+00
     537.500  3916.500     0.0000E+00
     538.500  3916.500     0.0000E+00
     539.500  3916.500     0.0000E+00
     540.500  3916.500     0.0000E+00
     541.500  3916.500     0.0000E+00
     542.500  3916.500     0.0000E+00
     543.500  3916.500     0.0000E+00
     544.500  3916.500     0.0000E+00
     495.500  3917.500     2.1771E-01
     496.500  3917.500     2.6552E-01
     497.500  3917.500     3.1109E-01
     498.500  3917.500     3.5068E-01
     499.500  3917.500     3.8182E-01
     500.500  3917.500     4.0322E-01
     501.500  3917.500     4.1410E-01
     502.500  3917.500     4.1363E-01
     503.500  3917.500     4.0161E-01
     504.500  3917.500     3.7820E-01
     505.500  3917.500     3.4507E-01
     506.500  3917.500     3.0538E-01
     507.500  3917.500     2.6307E-01
     508.500  3917.500     2.2206E-01
     509.500  3917.500     1.8507E-01
     510.500  3917.500     1.5382E-01
     511.500  3917.500     1.2773E-01
     512.500  3917.500     1.0602E-01
     513.500  3917.500     9.0127E-02
     514.500  3917.500     7.7376E-02
     515.500  3917.500     6.5805E-02
     516.500  3917.500     5.6067E-02
     517.500  3917.500     4.8490E-02
     518.500  3917.500     4.3405E-02
     519.500  3917.500     4.2257E-02
     520.500  3917.500     4.4932E-02
     521.500  3917.500     5.0596E-02
     522.500  3917.500     5.9657E-02
     523.500  3917.500     7.2076E-02
     524.500  3917.500     8.6891E-02
     525.500  3917.500     9.9268E-02
     526.500  3917.500     9.6455E-02
     527.500  3917.500     6.0939E-02
     528.500  3917.500     2.2486E-02
     529.500  3917.500     3.2635E-02
     530.500  3917.500     2.6686E-02
     531.500  3917.500     0.0000E+00
     532.500  3917.500     0.0000E+00
     533.500  3917.500     0.0000E+00
     534.500  3917.500     0.0000E+00
     535.500  3917.500     0.0000E+00
     536.500  3917.500     0.0000E+00
     537.500  3917.500     0.0000E+00
     538.500  3917.500     0.0000E+00
     539.500  3917.500     0.0000E+00
     540.500  3917.500     0.0000E+00
     541.500  3917.500     0.0000E+00
     542.500  3917.500     0.0000E+00
     543.500  3917.500     0.0000E+00
     544.500  3917.500     0.0000E+00
     495.500  3918.500     1.9508E-01
     496.500  3918.500     2.4067E-01
     497.500  3918.500     2.8621E-01
     498.500  3918.500     3.2904E-01
     499.500  3918.500     3.6726E-01
     500.500  3918.500     3.9948E-01
     501.500  3918.500     4.2425E-01
     502.500  3918.500     4.3978E-01
     503.500  3918.500     4.4413E-01
     504.500  3918.500     4.3573E-01
     505.500  3918.500     4.1459E-01
     506.500  3918.500     3.8260E-01
     507.500  3918.500     3.4310E-01
     508.500  3918.500     3.0056E-01
     509.500  3918.500     2.5889E-01
     510.500  3918.500     2.2126E-01
     511.500  3918.500     1.8855E-01
     512.500  3918.500     1.6106E-01
     513.500  3918.500     1.3692E-01
     514.500  3918.500     1.1661E-01
     515.500  3918.500     9.9763E-02
     516.500  3918.500     8.3737E-02
     517.500  3918.500     6.8949E-02
     518.500  3918.500     5.6595E-02
     519.500  3918.500     4.7210E-02
     520.500  3918.500     4.1497E-02
     521.500  3918.500     3.9481E-02
     522.500  3918.500     3.9771E-02
     523.500  3918.500     4.2956E-02
     524.500  3918.500     5.2952E-02
     525.500  3918.500     7.7112E-02
     526.500  3918.500     1.3139E-01
     527.500  3918.500     2.4946E-01
     528.500  3918.500     4.3759E-01
     529.500  3918.500     1.8655E-01
     530.500  3918.500     2.6815E-02
     531.500  3918.500     2.7989E-03
     532.500  3918.500     0.0000E+00
     533.500  3918.500     0.0000E+00
     534.500  3918.500     0.0000E+00
     535.500  3918.500     0.0000E+00
     536.500  3918.500     0.0000E+00
     537.500  3918.500     0.0000E+00
     538.500  3918.500     0.0000E+00
     539.500  3918.500     0.0000E+00
     540.500  3918.500     0.0000E+00
     541.500  3918.500     0.0000E+00
     542.500  3918.500     0.0000E+00
     543.500  3918.500     0.0000E+00
     544.500  3918.500     0.0000E+00
     495.500  3919.500     1.6209E-01
     496.500  3919.500     2.0213E-01
     497.500  3919.500     2.4385E-01
     498.500  3919.500     2.8583E-01
     499.500  3919.500     3.2705E-01
     500.500  3919.500     3.6653E-01
     501.500  3919.500     4.0294E-01
     502.500  3919.500     4.3391E-01
     503.500  3919.500     4.5667E-01
     504.500  3919.500     4.6803E-01
     505.500  3919.500     4.6616E-01
     506.500  3919.500     4.5094E-01
     507.500  3919.500     4.2388E-01
     508.500  3919.500     3.8850E-01
     509.500  3919.500     3.4897E-01
     510.500  3919.500     3.0926E-01
     511.500  3919.500     2.7170E-01
     512.500  3919.500     2.3848E-01
     513.500  3919.500     2.0876E-01
     514.500  3919.500     1.8185E-01
     515.500  3919.500     1.5602E-01
     516.500  3919.500     1.3345E-01
     517.500  3919.500     1.1228E-01
     518.500  3919.500     9.1755E-02
     519.500  3919.500     7.3725E-02
     520.500  3919.500     6.0879E-02
     521.500  3919.500     5.2135E-02
     522.500  3919.500     4.8134E-02
     523.500  3919.500     4.5912E-02
     524.500  3919.500     4.2473E-02
     525.500  3919.500     3.7906E-02
     526.500  3919.500     3.7360E-02
     527.500  3919.500     4.1203E-02
     528.500  3919.500     4.2565E-02
     529.500  3919.500     4.4112E-02
     530.500  3919.500     7.5612E-04
     531.500  3919.500     0.0000E+00
     532.500  3919.500     0.0000E+00
     533.500  3919.500     0.0000E+00
     534.500  3919.500     0.0000E+00
     535.500  3919.500     0.0000E+00
     536.500  3919.500     0.0000E+00
     537.500  3919.500     0.0000E+00
     538.500  3919.500     0.0000E+00
     539.500  3919.500     0.0000E+00
     540.500  3919.500     0.0000E+00
     541.500  3919.500     0.0000E+00
     542.500  3919.500     0.0000E+00
     543.500  3919.500     0.0000E+00
     544.500  3919.500     0.0000E+00
     495.500  3920.500     1.2444E-01
     496.500  3920.500     1.5655E-01
     497.500  3920.500     1.9134E-01
     498.500  3920.500     2.2856E-01
     499.500  3920.500     2.6800E-01
     500.500  3920.500     3.0941E-01
     501.500  3920.500     3.5187E-01
     502.500  3920.500     3.9359E-01
     503.500  3920.500     4.3166E-01
     504.500  3920.500     4.6263E-01
     505.500  3920.500     4.8345E-01
     506.500  3920.500     4.9164E-01
     507.500  3920.500     4.8687E-01
     508.500  3920.500     4.7036E-01
     509.500  3920.500     4.4440E-01
     510.500  3920.500     4.1273E-01
     511.500  3920.500     3.7767E-01
     512.500  3920.500     3.4238E-01
     513.500  3920.500     3.0731E-01
     514.500  3920.500     2.7431E-01
     515.500  3920.500     2.4252E-01
     516.500  3920.500     2.1123E-01
     517.500  3920.500     1.8209E-01
     518.500  3920.500     1.5576E-01
     519.500  3920.500     1.2850E-01
     520.500  3920.500     1.0205E-01
     521.500  3920.500     8.1358E-02
     522.500  3920.500     6.8690E-02
     523.500  3920.500     6.4591E-02
     524.500  3920.500     7.1187E-02
     525.500  3920.500     8.2279E-02
     526.500  3920.500     9.0806E-02
     527.500  3920.500     8.0726E-02
     528.500  3920.500     6.0968E-02
     529.500  3920.500     1.6150E-01
     530.500  3920.500     3.1816E-01
     531.500  3920.500     3.0672E-01
     532.500  3920.500     0.0000E+00
     533.500  3920.500     0.0000E+00
     534.500  3920.500     0.0000E+00
     535.500  3920.500     0.0000E+00
     536.500  3920.500     0.0000E+00
     537.500  3920.500     0.0000E+00
     538.500  3920.500     0.0000E+00
     539.500  3920.500     0.0000E+00
     540.500  3920.500     0.0000E+00
     541.500  3920.500     0.0000E+00
     542.500  3920.500     0.0000E+00
     543.500  3920.500     0.0000E+00
     544.500  3920.500     0.0000E+00
     495.500  3921.500     8.7833E-02
     496.500  3921.500     1.1133E-01
     497.500  3921.500     1.3765E-01
     498.500  3921.500     1.6732E-01
     499.500  3921.500     2.0090E-01
     500.500  3921.500     2.3853E-01
     501.500  3921.500     2.8027E-01
     502.500  3921.500     3.2501E-01
     503.500  3921.500     3.7102E-01
     504.500  3921.500     4.1544E-01
     505.500  3921.500     4.5517E-01
     506.500  3921.500     4.8726E-01
     507.500  3921.500     5.0935E-01
     508.500  3921.500     5.2079E-01
     509.500  3921.500     5.2147E-01
     510.500  3921.500     5.1210E-01
     511.500  3921.500     4.9468E-01
     512.500  3921.500     4.6973E-01
     513.500  3921.500     4.3800E-01
     514.500  3921.500     4.0122E-01
     515.500  3921.500     3.6058E-01
     516.500  3921.500     3.2127E-01
     517.500  3921.500     2.8420E-01
     518.500  3921.500     2.4951E-01
     519.500  3921.500     2.1996E-01
     520.500  3921.500     1.9087E-01
     521.500  3921.500     1.5687E-01
     522.500  3921.500     1.2075E-01
     523.500  3921.500     8.8311E-02
     524.500  3921.500     6.6232E-02
     525.500  3921.500     6.4285E-02
     526.500  3921.500     9.1766E-02
     527.500  3921.500     1.6167E-01
     528.500  3921.500     3.3873E-01
     529.500  3921.500     1.0149E+00
     530.500  3921.500     2.4785E-03
     531.500  3921.500     0.0000E+00
     532.500  3921.500     0.0000E+00
     533.500  3921.500     0.0000E+00
     534.500  3921.500     0.0000E+00
     535.500  3921.500     0.0000E+00
     536.500  3921.500     0.0000E+00
     537.500  3921.500     0.0000E+00
     538.500  3921.500     0.0000E+00
     539.500  3921.500     0.0000E+00
     540.500  3921.500     0.0000E+00
     541.500  3921.500     0.0000E+00
     542.500  3921.500     0.0000E+00
     543.500  3921.500     0.0000E+00
     544.500  3921.500     0.0000E+00
     495.500  3922.500     5.6757E-02
     496.500  3922.500     7.2251E-02
     497.500  3922.500     9.0364E-02
     498.500  3922.500     1.1163E-01
     499.500  3922.500     1.3694E-01
     500.500  3922.500     1.6678E-01
     501.500  3922.500     2.0182E-01
     502.500  3922.500     2.4189E-01
     503.500  3922.500     2.8656E-01
     504.500  3922.500     3.3443E-01
     505.500  3922.500     3.8351E-01
     506.500  3922.500     4.3107E-01
     507.500  3922.500     4.7524E-01
     508.500  3922.500     5.1390E-01
     509.500  3922.500     5.4609E-01
     510.500  3922.500     5.7042E-01
     511.500  3922.500     5.8610E-01
     512.500  3922.500     5.9147E-01
     513.500  3922.500     5.8459E-01
     514.500  3922.500     5.6268E-01
     515.500  3922.500     5.2486E-01
     516.500  3922.500     4.7540E-01
     517.500  3922.500     4.2031E-01
     518.500  3922.500     3.7207E-01
     519.500  3922.500     3.3354E-01
     520.500  3922.500     3.0670E-01
     521.500  3922.500     2.8996E-01
     522.500  3922.500     2.6649E-01
     523.500  3922.500     2.2964E-01
     524.500  3922.500     1.8638E-01
     525.500  3922.500     1.7291E-01
     526.500  3922.500     6.3792E-02
     527.500  3922.500     2.6721E-02
     528.500  3922.500     1.1656E-02
     529.500  3922.500     7.0693E-06
     530.500  3922.500     0.0000E+00
     531.500  3922.500     0.0000E+00
     532.500  3922.500     0.0000E+00
     533.500  3922.500     0.0000E+00
     534.500  3922.500     0.0000E+00
     535.500  3922.500     0.0000E+00
     536.500  3922.500     0.0000E+00
     537.500  3922.500     0.0000E+00
     538.500  3922.500     0.0000E+00
     539.500  3922.500     0.0000E+00
     540.500  3922.500     0.0000E+00
     541.500  3922.500     0.0000E+00
     542.500  3922.500     0.0000E+00
     543.500  3922.500     0.0000E+00
     544.500  3922.500     0.0000E+00
     495.500  3923.500     3.3025E-02
     496.500  3923.500     4.2345E-02
     497.500  3923.500     5.3568E-02
     498.500  3923.500     6.7245E-02
     499.500  3923.500     8.3983E-02
     500.500  3923.500     1.0473E-01
     501.500  3923.500     1.3005E-01
     502.500  3923.500     1.6067E-01
     503.500  3923.500     1.9693E-01
     504.500  3923.500     2.3855E-01
     505.500  3923.500     2.8487E-01
     506.500  3923.500     3.3480E-01
     507.500  3923.500     3.8731E-01
     508.500  3923.500     4.4113E-01
     509.500  3923.500     4.9491E-01
     510.500  3923.500     5.4849E-01
     511.500  3923.500     5.9960E-01
     512.500  3923.500     6.4622E-01
     513.500  3923.500     6.8361E-01
     514.500  3923.500     7.0707E-01
     515.500  3923.500     7.0861E-01
     516.500  3923.500     6.8225E-01
     517.500  3923.500     6.2960E-01
     518.500  3923.500     5.5675E-01
     519.500  3923.500     4.7819E-01
     520.500  3923.500     4.1790E-01
     521.500  3923.500     3.8835E-01
     522.500  3923.500     3.8803E-01
     523.500  3923.500     4.0809E-01
     524.500  3923.500     4.1717E-01
     525.500  3923.500     4.0297E-01
     526.500  3923.500     3.5593E-01
     527.500  3923.500     2.8497E-01
     528.500  3923.500     2.3022E-01
     529.500  3923.500     1.4663E-01
     530.500  3923.500     6.9143E-03
     531.500  3923.500     0.0000E+00
     532.500  3923.500     0.0000E+00
     533.500  3923.500     0.0000E+00
     534.500  3923.500     0.0000E+00
     535.500  3923.500     0.0000E+00
     536.500  3923.500     0.0000E+00
     537.500  3923.500     0.0000E+00
     538.500  3923.500     0.0000E+00
     539.500  3923.500     0.0000E+00
     540.500  3923.500     0.0000E+00
     541.500  3923.500     0.0000E+00
     542.500  3923.500     0.0000E+00
     543.500  3923.500     0.0000E+00
     544.500  3923.500     0.0000E+00
     495.500  3924.500     1.7047E-02
     496.500  3924.500     2.2029E-02
     497.500  3924.500     2.8168E-02
     498.500  3924.500     3.5932E-02
     499.500  3924.500     4.5737E-02
     500.500  3924.500     5.8228E-02
     501.500  3924.500     7.4198E-02
     502.500  3924.500     9.4085E-02
     503.500  3924.500     1.1888E-01
     504.500  3924.500     1.4874E-01
     505.500  3924.500     1.8395E-01
     506.500  3924.500     2.2462E-01
     507.500  3924.500     2.7068E-01
     508.500  3924.500     3.2207E-01
     509.500  3924.500     3.7886E-01
     510.500  3924.500     4.4075E-01
     511.500  3924.500     5.0812E-01
     512.500  3924.500     5.8006E-01
     513.500  3924.500     6.5458E-01
     514.500  3924.500     7.2696E-01
     515.500  3924.500     7.9194E-01
     516.500  3924.500     8.4017E-01
     517.500  3924.500     8.5925E-01
     518.500  3924.500     8.3810E-01
     519.500  3924.500     7.7194E-01
     520.500  3924.500     6.6503E-01
     521.500  3924.500     5.4085E-01
     522.500  3924.500     4.4087E-01
     523.500  3924.500     3.9840E-01
     524.500  3924.500     4.3593E-01
     525.500  3924.500     5.3669E-01
     526.500  3924.500     6.7734E-01
     527.500  3924.500     8.5623E-01
     528.500  3924.500     1.0347E+00
     529.500  3924.500     1.0268E+00
     530.500  3924.500     4.6662E-01
     531.500  3924.500     1.3265E-01
     532.500  3924.500     1.7062E-02
     533.500  3924.500     0.0000E+00
     534.500  3924.500     0.0000E+00
     535.500  3924.500     0.0000E+00
     536.500  3924.500     0.0000E+00
     537.500  3924.500     0.0000E+00
     538.500  3924.500     0.0000E+00
     539.500  3924.500     0.0000E+00
     540.500  3924.500     0.0000E+00
     541.500  3924.500     0.0000E+00
     542.500  3924.500     0.0000E+00
     543.500  3924.500     0.0000E+00
     544.500  3924.500     0.0000E+00
     495.500  3925.500     7.4122E-03
     496.500  3925.500     9.8280E-03
     497.500  3925.500     1.2794E-02
     498.500  3925.500     1.6554E-02
     499.500  3925.500     2.1635E-02
     500.500  3925.500     2.8253E-02
     501.500  3925.500     3.6947E-02
     502.500  3925.500     4.8191E-02
     503.500  3925.500     6.2312E-02
     504.500  3925.500     8.0247E-02
     505.500  3925.500     1.0217E-01
     506.500  3925.500     1.2867E-01
     507.500  3925.500     1.6004E-01
     508.500  3925.500     1.9681E-01
     509.500  3925.500     2.3956E-01
     510.500  3925.500     2.8877E-01
     511.500  3925.500     3.4557E-01
     512.500  3925.500     4.1078E-01
     513.500  3925.500     4.8490E-01
     514.500  3925.500     5.6771E-01
     515.500  3925.500     6.6066E-01
     516.500  3925.500     7.6084E-01
     517.500  3925.500     8.6366E-01
     518.500  3925.500     9.6037E-01
     519.500  3925.500     1.0381E+00
     520.500  3925.500     1.0828E+00
     521.500  3925.500     1.0707E+00
     522.500  3925.500     9.7396E-01
     523.500  3925.500     7.7479E-01
     524.500  3925.500     4.9878E-01
     525.500  3925.500     2.8851E-01
     526.500  3925.500     2.9363E-01
     527.500  3925.500     4.2418E-01
     528.500  3925.500     6.9094E-01
     529.500  3925.500     1.3194E+00
     530.500  3925.500     3.2924E+00
     531.500  3925.500     1.4007E+01
     532.500  3925.500     5.5560E-01
     533.500  3925.500     8.4010E-03
     534.500  3925.500     0.0000E+00
     535.500  3925.500     0.0000E+00
     536.500  3925.500     0.0000E+00
     537.500  3925.500     0.0000E+00
     538.500  3925.500     0.0000E+00
     539.500  3925.500     0.0000E+00
     540.500  3925.500     0.0000E+00
     541.500  3925.500     0.0000E+00
     542.500  3925.500     0.0000E+00
     543.500  3925.500     0.0000E+00
     544.500  3925.500     0.0000E+00
     495.500  3926.500     2.1646E-03
     496.500  3926.500     3.0879E-03
     497.500  3926.500     4.1691E-03
     498.500  3926.500     5.8315E-03
     499.500  3926.500     8.1785E-03
     500.500  3926.500     1.1300E-02
     501.500  3926.500     1.5639E-02
     502.500  3926.500     2.1049E-02
     503.500  3926.500     2.7999E-02
     504.500  3926.500     3.7011E-02
     505.500  3926.500     4.8171E-02
     506.500  3926.500     6.2179E-02
     507.500  3926.500     7.9152E-02
     508.500  3926.500     9.9534E-02
     509.500  3926.500     1.2371E-01
     510.500  3926.500     1.5202E-01
     511.500  3926.500     1.8545E-01
     512.500  3926.500     2.2416E-01
     513.500  3926.500     2.6948E-01
     514.500  3926.500     3.2216E-01
     515.500  3926.500     3.8563E-01
     516.500  3926.500     4.6166E-01
     517.500  3926.500     5.5285E-01
     518.500  3926.500     6.6308E-01
     519.500  3926.500     7.9755E-01
     520.500  3926.500     9.7080E-01
     521.500  3926.500     1.2005E+00
     522.500  3926.500     1.5201E+00
     523.500  3926.500     1.9595E+00
     524.500  3926.500     2.4795E+00
     525.500  3926.500     2.6692E+00
     526.500  3926.500     1.4369E+00
     527.500  3926.500     1.0360E-01
     528.500  3926.500     6.4126E-02
     529.500  3926.500     6.5380E-02
     530.500  3926.500     4.7957E-02
     531.500  3926.500     2.5134E-02
     532.500  3926.500     0.0000E+00
     533.500  3926.500     0.0000E+00
     534.500  3926.500     0.0000E+00
     535.500  3926.500     0.0000E+00
     536.500  3926.500     0.0000E+00
     537.500  3926.500     0.0000E+00
     538.500  3926.500     0.0000E+00
     539.500  3926.500     0.0000E+00
     540.500  3926.500     0.0000E+00
     541.500  3926.500     0.0000E+00
     542.500  3926.500     0.0000E+00
     543.500  3926.500     0.0000E+00
     544.500  3926.500     0.0000E+00
     495.500  3927.500     6.2390E-04
     496.500  3927.500     8.2562E-04
     497.500  3927.500     1.0871E-03
     498.500  3927.500     1.4567E-03
     499.500  3927.500     1.9723E-03
     500.500  3927.500     3.0016E-03
     501.500  3927.500     4.5059E-03
     502.500  3927.500     6.8081E-03
     503.500  3927.500     9.8724E-03
     504.500  3927.500     1.4057E-02
     505.500  3927.500     1.9036E-02
     506.500  3927.500     2.5332E-02
     507.500  3927.500     3.2691E-02
     508.500  3927.500     4.1722E-02
     509.500  3927.500     5.2233E-02
     510.500  3927.500     6.4363E-02
     511.500  3927.500     7.7891E-02
     512.500  3927.500     9.3786E-02
     513.500  3927.500     1.1190E-01
     514.500  3927.500     1.3230E-01
     515.500  3927.500     1.5589E-01
     516.500  3927.500     1.8369E-01
     517.500  3927.500     2.1692E-01
     518.500  3927.500     2.5690E-01
     519.500  3927.500     3.0914E-01
     520.500  3927.500     3.7948E-01
     521.500  3927.500     4.8142E-01
     522.500  3927.500     6.4453E-01
     523.500  3927.500     9.3431E-01
     524.500  3927.500     1.5169E+00
     525.500  3927.500     2.8162E+00
     526.500  3927.500     6.5752E+00
     527.500  3927.500     2.4320E+01
     528.500  3927.500     1.3832E+02
     529.500  3927.500     2.2024E-01
     530.500  3927.500     1.6958E-01
     531.500  3927.500     3.5157E-01
     532.500  3927.500     8.7297E-02
     533.500  3927.500     0.0000E+00
     534.500  3927.500     0.0000E+00
     535.500  3927.500     0.0000E+00
     536.500  3927.500     0.0000E+00
     537.500  3927.500     0.0000E+00
     538.500  3927.500     0.0000E+00
     539.500  3927.500     0.0000E+00
     540.500  3927.500     0.0000E+00
     541.500  3927.500     0.0000E+00
     542.500  3927.500     0.0000E+00
     543.500  3927.500     0.0000E+00
     544.500  3927.500     0.0000E+00
     495.500  3928.500     1.7513E-04
     496.500  3928.500     2.3820E-04
     497.500  3928.500     3.3908E-04
     498.500  3928.500     4.8560E-04
     499.500  3928.500     6.7796E-04
     500.500  3928.500     9.4091E-04
     501.500  3928.500     1.2915E-03
     502.500  3928.500     1.7770E-03
     503.500  3928.500     2.4109E-03
     504.500  3928.500     3.4522E-03
     505.500  3928.500     5.0864E-03
     506.500  3928.500     7.1404E-03
     507.500  3928.500     9.9037E-03
     508.500  3928.500     1.3142E-02
     509.500  3928.500     1.7189E-02
     510.500  3928.500     2.1369E-02
     511.500  3928.500     2.5763E-02
     512.500  3928.500     3.0085E-02
     513.500  3928.500     3.5016E-02
     514.500  3928.500     4.0006E-02
     515.500  3928.500     4.5329E-02
     516.500  3928.500     5.1036E-02
     517.500  3928.500     5.7507E-02
     518.500  3928.500     6.4327E-02
     519.500  3928.500     7.0048E-02
     520.500  3928.500     7.9407E-02
     521.500  3928.500     9.0962E-02
     522.500  3928.500     1.0400E-01
     523.500  3928.500     1.2006E-01
     524.500  3928.500     1.2432E-01
     525.500  3928.500     1.6231E-01
     526.500  3928.500     2.2410E-01
     527.500  3928.500     3.4459E-01
     528.500  3928.500     6.1240E-01
     529.500  3928.500     9.2236E-01
     530.500  3928.500     1.0496E+00
     531.500  3928.500     6.3765E-02
     532.500  3928.500     1.2875E-02
     533.500  3928.500     3.7713E-03
     534.500  3928.500     3.5561E-04
     535.500  3928.500     0.0000E+00
     536.500  3928.500     0.0000E+00
     537.500  3928.500     0.0000E+00
     538.500  3928.500     0.0000E+00
     539.500  3928.500     0.0000E+00
     540.500  3928.500     0.0000E+00
     541.500  3928.500     0.0000E+00
     542.500  3928.500     0.0000E+00
     543.500  3928.500     0.0000E+00
     544.500  3928.500     0.0000E+00
     495.500  3929.500     4.7206E-05
     496.500  3929.500     6.5239E-05
     497.500  3929.500     9.2545E-05
     498.500  3929.500     1.3215E-04
     499.500  3929.500     1.8675E-04
     500.500  3929.500     2.6114E-04
     501.500  3929.500     3.6851E-04
     502.500  3929.500     5.3954E-04
     503.500  3929.500     7.8936E-04
     504.500  3929.500     1.1194E-03
     505.500  3929.500     1.5288E-03
     506.500  3929.500     2.0522E-03
     507.500  3929.500     2.6667E-03
     508.500  3929.500     3.3931E-03
     509.500  3929.500     4.2035E-03
     510.500  3929.500     5.1026E-03
     511.500  3929.500     6.0732E-03
     512.500  3929.500     7.0963E-03
     513.500  3929.500     8.1786E-03
     514.500  3929.500     9.3205E-03
     515.500  3929.500     1.0486E-02
     516.500  3929.500     1.1828E-02
     517.500  3929.500     1.3336E-02
     518.500  3929.500     1.4990E-02
     519.500  3929.500     1.7060E-02
     520.500  3929.500     1.9464E-02
     521.500  3929.500     2.2437E-02
     522.500  3929.500     2.6206E-02
     523.500  3929.500     3.1102E-02
     524.500  3929.500     3.7685E-02
     525.500  3929.500     4.6785E-02
     526.500  3929.500     5.9720E-02
     527.500  3929.500     7.7418E-02
     528.500  3929.500     9.5334E-02
     529.500  3929.500     1.2095E-01
     530.500  3929.500     2.3962E-01
     531.500  3929.500     2.0473E-01
     532.500  3929.500     4.4110E-01
     533.500  3929.500     4.5697E-01
     534.500  3929.500     7.2629E-03
     535.500  3929.500     1.9943E-02
     536.500  3929.500     0.0000E+00
     537.500  3929.500     0.0000E+00
     538.500  3929.500     0.0000E+00
     539.500  3929.500     0.0000E+00
     540.500  3929.500     0.0000E+00
     541.500  3929.500     0.0000E+00
     542.500  3929.500     0.0000E+00
     543.500  3929.500     0.0000E+00
     544.500  3929.500     0.0000E+00
     495.500  3930.500     1.5015E-05
     496.500  3930.500     1.9907E-05
     497.500  3930.500     2.6461E-05
     498.500  3930.500     3.5618E-05
     499.500  3930.500     4.7421E-05
     500.500  3930.500     6.5070E-05
     501.500  3930.500     9.2372E-05
     502.500  3930.500     1.4094E-04
     503.500  3930.500     2.1089E-04
     504.500  3930.500     3.0336E-04
     505.500  3930.500     4.1930E-04
     506.500  3930.500     5.7967E-04
     507.500  3930.500     7.9542E-04
     508.500  3930.500     1.0396E-03
     509.500  3930.500     1.3128E-03
     510.500  3930.500     1.5939E-03
     511.500  3930.500     1.8906E-03
     512.500  3930.500     2.1888E-03
     513.500  3930.500     2.4746E-03
     514.500  3930.500     2.7554E-03
     515.500  3930.500     3.0538E-03
     516.500  3930.500     3.3464E-03
     517.500  3930.500     3.6804E-03
     518.500  3930.500     4.0421E-03
     519.500  3930.500     4.3669E-03
     520.500  3930.500     4.8381E-03
     521.500  3930.500     5.5120E-03
     522.500  3930.500     6.3642E-03
     523.500  3930.500     7.4711E-03
     524.500  3930.500     9.0375E-03
     525.500  3930.500     1.1409E-02
     526.500  3930.500     1.5568E-02
     527.500  3930.500     2.3963E-02
     528.500  3930.500     4.2976E-02
     529.500  3930.500     9.4969E-02
     530.500  3930.500     2.2927E-01
     531.500  3930.500     2.6200E-01
     532.500  3930.500     0.0000E+00
     533.500  3930.500     0.0000E+00
     534.500  3930.500     0.0000E+00
     535.500  3930.500     0.0000E+00
     536.500  3930.500     0.0000E+00
     537.500  3930.500     0.0000E+00
     538.500  3930.500     0.0000E+00
     539.500  3930.500     0.0000E+00
     540.500  3930.500     0.0000E+00
     541.500  3930.500     0.0000E+00
     542.500  3930.500     0.0000E+00
     543.500  3930.500     0.0000E+00
     544.500  3930.500     0.0000E+00
     495.500  3931.500     5.4093E-06
     496.500  3931.500     6.8599E-06
     497.500  3931.500     8.8655E-06
     498.500  3931.500     1.1547E-05
     499.500  3931.500     1.4813E-05
     500.500  3931.500     1.9141E-05
     501.500  3931.500     2.4903E-05
     502.500  3931.500     3.4069E-05
     503.500  3931.500     4.8799E-05
     504.500  3931.500     6.9381E-05
     505.500  3931.500     9.7543E-05
     506.500  3931.500     1.3870E-04
     507.500  3931.500     1.9743E-04
     508.500  3931.500     2.6343E-04
     509.500  3931.500     3.3556E-04
     510.500  3931.500     4.1414E-04
     511.500  3931.500     4.8927E-04
     512.500  3931.500     5.6197E-04
     513.500  3931.500     6.2835E-04
     514.500  3931.500     6.8511E-04
     515.500  3931.500     7.3872E-04
     516.500  3931.500     7.9606E-04
     517.500  3931.500     8.4908E-04
     518.500  3931.500     9.1880E-04
     519.500  3931.500     9.9534E-04
     520.500  3931.500     1.1069E-03
     521.500  3931.500     1.2121E-03
     522.500  3931.500     1.3949E-03
     523.500  3931.500     1.6084E-03
     524.500  3931.500     1.8944E-03
     525.500  3931.500     2.1842E-03
     526.500  3931.500     2.5914E-03
     527.500  3931.500     2.9733E-03
     528.500  3931.500     3.1727E-03
     529.500  3931.500     3.6344E-03
     530.500  3931.500     3.3144E-03
     531.500  3931.500     2.5257E-03
     532.500  3931.500     1.3888E-03
     533.500  3931.500     0.0000E+00
     534.500  3931.500     0.0000E+00
     535.500  3931.500     0.0000E+00
     536.500  3931.500     0.0000E+00
     537.500  3931.500     0.0000E+00
     538.500  3931.500     0.0000E+00
     539.500  3931.500     0.0000E+00
     540.500  3931.500     0.0000E+00
     541.500  3931.500     0.0000E+00
     542.500  3931.500     0.0000E+00
     543.500  3931.500     0.0000E+00
     544.500  3931.500     0.0000E+00
     495.500  3932.500     1.2139E-06
     496.500  3932.500     1.7285E-06
     497.500  3932.500     2.3524E-06
     498.500  3932.500     3.1634E-06
     499.500  3932.500     4.2076E-06
     500.500  3932.500     5.9048E-06
     501.500  3932.500     8.3612E-06
     502.500  3932.500     1.1492E-05
     503.500  3932.500     1.5540E-05
     504.500  3932.500     2.0661E-05
     505.500  3932.500     2.7023E-05
     506.500  3932.500     3.5648E-05
     507.500  3932.500     4.6205E-05
     508.500  3932.500     6.0154E-05
     509.500  3932.500     7.4982E-05
     510.500  3932.500     9.1573E-05
     511.500  3932.500     1.0848E-04
     512.500  3932.500     1.2472E-04
     513.500  3932.500     1.3982E-04
     514.500  3932.500     1.5233E-04
     515.500  3932.500     1.6525E-04
     516.500  3932.500     1.7886E-04
     517.500  3932.500     1.9568E-04
     518.500  3932.500     2.1715E-04
     519.500  3932.500     2.4438E-04
     520.500  3932.500     2.7555E-04
     521.500  3932.500     3.1755E-04
     522.500  3932.500     3.7488E-04
     523.500  3932.500     4.4817E-04
     524.500  3932.500     5.5089E-04
     525.500  3932.500     6.9297E-04
     526.500  3932.500     8.9719E-04
     527.500  3932.500     1.2042E-03
     528.500  3932.500     1.7069E-03
     529.500  3932.500     3.8313E-03
     530.500  3932.500     1.0904E-02
     531.500  3932.500     2.3981E-02
     532.500  3932.500     5.3513E-03
     533.500  3932.500     2.1302E-02
     534.500  3932.500     5.2998E-02
     535.500  3932.500     0.0000E+00
     536.500  3932.500     0.0000E+00
     537.500  3932.500     0.0000E+00
     538.500  3932.500     0.0000E+00
     539.500  3932.500     0.0000E+00
     540.500  3932.500     0.0000E+00
     541.500  3932.500     0.0000E+00
     542.500  3932.500     0.0000E+00
     543.500  3932.500     0.0000E+00
     544.500  3932.500     0.0000E+00
     495.500  3933.500     1.2191E-08
     496.500  3933.500     5.7944E-08
     497.500  3933.500     1.3938E-07
     498.500  3933.500     2.2947E-07
     499.500  3933.500     3.5685E-07
     500.500  3933.500     6.6025E-07
     501.500  3933.500     1.2321E-06
     502.500  3933.500     1.9714E-06
     503.500  3933.500     3.4681E-06
     504.500  3933.500     5.4188E-06
     505.500  3933.500     7.9529E-06
     506.500  3933.500     1.1110E-05
     507.500  3933.500     1.4937E-05
     508.500  3933.500     1.9136E-05
     509.500  3933.500     2.3735E-05
     510.500  3933.500     2.8548E-05
     511.500  3933.500     3.3166E-05
     512.500  3933.500     3.7444E-05
     513.500  3933.500     4.0926E-05
     514.500  3933.500     4.4298E-05
     515.500  3933.500     4.7389E-05
     516.500  3933.500     5.0556E-05
     517.500  3933.500     5.3215E-05
     518.500  3933.500     5.5734E-05
     519.500  3933.500     5.7052E-05
     520.500  3933.500     6.0679E-05
     521.500  3933.500     6.4387E-05
     522.500  3933.500     6.8354E-05
     523.500  3933.500     7.0737E-05
     524.500  3933.500     7.4718E-05
     525.500  3933.500     7.5767E-05
     526.500  3933.500     8.0408E-05
     527.500  3933.500     8.4736E-05
     528.500  3933.500     9.5368E-05
     529.500  3933.500     5.2224E-05
     530.500  3933.500     0.0000E+00
     531.500  3933.500     0.0000E+00
     532.500  3933.500     0.0000E+00
     533.500  3933.500     0.0000E+00
     534.500  3933.500     0.0000E+00
     535.500  3933.500     0.0000E+00
     536.500  3933.500     0.0000E+00
     537.500  3933.500     0.0000E+00
     538.500  3933.500     0.0000E+00
     539.500  3933.500     0.0000E+00
     540.500  3933.500     0.0000E+00
     541.500  3933.500     0.0000E+00
     542.500  3933.500     0.0000E+00
     543.500  3933.500     0.0000E+00
     544.500  3933.500     0.0000E+00
     495.500  3934.500     0.0000E+00
     496.500  3934.500     0.0000E+00
     497.500  3934.500     0.0000E+00
     498.500  3934.500     0.0000E+00
     499.500  3934.500     0.0000E+00
     500.500  3934.500     0.0000E+00
     501.500  3934.500     0.0000E+00
     502.500  3934.500     0.0000E+00
     503.500  3934.500     0.0000E+00
     504.500  3934.500     1.8007E-08
     505.500  3934.500     3.2769E-07
     506.500  3934.500     9.8425E-07
     507.500  3934.500     1.7534E-06
     508.500  3934.500     2.7991E-06
     509.500  3934.500     3.8974E-06
     510.500  3934.500     4.9146E-06
     511.500  3934.500     5.7038E-06
     512.500  3934.500     6.3253E-06
     513.500  3934.500     6.1168E-06
     514.500  3934.500     5.7233E-06
     515.500  3934.500     5.1951E-06
     516.500  3934.500     4.6557E-06
     517.500  3934.500     3.1097E-06
     518.500  3934.500     2.3999E-06
     519.500  3934.500     1.6645E-06
     520.500  3934.500     0.0000E+00
     521.500  3934.500     0.0000E+00
     522.500  3934.500     0.0000E+00
     523.500  3934.500     0.0000E+00
     524.500  3934.500     0.0000E+00
     525.500  3934.500     0.0000E+00
     526.500  3934.500     0.0000E+00
     527.500  3934.500     0.0000E+00
     528.500  3934.500     0.0000E+00
     529.500  3934.500     0.0000E+00
     530.500  3934.500     0.0000E+00
     531.500  3934.500     0.0000E+00
     532.500  3934.500     0.0000E+00
     533.500  3934.500     0.0000E+00
     534.500  3934.500     0.0000E+00
     535.500  3934.500     0.0000E+00
     536.500  3934.500     0.0000E+00
     537.500  3934.500     0.0000E+00
     538.500  3934.500     0.0000E+00
     539.500  3934.500     0.0000E+00
     540.500  3934.500     0.0000E+00
     541.500  3934.500     0.0000E+00
     542.500  3934.500     0.0000E+00
     543.500  3934.500     0.0000E+00
     544.500  3934.500     0.0000E+00
     495.500  3935.500     0.0000E+00
     496.500  3935.500     0.0000E+00
     497.500  3935.500     0.0000E+00
     498.500  3935.500     0.0000E+00
     499.500  3935.500     0.0000E+00
     500.500  3935.500     0.0000E+00
     501.500  3935.500     0.0000E+00
     502.500  3935.500     0.0000E+00
     503.500  3935.500     0.0000E+00
     504.500  3935.500     0.0000E+00
     505.500  3935.500     0.0000E+00
     506.500  3935.500     0.0000E+00
     507.500  3935.500     0.0000E+00
     508.500  3935.500     0.0000E+00
     509.500  3935.500     0.0000E+00
     510.500  3935.500     0.0000E+00
     511.500  3935.500     0.0000E+00
     512.500  3935.500     0.0000E+00
     513.500  3935.500     0.0000E+00
     514.500  3935.500     0.0000E+00
     515.500  3935.500     0.0000E+00
     516.500  3935.500     0.0000E+00
     517.500  3935.500     0.0000E+00
     518.500  3935.500     0.0000E+00
     519.500  3935.500     0.0000E+00
     520.500  3935.500     0.0000E+00
     521.500  3935.500     0.0000E+00
     522.500  3935.500     0.0000E+00
     523.500  3935.500     0.0000E+00
     524.500  3935.500     0.0000E+00
     525.500  3935.500     0.0000E+00
     526.500  3935.500     0.0000E+00
     527.500  3935.500     0.0000E+00
     528.500  3935.500     0.0000E+00
     529.500  3935.500     0.0000E+00
     530.500  3935.500     0.0000E+00
     531.500  3935.500     0.0000E+00
     532.500  3935.500     0.0000E+00
     533.500  3935.500     0.0000E+00
     534.500  3935.500     0.0000E+00
     535.500  3935.500     0.0000E+00
     536.500  3935.500     0.0000E+00
     537.500  3935.500     0.0000E+00
     538.500  3935.500     0.0000E+00
     539.500  3935.500     0.0000E+00
     540.500  3935.500     0.0000E+00
     541.500  3935.500     0.0000E+00
     542.500  3935.500     0.0000E+00
     543.500  3935.500     0.0000E+00
     544.500  3935.500     0.0000E+00
     495.500  3936.500     0.0000E+00
     496.500  3936.500     0.0000E+00
     497.500  3936.500     0.0000E+00
     498.500  3936.500     0.0000E+00
     499.500  3936.500     0.0000E+00
     500.500  3936.500     0.0000E+00
     501.500  3936.500     0.0000E+00
     502.500  3936.500     0.0000E+00
     503.500  3936.500     0.0000E+00
     504.500  3936.500     0.0000E+00
     505.500  3936.500     0.0000E+00
     506.500  3936.500     0.0000E+00
     507.500  3936.500     0.0000E+00
     508.500  3936.500     0.0000E+00
     509.500  3936.500     0.0000E+00
     510.500  3936.500     0.0000E+00
     511.500  3936.500     0.0000E+00
     512.500  3936.500     0.0000E+00
     513.500  3936.500     0.0000E+00
     514.500  3936.500     0.0000E+00
     515.500  3936.500     0.0000E+00
     516.500  3936.500     0.0000E+00
     517.500  3936.500     0.0000E+00
     518.500  3936.500     0.0000E+00
     519.500  3936.500     0.0000E+00
     520.500  3936.500     0.0000E+00
     521.500  3936.500     0.0000E+00
     522.500  3936.500     0.0000E+00
     523.500  3936.500     0.0000E+00
     524.500  3936.500     0.0000E+00
     525.500  3936.500     0.0000E+00
     526.500  3936.500     0.0000E+00
     527.500  3936.500     0.0000E+00
     528.500  3936.500     0.0000E+00
     529.500  3936.500     0.0000E+00
     530.500  3936.500     0.0000E+00
     531.500  3936.500     0.0000E+00
     532.500  3936.500     0.0000E+00
     533.500  3936.500     0.0000E+00
     534.500  3936.500     0.0000E+00
     535.500  3936.500     0.0000E+00
     536.500  3936.500     0.0000E+00
     537.500  3936.500     0.0000E+00
     538.500  3936.500     0.0000E+00
     539.500  3936.500     0.0000E+00
     540.500  3936.500     0.0000E+00
     541.500  3936.500     0.0000E+00
     542.500  3936.500     0.0000E+00
     543.500  3936.500     0.0000E+00
     544.500  3936.500     0.0000E+00
     495.500  3937.500     0.0000E+00
     496.500  3937.500     0.0000E+00
     497.500  3937.500     0.0000E+00
     498.500  3937.500     0.0000E+00
     499.500  3937.500     0.0000E+00
     500.500  3937.500     0.0000E+00
     501.500  3937.500     0.0000E+00
     502.500  3937.500     0.0000E+00
     503.500  3937.500     0.0000E+00
     504.500  3937.500     0.0000E+00
     505.500  3937.500     0.0000E+00
     506.500  3937.500     0.0000E+00
     507.500  3937.500     0.0000E+00
     508.500  3937.500     0.0000E+00
     509.500  3937.500     0.0000E+00
     510.500  3937.500     0.0000E+00
     511.500  3937.500     0.0000E+00
     512.500  3937.500     0.0000E+00
     513.500  3937.500     0.0000E+00
     514.500  3937.500     0.0000E+00
     515.500  3937.500     0.0000E+00
     516.500  3937.500     0.0000E+00
     517.500  3937.500     0.0000E+00
     518.500  3937.500     0.0000E+00
     519.500  3937.500     0.0000E+00
     520.500  3937.500     0.0000E+00
     521.500  3937.500     0.0000E+00
     522.500  3937.500     0.0000E+00
     523.500  3937.500     0.0000E+00
     524.500  3937.500     0.0000E+00
     525.500  3937.500     0.0000E+00
     526.500  3937.500     0.0000E+00
     527.500  3937.500     0.0000E+00
     528.500  3937.500     0.0000E+00
     529.500  3937.500     0.0000E+00
     530.500  3937.500     0.0000E+00
     531.500  3937.500     0.0000E+00
     532.500  3937.500     0.0000E+00
     533.500  3937.500     0.0000E+00
     534.500  3937.500     0.0000E+00
     535.500  3937.500     0.0000E+00
     536.500  3937.500     0.0000E+00
     537.500  3937.500     0.0000E+00
     538.500  3937.500     0.0000E+00
     539.500  3937.500     0.0000E+00
     540.500  3937.500     0.0000E+00
     541.500  3937.500     0.0000E+00
     542.500  3937.500     0.0000E+00
     543.500  3937.500     0.0000E+00
     544.500  3937.500     0.0000E+00
     495.500  3938.500     0.0000E+00
     496.500  3938.500     0.0000E+00
     497.500  3938.500     0.0000E+00
     498.500  3938.500     0.0000E+00
     499.500  3938.500     0.0000E+00
     500.500  3938.500     0.0000E+00
     501.500  3938.500     0.0000E+00
     502.500  3938.500     0.0000E+00
     503.500  3938.500     0.0000E+00
     504.500  3938.500     0.0000E+00
     505.500  3938.500     0.0000E+00
     506.500  3938.500     0.0000E+00
     507.500  3938.500     0.0000E+00
     508.500  3938.500     0.0000E+00
     509.500  3938.500     0.0000E+00
     510.500  3938.500     0.0000E+00
     511.500  3938.500     0.0000E+00
     512.500  3938.500     0.0000E+00
     513.500  3938.500     0.0000E+00
     514.500  3938.500     0.0000E+00
     515.500  3938.500     0.0000E+00
     516.500  3938.500     0.0000E+00
     517.500  3938.500     0.0000E+00
     518.500  3938.500     0.0000E+00
     519.500  3938.500     0.0000E+00
     520.500  3938.500     0.0000E+00
     521.500  3938.500     0.0000E+00
     522.500  3938.500     0.0000E+00
     523.500  3938.500     0.0000E+00
     524.500  3938.500     0.0000E+00
     525.500  3938.500     0.0000E+00
     526.500  3938.500     0.0000E+00
     527.500  3938.500     0.0000E+00
     528.500  3938.500     0.0000E+00
     529.500  3938.500     0.0000E+00
     530.500  3938.500     0.0000E+00
     531.500  3938.500     0.0000E+00
     532.500  3938.500     0.0000E+00
     533.500  3938.500     0.0000E+00
     534.500  3938.500     0.0000E+00
     535.500  3938.500     0.0000E+00
     536.500  3938.500     0.0000E+00
     537.500  3938.500     0.0000E+00
     538.500  3938.500     0.0000E+00
     539.500  3938.500     0.0000E+00
     540.500  3938.500     0.0000E+00
     541.500  3938.500     0.0000E+00
     542.500  3938.500     0.0000E+00
     543.500  3938.500     0.0000E+00
     544.500  3938.500     0.0000E+00
     495.500  3939.500     0.0000E+00
     496.500  3939.500     0.0000E+00
     497.500  3939.500     0.0000E+00
     498.500  3939.500     0.0000E+00
     499.500  3939.500     0.0000E+00
     500.500  3939.500     0.0000E+00
     501.500  3939.500     0.0000E+00
     502.500  3939.500     0.0000E+00
     503.500  3939.500     0.0000E+00
     504.500  3939.500     0.0000E+00
     505.500  3939.500     0.0000E+00
     506.500  3939.500     0.0000E+00
     507.500  3939.500     0.0000E+00
     508.500  3939.500     0.0000E+00
     509.500  3939.500     0.0000E+00
     510.500  3939.500     0.0000E+00
     511.500  3939.500     0.0000E+00
     512.500  3939.500     0.0000E+00
     513.500  3939.500     0.0000E+00
     514.500  3939.500     0.0000E+00
     515.500  3939.500     0.0000E+00
     516.500  3939.500     0.0000E+00
     517.500  3939.500     0.0000E+00
     518.500  3939.500     0.0000E+00
     519.500  3939.500     0.0000E+00
     520.500  3939.500     0.0000E+00
     521.500  3939.500     0.0000E+00
     522.500  3939.500     0.0000E+00
     523.500  3939.500     0.0000E+00
     524.500  3939.500     0.0000E+00
     525.500  3939.500     0.0000E+00
     526.500  3939.500     0.0000E+00
     527.500  3939.500     0.0000E+00
     528.500  3939.500     0.0000E+00
     529.500  3939.500     0.0000E+00
     530.500  3939.500     0.0000E+00
     531.500  3939.500     0.0000E+00
     532.500  3939.500     0.0000E+00
     533.500  3939.500     0.0000E+00
     534.500  3939.500     0.0000E+00
     535.500  3939.500     0.0000E+00
     536.500  3939.500     0.0000E+00
     537.500  3939.500     0.0000E+00
     538.500  3939.500     0.0000E+00
     539.500  3939.500     0.0000E+00
     540.500  3939.500     0.0000E+00
     541.500  3939.500     0.0000E+00
     542.500  3939.500     0.0000E+00
     543.500  3939.500     0.0000E+00
     544.500  3939.500     0.0000E+00
     495.500  3940.500     0.0000E+00
     496.500  3940.500     0.0000E+00
     497.500  3940.500     0.0000E+00
     498.500  3940.500     0.0000E+00
     499.500  3940.500     0.0000E+00
     500.500  3940.500     0.0000E+00
     501.500  3940.500     0.0000E+00
     502.500  3940.500     0.0000E+00
     503.500  3940.500     0.0000E+00
     504.500  3940.500     0.0000E+00
     505.500  3940.500     0.0000E+00
     506.500  3940.500     0.0000E+00
     507.500  3940.500     0.0000E+00
     508.500  3940.500     0.0000E+00
     509.500  3940.500     0.0000E+00
     510.500  3940.500     0.0000E+00
     511.500  3940.500     0.0000E+00
     512.500  3940.500     0.0000E+00
     513.500  3940.500     0.0000E+00
     514.500  3940.500     0.0000E+00
     515.500  3940.500     0.0000E+00
     516.500  3940.500     0.0000E+00
     517.500  3940.500     0.0000E+00
     518.500  3940.500     0.0000E+00
     519.500  3940.500     0.0000E+00
     520.500  3940.500     0.0000E+00
     521.500  3940.500     0.0000E+00
     522.500  3940.500     0.0000E+00
     523.500  3940.500     0.0000E+00
     524.500  3940.500     0.0000E+00
     525.500  3940.500     0.0000E+00
     526.500  3940.500     0.0000E+00
     527.500  3940.500     0.0000E+00
     528.500  3940.500     0.0000E+00
     529.500  3940.500     0.0000E+00
     530.500  3940.500     0.0000E+00
     531.500  3940.500     0.0000E+00
     532.500  3940.500     0.0000E+00
     533.500  3940.500     0.0000E+00
     534.500  3940.500     0.0000E+00
     535.500  3940.500     0.0000E+00
     536.500  3940.500     0.0000E+00
     537.500  3940.500     0.0000E+00
     538.500  3940.500     0.0000E+00
     539.500  3940.500     0.0000E+00
     540.500  3940.500     0.0000E+00
     541.500  3940.500     0.0000E+00
     542.500  3940.500     0.0000E+00
     543.500  3940.500     0.0000E+00
     544.500  3940.500     0.0000E+00
     495.500  3941.500     0.0000E+00
     496.500  3941.500     0.0000E+00
     497.500  3941.500     0.0000E+00
     498.500  3941.500     0.0000E+00
     499.500  3941.500     0.0000E+00
     500.500  3941.500     0.0000E+00
     501.500  3941.500     0.0000E+00
     502.500  3941.500     0.0000E+00
     503.500  3941.500     0.0000E+00
     504.500  3941.500     0.0000E+00
     505.500  3941.500     0.0000E+00
     506.500  3941.500     0.0000E+00
     507.500  3941.500     0.0000E+00
     508.500  3941.500     0.0000E+00
     509.500  3941.500     0.0000E+00
     510.500  3941.500     0.0000E+00
     511.500  3941.500     0.0000E+00
     512.500  3941.500     0.0000E+00
     513.500  3941.500     0.0000E+00
     514.500  3941.500     0.0000E+00
     515.500  3941.500     0.0000E+00
     516.500  3941.500     0.0000E+00
     517.500  3941.500     0.0000E+00
     518.500  3941.500     0.0000E+00
     519.500  3941.500     0.0000E+00
     520.500  3941.500     0.0000E+00
     521.500  3941.500     0.0000E+00
     522.500  3941.500     0.0000E+00
     523.500  3941.500     0.0000E+00
     524.500  3941.500     0.0000E+00
     525.500  3941.500     0.0000E+00
     526.500  3941.500     0.0000E+00
     527.500  3941.500     0.0000E+00
     528.500  3941.500     0.0000E+00
     529.500  3941.500     0.0000E+00
     530.500  3941.500     0.0000E+00
     531.500  3941.500     0.0000E+00
     532.500  3941.500     0.0000E+00
     533.500  3941.500     0.0000E+00
     534.500  3941.500     0.0000E+00
     535.500  3941.500     0.0000E+00
     536.500  3941.500     0.0000E+00
     537.500  3941.500     0.0000E+00
     538.500  3941.500     0.0000E+00
     539.500  3941.500     0.0000E+00
     540.500  3941.500     0.0000E+00
     541.500  3941.500     0.0000E+00
     542.500  3941.500     0.0000E+00
     543.500  3941.500     0.0000E+00
     544.500  3941.500     0.0000E+00
     495.500  3942.500     0.0000E+00
     496.500  3942.500     0.0000E+00
     497.500  3942.500     0.0000E+00
     498.500  3942.500     0.0000E+00
     499.500  3942.500     0.0000E+00
     500.500  3942.500     0.0000E+00
     501.500  3942.500     0.0000E+00
     502.500  3942.500     0.0000E+00
     503.500  3942.500     0.0000E+00
     504.500  3942.500     0.0000E+00
     505.500  3942.500     0.0000E+00
     506.500  3942.500     0.0000E+00
     507.500  3942.500     0.0000E+00
     508.500  3942.500     0.0000E+00
     509.500  3942.500     0.0000E+00
     510.500  3942.500     0.0000E+00
     511.500  3942.500     0.0000E+00
     512.500  3942.500     0.0000E+00
     513.500  3942.500     0.0000E+00
     514.500  3942.500     0.0000E+00
     515.500  3942.500     0.0000E+00
     516.500  3942.500     0.0000E+00
     517.500  3942.500     0.0000E+00
     518.500  3942.500     0.0000E+00
     519.500  3942.500     0.0000E+00
     520.500  3942.500     0.0000E+00
     521.500  3942.500     0.0000E+00
     522.500  3942.500     0.0000E+00
     523.500  3942.500     0.0000E+00
     524.500  3942.500     0.0000E+00
     525.500  3942.500     0.0000E+00
     526.500  3942.500     0.0000E+00
     527.500  3942.500     0.0000E+00
     528.500  3942.500     0.0000E+00
     529.500  3942.500     0.0000E+00
     530.500  3942.500     0.0000E+00
     531.500  3942.500     0.0000E+00
     532.500  3942.500     0.0000E+00
     533.500  3942.500     0.0000E+00
     534.500  3942.500     0.0000E+00
     535.500  3942.500     0.0000E+00
     536.500  3942.500     0.0000E+00
     537.500  3942.500     0.0000E+00
     538.500  3942.500     0.0000E+00
     539.500  3942.500     0.0000E+00
     540.500  3942.500     0.0000E+00
     541.500  3942.500     0.0000E+00
     542.500  3942.500     0.0000E+00
     543.500  3942.500     0.0000E+00
     544.500  3942.500     0.0000E+00
     495.500  3943.500     0.0000E+00
     496.500  3943.500     0.0000E+00
     497.500  3943.500     0.0000E+00
     498.500  3943.500     0.0000E+00
     499.500  3943.500     0.0000E+00
     500.500  3943.500     0.0000E+00
     501.500  3943.500     0.0000E+00
     502.500  3943.500     0.0000E+00
     503.500  3943.500     0.0000E+00
     504.500  3943.500     0.0000E+00
     505.500  3943.500     0.0000E+00
     506.500  3943.500     0.0000E+00
     507.500  3943.500     0.0000E+00
     508.500  3943.500     0.0000E+00
     509.500  3943.500     0.0000E+00
     510.500  3943.500     0.0000E+00
     511.500  3943.500     0.0000E+00
     512.500  3943.500     0.0000E+00
     513.500  3943.500     0.0000E+00
     514.500  3943.500     0.0000E+00
     515.500  3943.500     0.0000E+00
     516.500  3943.500     0.0000E+00
     517.500  3943.500     0.0000E+00
     518.500  3943.500     0.0000E+00
     519.500  3943.500     0.0000E+00
     520.500  3943.500     0.0000E+00
     521.500  3943.500     0.0000E+00
     522.500  3943.500     0.0000E+00
     523.500  3943.500     0.0000E+00
     524.500  3943.500     0.0000E+00
     525.500  3943.500     0.0000E+00
     526.500  3943.500     0.0000E+00
     527.500  3943.500     0.0000E+00
     528.500  3943.500     0.0000E+00
     529.500  3943.500     0.0000E+00
     530.500  3943.500     0.0000E+00
     531.500  3943.500     0.0000E+00
     532.500  3943.500     0.0000E+00
     533.500  3943.500     0.0000E+00
     534.500  3943.500     0.0000E+00
     535.500  3943.500     0.0000E+00
     536.500  3943.500     0.0000E+00
     537.500  3943.500     0.0000E+00
     538.500  3943.500     0.0000E+00
     539.500  3943.500     0.0000E+00
     540.500  3943.500     0.0000E+00
     541.500  3943.500     0.0000E+00
     542.500  3943.500     0.0000E+00
     543.500  3943.500     0.0000E+00
     544.500  3943.500     0.0000E+00
     495.500  3944.500     0.0000E+00
     496.500  3944.500     0.0000E+00
     497.500  3944.500     0.0000E+00
     498.500  3944.500     0.0000E+00
     499.500  3944.500     0.0000E+00
     500.500  3944.500     0.0000E+00
     501.500  3944.500     0.0000E+00
     502.500  3944.500     0.0000E+00
     503.500  3944.500     0.0000E+00
     504.500  3944.500     0.0000E+00
     505.500  3944.500     0.0000E+00
     506.500  3944.500     0.0000E+00
     507.500  3944.500     0.0000E+00
     508.500  3944.500     0.0000E+00
     509.500  3944.500     0.0000E+00
     510.500  3944.500     0.0000E+00
     511.500  3944.500     0.0000E+00
     512.500  3944.500     0.0000E+00
     513.500  3944.500     0.0000E+00
     514.500  3944.500     0.0000E+00
     515.500  3944.500     0.0000E+00
     516.500  3944.500     0.0000E+00
     517.500  3944.500     0.0000E+00
     518.500  3944.500     0.0000E+00
     519.500  3944.500     0.0000E+00
     520.500  3944.500     0.0000E+00
     521.500  3944.500     0.0000E+00
     522.500  3944.500     0.0000E+00
     523.500  3944.500     0.0000E+00
     524.500  3944.500     0.0000E+00
     525.500  3944.500     0.0000E+00
     526.500  3944.500     0.0000E+00
     527.500  3944.500     0.0000E+00
     528.500  3944.500     0.0000E+00
     529.500  3944.500     0.0000E+00
     530.500  3944.500     0.0000E+00
     531.500  3944.500     0.0000E+00
     532.500  3944.500     0.0000E+00
     533.500  3944.500     0.0000E+00
     534.500  3944.500     0.0000E+00
     535.500  3944.500     0.0000E+00
     536.500  3944.500     0.0000E+00
     537.500  3944.500     0.0000E+00
     538.500  3944.500     0.0000E+00
     539.500  3944.500     0.0000E+00
     540.500  3944.500     0.0000E+00
     541.500  3944.500     0.0000E+00
     542.500  3944.500     0.0000E+00
     543.500  3944.500     0.0000E+00
     544.500  3944.500     0.0000E+00
     495.500  3945.500     0.0000E+00
     496.500  3945.500     0.0000E+00
     497.500  3945.500     0.0000E+00
     498.500  3945.500     0.0000E+00
     499.500  3945.500     0.0000E+00
     500.500  3945.500     0.0000E+00
     501.500  3945.500     0.0000E+00
     502.500  3945.500     0.0000E+00
     503.500  3945.500     0.0000E+00
     504.500  3945.500     0.0000E+00
     505.500  3945.500     0.0000E+00
     506.500  3945.500     0.0000E+00
     507.500  3945.500     0.0000E+00
     508.500  3945.500     0.0000E+00
     509.500  3945.500     0.0000E+00
     510.500  3945.500     0.0000E+00
     511.500  3945.500     0.0000E+00
     512.500  3945.500     0.0000E+00
     513.500  3945.500     0.0000E+00
     514.500  3945.500     0.0000E+00
     515.500  3945.500     0.0000E+00
     516.500  3945.500     0.0000E+00
     517.500  3945.500     0.0000E+00
     518.500  3945.500     0.0000E+00
     519.500  3945.500     0.0000E+00
     520.500  3945.500     0.0000E+00
     521.500  3945.500     0.0000E+00
     522.500  3945.500     0.0000E+00
     523.500  3945.500     0.0000E+00
     524.500  3945.500     0.0000E+00
     525.500  3945.500     0.0000E+00
     526.500  3945.500     0.0000E+00
     527.500  3945.500     0.0000E+00
     528.500  3945.500     0.0000E+00
     529.500  3945.500     0.0000E+00
     530.500  3945.500     0.0000E+00
     531.500  3945.500     0.0000E+00
     532.500  3945.500     0.0000E+00
     533.500  3945.500     0.0000E+00
     534.500  3945.500     0.0000E+00
     535.500  3945.500     0.0000E+00
     536.500  3945.500     0.0000E+00
     537.500  3945.500     0.0000E+00
     538.500  3945.500     0.0000E+00
     539.500  3945.500     0.0000E+00
     540.500  3945.500     0.0000E+00
     541.500  3945.500     0.0000E+00
     542.500  3945.500     0.0000E+00
     543.500  3945.500     0.0000E+00
     544.500  3945.500     0.0000E+00
     495.500  3946.500     0.0000E+00
     496.500  3946.500     0.0000E+00
     497.500  3946.500     0.0000E+00
     498.500  3946.500     0.0000E+00
     499.500  3946.500     0.0000E+00
     500.500  3946.500     0.0000E+00
     501.500  3946.500     0.0000E+00
     502.500  3946.500     0.0000E+00
     503.500  3946.500     0.0000E+00
     504.500  3946.500     0.0000E+00
     505.500  3946.500     0.0000E+00
     506.500  3946.500     0.0000E+00
     507.500  3946.500     0.0000E+00
     508.500  3946.500     0.0000E+00
     509.500  3946.500     0.0000E+00
     510.500  3946.500     0.0000E+00
     511.500  3946.500     0.0000E+00
     512.500  3946.500     0.0000E+00
     513.500  3946.500     0.0000E+00
     514.500  3946.500     0.0000E+00
     515.500  3946.500     0.0000E+00
     516.500  3946.500     0.0000E+00
     517.500  3946.500     0.0000E+00
     518.500  3946.500     0.0000E+00
     519.500  3946.500     0.0000E+00
     520.500  3946.500     0.0000E+00
     521.500  3946.500     0.0000E+00
     522.500  3946.500     0.0000E+00
     523.500  3946.500     0.0000E+00
     524.500  3946.500     0.0000E+00
     525.500  3946.500     0.0000E+00
     526.500  3946.500     0.0000E+00
     527.500  3946.500     0.0000E+00
     528.500  3946.500     0.0000E+00
     529.500  3946.500     0.0000E+00
     530.500  3946.500     0.0000E+00
     531.500  3946.500     0.0000E+00
     532.500  3946.500     0.0000E+00
     533.500  3946.500     0.0000E+00
     534.500  3946.500     0.0000E+00
     535.500  3946.500     0.0000E+00
     536.500  3946.500     0.0000E+00
     537.500  3946.500     0.0000E+00
     538.500  3946.500     0.0000E+00
     539.500  3946.500     0.0000E+00
     540.500  3946.500     0.0000E+00
     541.500  3946.500     0.0000E+00
     542.500  3946.500     0.0000E+00
     543.500  3946.500     0.0000E+00
     544.500  3946.500     0.0000E+00
     495.500  3947.500     0.0000E+00
     496.500  3947.500     0.0000E+00
     497.500  3947.500     0.0000E+00
     498.500  3947.500     0.0000E+00
     499.500  3947.500     0.0000E+00
     500.500  3947.500     0.0000E+00
     501.500  3947.500     0.0000E+00
     502.500  3947.500     0.0000E+00
     503.500  3947.500     0.0000E+00
     504.500  3947.500     0.0000E+00
     505.500  3947.500     0.0000E+00
     506.500  3947.500     0.0000E+00
     507.500  3947.500     0.0000E+00
     508.500  3947.500     0.0000E+00
     509.500  3947.500     0.0000E+00
     510.500  3947.500     0.0000E+00
     511.500  3947.500     0.0000E+00
     512.500  3947.500     0.0000E+00
     513.500  3947.500     0.0000E+00
     514.500  3947.500     0.0000E+00
     515.500  3947.500     0.0000E+00
     516.500  3947.500     0.0000E+00
     517.500  3947.500     0.0000E+00
     518.500  3947.500     0.0000E+00
     519.500  3947.500     0.0000E+00
     520.500  3947.500     0.0000E+00
     521.500  3947.500     0.0000E+00
     522.500  3947.500     0.0000E+00
     523.500  3947.500     0.0000E+00
     524.500  3947.500     0.0000E+00
     525.500  3947.500     0.0000E+00
     526.500  3947.500     0.0000E+00
     527.500  3947.500     0.0000E+00
     528.500  3947.500     0.0000E+00
     529.500  3947.500     0.0000E+00
     530.500  3947.500     0.0000E+00
     531.500  3947.500     0.0000E+00
     532.500  3947.500     0.0000E+00
     533.500  3947.500     0.0000E+00
     534.500  3947.500     0.0000E+00
     535.500  3947.500     0.0000E+00
     536.500  3947.500     0.0000E+00
     537.500  3947.500     0.0000E+00
     538.500  3947.500     0.0000E+00
     539.500  3947.500     0.0000E+00
     540.500  3947.500     0.0000E+00
     541.500  3947.500     0.0000E+00
     542.500  3947.500     0.0000E+00
     543.500  3947.500     0.0000E+00
     544.500  3947.500     0.0000E+00
     495.500  3948.500     0.0000E+00
     496.500  3948.500     0.0000E+00
     497.500  3948.500     0.0000E+00
     498.500  3948.500     0.0000E+00
     499.500  3948.500     0.0000E+00
     500.500  3948.500     0.0000E+00
     501.500  3948.500     0.0000E+00
     502.500  3948.500     0.0000E+00
     503.500  3948.500     0.0000E+00
     504.500  3948.500     0.0000E+00
     505.500  3948.500     0.0000E+00
     506.500  3948.500     0.0000E+00
     507.500  3948.500     0.0000E+00
     508.500  3948.500     0.0000E+00
     509.500  3948.500     0.0000E+00
     510.500  3948.500     0.0000E+00
     511.500  3948.500     0.0000E+00
     512.500  3948.500     0.0000E+00
     513.500  3948.500     0.0000E+00
     514.500  3948.500     0.0000E+00
     515.500  3948.500     0.0000E+00
     516.500  3948.500     0.0000E+00
     517.500  3948.500     0.0000E+00
     518.500  3948.500     0.0000E+00
     519.500  3948.500     0.0000E+00
     520.500  3948.500     0.0000E+00
     521.500  3948.500     0.0000E+00
     522.500  3948.500     0.0000E+00
     523.500  3948.500     0.0000E+00
     524.500  3948.500     0.0000E+00
     525.500  3948.500     0.0000E+00
     526.500  3948.500     0.0000E+00
     527.500  3948.500     0.0000E+00
     528.500  3948.500     0.0000E+00
     529.500  3948.500     0.0000E+00
     530.500  3948.500     0.0000E+00
     531.500  3948.500     0.0000E+00
     532.500  3948.500     0.0000E+00
     533.500  3948.500     0.0000E+00
     534.500  3948.500     0.0000E+00
     535.500  3948.500     0.0000E+00
     536.500  3948.500     0.0000E+00
     537.500  3948.500     0.0000E+00
     538.500  3948.500     0.0000E+00
     539.500  3948.500     0.0000E+00
     540.500  3948.500     0.0000E+00
     541.500  3948.500     0.0000E+00
     542.500  3948.500     0.0000E+00
     543.500  3948.500     0.0000E+00
     544.500  3948.500     0.0000E+00
     495.500  3949.500     0.0000E+00
     496.500  3949.500     0.0000E+00
     497.500  3949.500     0.0000E+00
     498.500  3949.500     0.0000E+00
     499.500  3949.500     0.0000E+00
     500.500  3949.500     0.0000E+00
     501.500  3949.500     0.0000E+00
     502.500  3949.500     0.0000E+00
     503.500  3949.500     0.0000E+00
     504.500  3949.500     0.0000E+00
     505.500  3949.500     0.0000E+00
     506.500  3949.500     0.0000E+00
     507.500  3949.500     0.0000E+00
     508.500  3949.500     0.0000E+00
     509.500  3949.500     0.0000E+00
     510.500  3949.500     0.0000E+00
     511.500  3949.500     0.0000E+00
     512.500  3949.500     0.0000E+00
     513.500  3949.500     0.0000E+00
     514.500  3949.500     0.0000E+00
     515.500  3949.500     0.0000E+00
     516.500  3949.500     0.0000E+00
     517.500  3949.500     0.0000E+00
     518.500  3949.500     0.0000E+00
     519.500  3949.500     0.0000E+00
     520.500  3949.500     0.0000E+00
     521.500  3949.500     0.0000E+00
     522.500  3949.500     0.0000E+00
     523.500  3949.500     0.0000E+00
     524.500  3949.500     0.0000E+00
     525.500  3949.500     0.0000E+00
     526.500  3949.500     0.0000E+00
     527.500  3949.500     0.0000E+00
     528.500  3949.500     0.0000E+00
     529.500  3949.500     0.0000E+00
     530.500  3949.500     0.0000E+00
     531.500  3949.500     0.0000E+00
     532.500  3949.500     0.0000E+00
     533.500  3949.500     0.0000E+00
     534.500  3949.500     0.0000E+00
     535.500  3949.500     0.0000E+00
     536.500  3949.500     0.0000E+00
     537.500  3949.500     0.0000E+00
     538.500  3949.500     0.0000E+00
     539.500  3949.500     0.0000E+00
     540.500  3949.500     0.0000E+00
     541.500  3949.500     0.0000E+00
     542.500  3949.500     0.0000E+00
     543.500  3949.500     0.0000E+00
     544.500  3949.500     0.0000E+00
     495.500  3950.500     0.0000E+00
     496.500  3950.500     0.0000E+00
     497.500  3950.500     0.0000E+00
     498.500  3950.500     0.0000E+00
     499.500  3950.500     0.0000E+00
     500.500  3950.500     0.0000E+00
     501.500  3950.500     0.0000E+00
     502.500  3950.500     0.0000E+00
     503.500  3950.500     0.0000E+00
     504.500  3950.500     0.0000E+00
     505.500  3950.500     0.0000E+00
     506.500  3950.500     0.0000E+00
     507.500  3950.500     0.0000E+00
     508.500  3950.500     0.0000E+00
     509.500  3950.500     0.0000E+00
     510.500  3950.500     0.0000E+00
     511.500  3950.500     0.0000E+00
     512.500  3950.500     0.0000E+00
     513.500  3950.500     0.0000E+00
     514.500  3950.500     0.0000E+00
     515.500  3950.500     0.0000E+00
     516.500  3950.500     0.0000E+00
     517.500  3950.500     0.0000E+00
     518.500  3950.500     0.0000E+00
     519.500  3950.500     0.0000E+00
     520.500  3950.500     0.0000E+00
     521.500  3950.500     0.0000E+00
     522.500  3950.500     0.0000E+00
     523.500  3950.500     0.0000E+00
     524.500  3950.500     0.0000E+00
     525.500  3950.500     0.0000E+00
     526.500  3950.500     0.0000E+00
     527.500  3950.500     0.0000E+00
     528.500  3950.500     0.0000E+00
     529.500  3950.500     0.0000E+00
     530.500  3950.500     0.0000E+00
     531.500  3950.500     0.0000E+00
     532.500  3950.500     0.0000E+00
     533.500  3950.500     0.0000E+00
     534.500  3950.500     0.0000E+00
     535.500  3950.500     0.0000E+00
     536.500  3950.500     0.0000E+00
     537.500  3950.500     0.0000E+00
     538.500  3950.500     0.0000E+00
     539.500  3950.500     0.0000E+00
     540.500  3950.500     0.0000E+00
     541.500  3950.500     0.0000E+00
     542.500  3950.500     0.0000E+00
     543.500  3950.500     0.0000E+00
     544.500  3950.500     0.0000E+00
     495.500  3951.500     0.0000E+00
     496.500  3951.500     0.0000E+00
     497.500  3951.500     0.0000E+00
     498.500  3951.500     0.0000E+00
     499.500  3951.500     0.0000E+00
     500.500  3951.500     0.0000E+00
     501.500  3951.500     0.0000E+00
     502.500  3951.500     0.0000E+00
     503.500  3951.500     0.0000E+00
     504.500  3951.500     0.0000E+00
     505.500  3951.500     0.0000E+00
     506.500  3951.500     0.0000E+00
     507.500  3951.500     0.0000E+00
     508.500  3951.500     0.0000E+00
     509.500  3951.500     0.0000E+00
     510.500  3951.500     0.0000E+00
     511.500  3951.500     0.0000E+00
     512.500  3951.500     0.0000E+00
     513.500  3951.500     0.0000E+00
     514.500  3951.500     0.0000E+00
     515.500  3951.500     0.0000E+00
     516.500  3951.500     0.0000E+00
     517.500  3951.500     0.0000E+00
     518.500  3951.500     0.0000E+00
     519.500  3951.500     0.0000E+00
     520.500  3951.500     0.0000E+00
     521.500  3951.500     0.0000E+00
     522.500  3951.500     0.0000E+00
     523.500  3951.500     0.0000E+00
     524.500  3951.500     0.0000E+00
     525.500  3951.500     0.0000E+00
     526.500  3951.500     0.0000E+00
     527.500  3951.500     0.0000E+00
     528.500  3951.500     0.0000E+00
     529.500  3951.500     0.0000E+00
     530.500  3951.500     0.0000E+00
     531.500  3951.500     0.0000E+00
     532.500  3951.500     0.0000E+00
     533.500  3951.500     0.0000E+00
     534.500  3951.500     0.0000E+00
     535.500  3951.500     0.0000E+00
     536.500  3951.500     0.0000E+00
     537.500  3951.500     0.0000E+00
     538.500  3951.500     0.0000E+00
     539.500  3951.500     0.0000E+00
     540.500  3951.500     0.0000E+00
     541.500  3951.500     0.0000E+00
     542.500  3951.500     0.0000E+00
     543.500  3951.500     0.0000E+00
     544.500  3951.500     0.0000E+00
     495.500  3952.500     0.0000E+00
     496.500  3952.500     0.0000E+00
     497.500  3952.500     0.0000E+00
     498.500  3952.500     0.0000E+00
     499.500  3952.500     0.0000E+00
     500.500  3952.500     0.0000E+00
     501.500  3952.500     0.0000E+00
     502.500  3952.500     0.0000E+00
     503.500  3952.500     0.0000E+00
     504.500  3952.500     0.0000E+00
     505.500  3952.500     0.0000E+00
     506.500  3952.500     0.0000E+00
     507.500  3952.500     0.0000E+00
     508.500  3952.500     0.0000E+00
     509.500  3952.500     0.0000E+00
     510.500  3952.500     0.0000E+00
     511.500  3952.500     0.0000E+00
     512.500  3952.500     0.0000E+00
     513.500  3952.500     0.0000E+00
     514.500  3952.500     0.0000E+00
     515.500  3952.500     0.0000E+00
     516.500  3952.500     0.0000E+00
     517.500  3952.500     0.0000E+00
     518.500  3952.500     0.0000E+00
     519.500  3952.500     0.0000E+00
     520.500  3952.500     0.0000E+00
     521.500  3952.500     0.0000E+00
     522.500  3952.500     0.0000E+00
     523.500  3952.500     0.0000E+00
     524.500  3952.500     0.0000E+00
     525.500  3952.500     0.0000E+00
     526.500  3952.500     0.0000E+00
     527.500  3952.500     0.0000E+00
     528.500  3952.500     0.0000E+00
     529.500  3952.500     0.0000E+00
     530.500  3952.500     0.0000E+00
     531.500  3952.500     0.0000E+00
     532.500  3952.500     0.0000E+00
     533.500  3952.500     0.0000E+00
     534.500  3952.500     0.0000E+00
     535.500  3952.500     0.0000E+00
     536.500  3952.500     0.0000E+00
     537.500  3952.500     0.0000E+00
     538.500  3952.500     0.0000E+00
     539.500  3952.500     0.0000E+00
     540.500  3952.500     0.0000E+00
     541.500  3952.500     0.0000E+00
     542.500  3952.500     0.0000E+00
     543.500  3952.500     0.0000E+00
     544.500  3952.500     0.0000E+00
     495.500  3953.500     0.0000E+00
     496.500  3953.500     0.0000E+00
     497.500  3953.500     0.0000E+00
     498.500  3953.500     0.0000E+00
     499.500  3953.500     0.0000E+00
     500.500  3953.500     0.0000E+00
     501.500  3953.500     0.0000E+00
     502.500  3953.500     0.0000E+00
     503.500  3953.500     0.0000E+00
     504.500  3953.500     0.0000E+00
     505.500  3953.500     0.0000E+00
     506.500  3953.500     0.0000E+00
     507.500  3953.500     0.0000E+00
     508.500  3953.500     0.0000E+00
     509.500  3953.500     0.0000E+00
     510.500  3953.500     0.0000E+00
     511.500  3953.500     0.0000E+00
     512.500  3953.500     0.0000E+00
     513.500  3953.500     0.0000E+00
     514.500  3953.500     0.0000E+00
     515.500  3953.500     0.0000E+00
     516.500  3953.500     0.0000E+00
     517.500  3953.500     0.0000E+00
     518.500  3953.500     0.0000E+00
     519.500  3953.500     0.0000E+00
     520.500  3953.500     0.0000E+00
     521.500  3953.500     0.0000E+00
     522.500  3953.500     0.0000E+00
     523.500  3953.500     0.0000E+00
     524.500  3953.500     0.0000E+00
     525.500  3953.500     0.0000E+00
     526.500  3953.500     0.0000E+00
     527.500  3953.500     0.0000E+00
     528.500  3953.500     0.0000E+00
     529.500  3953.500     0.0000E+00
     530.500  3953.500     0.0000E+00
     531.500  3953.500     0.0000E+00
     532.500  3953.500     0.0000E+00
     533.500  3953.500     0.0000E+00
     534.500  3953.500     0.0000E+00
     535.500  3953.500     0.0000E+00
     536.500  3953.500     0.0000E+00
     537.500  3953.500     0.0000E+00
     538.500  3953.500     0.0000E+00
     539.500  3953.500     0.0000E+00
     540.500  3953.500     0.0000E+00
     541.500  3953.500     0.0000E+00
     542.500  3953.500     0.0000E+00
     543.500  3953.500     0.0000E+00
     544.500  3953.500     0.0000E+00
     495.500  3954.500     0.0000E+00
     496.500  3954.500     0.0000E+00
     497.500  3954.500     0.0000E+00
     498.500  3954.500     0.0000E+00
     499.500  3954.500     0.0000E+00
     500.500  3954.500     0.0000E+00
     501.500  3954.500     0.0000E+00
     502.500  3954.500     0.0000E+00
     503.500  3954.500     0.0000E+00
     504.500  3954.500     0.0000E+00
     505.500  3954.500     0.0000E+00
     506.500  3954.500     0.0000E+00
     507.500  3954.500     0.0000E+00
     508.500  3954.500     0.0000E+00
     509.500  3954.500     0.0000E+00
     510.500  3954.500     0.0000E+00
     511.500  3954.500     0.0000E+00
     512.500  3954.500     0.0000E+00
     513.500  3954.500     0.0000E+00
     514.500  3954.500     0.0000E+00
     515.500  3954.500     0.0000E+00
     516.500  3954.500     0.0000E+00
     517.500  3954.500     0.0000E+00
     518.500  3954.500     0.0000E+00
     519.500  3954.500     0.0000E+00
     520.500  3954.500     0.0000E+00
     521.500  3954.500     0.0000E+00
     522.500  3954.500     0.0000E+00
     523.500  3954.500     0.0000E+00
     524.500  3954.500     0.0000E+00
     525.500  3954.500     0.0000E+00
     526.500  3954.500     0.0000E+00
     527.500  3954.500     0.0000E+00
     528.500  3954.500     0.0000E+00
     529.500  3954.500     0.0000E+00
     530.500  3954.500     0.0000E+00
     531.500  3954.500     0.0000E+00
     532.500  3954.500     0.0000E+00
     533.500  3954.500     0.0000E+00
     534.500  3954.500     0.0000E+00
     535.500  3954.500     0.0000E+00
     536.500  3954.500     0.0000E+00
     537.500  3954.500     0.0000E+00
     538.500  3954.500     0.0000E+00
     539.500  3954.500     0.0000E+00
     540.500  3954.500     0.0000E+00
     541.500  3954.500     0.0000E+00
     542.500  3954.500     0.0000E+00
     543.500  3954.500     0.0000E+00
     544.500  3954.500     0.0000E+00
     523.642  3934.174     3.7405E-06
     533.661  3935.153     0.0000E+00
     534.934  3933.278     0.0000E+00
     537.941  3928.923     0.0000E+00
     539.209  3926.428     0.0000E+00
     530.687  3933.234     6.6302E-04
     528.743  3936.682     0.0000E+00
     529.379  3937.549     0.0000E+00
     527.900  3932.391     1.6016E-03
     529.626  3931.465     3.7538E-03
     530.937  3931.355     5.5241E-03
     534.513  3928.843     5.4928E-03
     530.716  3928.240     1.5856E-01
     527.755  3927.782     7.4548E+00
     530.426  3921.802     3.8263E-01
     528.551  3921.285     3.3579E-01
     529.374  3937.537     0.0000E+00
