        1   HOUR AVERAGE  CONCENTRATION VALUES AT EACH RECEPTOR  (ug/m**3)    

                   PM2.5         1

     RECEPTOR (x,y) km      VALUE
 
     495.500  3905.500     0.0000E+00
     496.500  3905.500     0.0000E+00
     497.500  3905.500     0.0000E+00
     498.500  3905.500     0.0000E+00
     499.500  3905.500     0.0000E+00
     500.500  3905.500     0.0000E+00
     501.500  3905.500     0.0000E+00
     502.500  3905.500     0.0000E+00
     503.500  3905.500     0.0000E+00
     504.500  3905.500     0.0000E+00
     505.500  3905.500     0.0000E+00
     506.500  3905.500     0.0000E+00
     507.500  3905.500     0.0000E+00
     508.500  3905.500     0.0000E+00
     509.500  3905.500     0.0000E+00
     510.500  3905.500     0.0000E+00
     511.500  3905.500     0.0000E+00
     512.500  3905.500     0.0000E+00
     513.500  3905.500     0.0000E+00
     514.500  3905.500     0.0000E+00
     515.500  3905.500     0.0000E+00
     516.500  3905.500     0.0000E+00
     517.500  3905.500     0.0000E+00
     518.500  3905.500     0.0000E+00
     519.500  3905.500     0.0000E+00
     520.500  3905.500     0.0000E+00
     521.500  3905.500     0.0000E+00
     522.500  3905.500     0.0000E+00
     523.500  3905.500     0.0000E+00
     524.500  3905.500     0.0000E+00
     525.500  3905.500     0.0000E+00
     526.500  3905.500     0.0000E+00
     527.500  3905.500     0.0000E+00
     528.500  3905.500     0.0000E+00
     529.500  3905.500     0.0000E+00
     530.500  3905.500     0.0000E+00
     531.500  3905.500     0.0000E+00
     532.500  3905.500     0.0000E+00
     533.500  3905.500     0.0000E+00
     534.500  3905.500     0.0000E+00
     535.500  3905.500     0.0000E+00
     536.500  3905.500     0.0000E+00
     537.500  3905.500     0.0000E+00
     538.500  3905.500     0.0000E+00
     539.500  3905.500     0.0000E+00
     540.500  3905.500     0.0000E+00
     541.500  3905.500     0.0000E+00
     542.500  3905.500     0.0000E+00
     543.500  3905.500     0.0000E+00
     544.500  3905.500     0.0000E+00
     495.500  3906.500     0.0000E+00
     496.500  3906.500     0.0000E+00
     497.500  3906.500     0.0000E+00
     498.500  3906.500     0.0000E+00
     499.500  3906.500     0.0000E+00
     500.500  3906.500     0.0000E+00
     501.500  3906.500     0.0000E+00
     502.500  3906.500     0.0000E+00
     503.500  3906.500     0.0000E+00
     504.500  3906.500     0.0000E+00
     505.500  3906.500     0.0000E+00
     506.500  3906.500     0.0000E+00
     507.500  3906.500     0.0000E+00
     508.500  3906.500     0.0000E+00
     509.500  3906.500     0.0000E+00
     510.500  3906.500     0.0000E+00
     511.500  3906.500     0.0000E+00
     512.500  3906.500     0.0000E+00
     513.500  3906.500     0.0000E+00
     514.500  3906.500     0.0000E+00
     515.500  3906.500     0.0000E+00
     516.500  3906.500     0.0000E+00
     517.500  3906.500     0.0000E+00
     518.500  3906.500     0.0000E+00
     519.500  3906.500     0.0000E+00
     520.500  3906.500     0.0000E+00
     521.500  3906.500     0.0000E+00
     522.500  3906.500     0.0000E+00
     523.500  3906.500     0.0000E+00
     524.500  3906.500     0.0000E+00
     525.500  3906.500     0.0000E+00
     526.500  3906.500     0.0000E+00
     527.500  3906.500     0.0000E+00
     528.500  3906.500     0.0000E+00
     529.500  3906.500     0.0000E+00
     530.500  3906.500     0.0000E+00
     531.500  3906.500     0.0000E+00
     532.500  3906.500     0.0000E+00
     533.500  3906.500     0.0000E+00
     534.500  3906.500     0.0000E+00
     535.500  3906.500     0.0000E+00
     536.500  3906.500     0.0000E+00
     537.500  3906.500     0.0000E+00
     538.500  3906.500     0.0000E+00
     539.500  3906.500     0.0000E+00
     540.500  3906.500     0.0000E+00
     541.500  3906.500     0.0000E+00
     542.500  3906.500     0.0000E+00
     543.500  3906.500     0.0000E+00
     544.500  3906.500     0.0000E+00
     495.500  3907.500     0.0000E+00
     496.500  3907.500     0.0000E+00
     497.500  3907.500     0.0000E+00
     498.500  3907.500     0.0000E+00
     499.500  3907.500     0.0000E+00
     500.500  3907.500     0.0000E+00
     501.500  3907.500     0.0000E+00
     502.500  3907.500     0.0000E+00
     503.500  3907.500     0.0000E+00
     504.500  3907.500     0.0000E+00
     505.500  3907.500     0.0000E+00
     506.500  3907.500     0.0000E+00
     507.500  3907.500     0.0000E+00
     508.500  3907.500     0.0000E+00
     509.500  3907.500     0.0000E+00
     510.500  3907.500     0.0000E+00
     511.500  3907.500     0.0000E+00
     512.500  3907.500     0.0000E+00
     513.500  3907.500     0.0000E+00
     514.500  3907.500     0.0000E+00
     515.500  3907.500     0.0000E+00
     516.500  3907.500     0.0000E+00
     517.500  3907.500     0.0000E+00
     518.500  3907.500     0.0000E+00
     519.500  3907.500     0.0000E+00
     520.500  3907.500     0.0000E+00
     521.500  3907.500     0.0000E+00
     522.500  3907.500     0.0000E+00
     523.500  3907.500     0.0000E+00
     524.500  3907.500     0.0000E+00
     525.500  3907.500     0.0000E+00
     526.500  3907.500     0.0000E+00
     527.500  3907.500     0.0000E+00
     528.500  3907.500     0.0000E+00
     529.500  3907.500     0.0000E+00
     530.500  3907.500     0.0000E+00
     531.500  3907.500     0.0000E+00
     532.500  3907.500     0.0000E+00
     533.500  3907.500     0.0000E+00
     534.500  3907.500     0.0000E+00
     535.500  3907.500     0.0000E+00
     536.500  3907.500     0.0000E+00
     537.500  3907.500     0.0000E+00
     538.500  3907.500     0.0000E+00
     539.500  3907.500     0.0000E+00
     540.500  3907.500     0.0000E+00
     541.500  3907.500     0.0000E+00
     542.500  3907.500     0.0000E+00
     543.500  3907.500     0.0000E+00
     544.500  3907.500     0.0000E+00
     495.500  3908.500     0.0000E+00
     496.500  3908.500     0.0000E+00
     497.500  3908.500     0.0000E+00
     498.500  3908.500     0.0000E+00
     499.500  3908.500     0.0000E+00
     500.500  3908.500     0.0000E+00
     501.500  3908.500     0.0000E+00
     502.500  3908.500     0.0000E+00
     503.500  3908.500     0.0000E+00
     504.500  3908.500     0.0000E+00
     505.500  3908.500     0.0000E+00
     506.500  3908.500     0.0000E+00
     507.500  3908.500     0.0000E+00
     508.500  3908.500     0.0000E+00
     509.500  3908.500     0.0000E+00
     510.500  3908.500     0.0000E+00
     511.500  3908.500     0.0000E+00
     512.500  3908.500     0.0000E+00
     513.500  3908.500     0.0000E+00
     514.500  3908.500     0.0000E+00
     515.500  3908.500     0.0000E+00
     516.500  3908.500     0.0000E+00
     517.500  3908.500     0.0000E+00
     518.500  3908.500     0.0000E+00
     519.500  3908.500     0.0000E+00
     520.500  3908.500     0.0000E+00
     521.500  3908.500     0.0000E+00
     522.500  3908.500     0.0000E+00
     523.500  3908.500     0.0000E+00
     524.500  3908.500     0.0000E+00
     525.500  3908.500     0.0000E+00
     526.500  3908.500     0.0000E+00
     527.500  3908.500     0.0000E+00
     528.500  3908.500     0.0000E+00
     529.500  3908.500     0.0000E+00
     530.500  3908.500     0.0000E+00
     531.500  3908.500     0.0000E+00
     532.500  3908.500     0.0000E+00
     533.500  3908.500     0.0000E+00
     534.500  3908.500     0.0000E+00
     535.500  3908.500     0.0000E+00
     536.500  3908.500     0.0000E+00
     537.500  3908.500     0.0000E+00
     538.500  3908.500     0.0000E+00
     539.500  3908.500     0.0000E+00
     540.500  3908.500     0.0000E+00
     541.500  3908.500     0.0000E+00
     542.500  3908.500     0.0000E+00
     543.500  3908.500     0.0000E+00
     544.500  3908.500     0.0000E+00
     495.500  3909.500     0.0000E+00
     496.500  3909.500     0.0000E+00
     497.500  3909.500     0.0000E+00
     498.500  3909.500     0.0000E+00
     499.500  3909.500     0.0000E+00
     500.500  3909.500     0.0000E+00
     501.500  3909.500     0.0000E+00
     502.500  3909.500     0.0000E+00
     503.500  3909.500     0.0000E+00
     504.500  3909.500     0.0000E+00
     505.500  3909.500     0.0000E+00
     506.500  3909.500     0.0000E+00
     507.500  3909.500     0.0000E+00
     508.500  3909.500     0.0000E+00
     509.500  3909.500     0.0000E+00
     510.500  3909.500     0.0000E+00
     511.500  3909.500     0.0000E+00
     512.500  3909.500     0.0000E+00
     513.500  3909.500     0.0000E+00
     514.500  3909.500     0.0000E+00
     515.500  3909.500     0.0000E+00
     516.500  3909.500     0.0000E+00
     517.500  3909.500     0.0000E+00
     518.500  3909.500     0.0000E+00
     519.500  3909.500     0.0000E+00
     520.500  3909.500     0.0000E+00
     521.500  3909.500     0.0000E+00
     522.500  3909.500     0.0000E+00
     523.500  3909.500     0.0000E+00
     524.500  3909.500     0.0000E+00
     525.500  3909.500     0.0000E+00
     526.500  3909.500     0.0000E+00
     527.500  3909.500     0.0000E+00
     528.500  3909.500     0.0000E+00
     529.500  3909.500     0.0000E+00
     530.500  3909.500     0.0000E+00
     531.500  3909.500     0.0000E+00
     532.500  3909.500     0.0000E+00
     533.500  3909.500     0.0000E+00
     534.500  3909.500     0.0000E+00
     535.500  3909.500     0.0000E+00
     536.500  3909.500     0.0000E+00
     537.500  3909.500     0.0000E+00
     538.500  3909.500     0.0000E+00
     539.500  3909.500     0.0000E+00
     540.500  3909.500     0.0000E+00
     541.500  3909.500     0.0000E+00
     542.500  3909.500     0.0000E+00
     543.500  3909.500     2.5344E-04
     544.500  3909.500     7.8276E-04
     495.500  3910.500     0.0000E+00
     496.500  3910.500     0.0000E+00
     497.500  3910.500     0.0000E+00
     498.500  3910.500     0.0000E+00
     499.500  3910.500     0.0000E+00
     500.500  3910.500     0.0000E+00
     501.500  3910.500     0.0000E+00
     502.500  3910.500     0.0000E+00
     503.500  3910.500     0.0000E+00
     504.500  3910.500     0.0000E+00
     505.500  3910.500     0.0000E+00
     506.500  3910.500     0.0000E+00
     507.500  3910.500     0.0000E+00
     508.500  3910.500     0.0000E+00
     509.500  3910.500     0.0000E+00
     510.500  3910.500     0.0000E+00
     511.500  3910.500     0.0000E+00
     512.500  3910.500     0.0000E+00
     513.500  3910.500     0.0000E+00
     514.500  3910.500     0.0000E+00
     515.500  3910.500     0.0000E+00
     516.500  3910.500     0.0000E+00
     517.500  3910.500     0.0000E+00
     518.500  3910.500     0.0000E+00
     519.500  3910.500     0.0000E+00
     520.500  3910.500     0.0000E+00
     521.500  3910.500     0.0000E+00
     522.500  3910.500     0.0000E+00
     523.500  3910.500     0.0000E+00
     524.500  3910.500     0.0000E+00
     525.500  3910.500     0.0000E+00
     526.500  3910.500     0.0000E+00
     527.500  3910.500     0.0000E+00
     528.500  3910.500     0.0000E+00
     529.500  3910.500     0.0000E+00
     530.500  3910.500     0.0000E+00
     531.500  3910.500     0.0000E+00
     532.500  3910.500     0.0000E+00
     533.500  3910.500     0.0000E+00
     534.500  3910.500     0.0000E+00
     535.500  3910.500     0.0000E+00
     536.500  3910.500     0.0000E+00
     537.500  3910.500     0.0000E+00
     538.500  3910.500     0.0000E+00
     539.500  3910.500     0.0000E+00
     540.500  3910.500     0.0000E+00
     541.500  3910.500     0.0000E+00
     542.500  3910.500     1.4066E-03
     543.500  3910.500     4.6846E-03
     544.500  3910.500     7.1650E-03
     495.500  3911.500     0.0000E+00
     496.500  3911.500     0.0000E+00
     497.500  3911.500     0.0000E+00
     498.500  3911.500     0.0000E+00
     499.500  3911.500     0.0000E+00
     500.500  3911.500     0.0000E+00
     501.500  3911.500     0.0000E+00
     502.500  3911.500     0.0000E+00
     503.500  3911.500     0.0000E+00
     504.500  3911.500     0.0000E+00
     505.500  3911.500     0.0000E+00
     506.500  3911.500     0.0000E+00
     507.500  3911.500     0.0000E+00
     508.500  3911.500     0.0000E+00
     509.500  3911.500     0.0000E+00
     510.500  3911.500     0.0000E+00
     511.500  3911.500     0.0000E+00
     512.500  3911.500     0.0000E+00
     513.500  3911.500     0.0000E+00
     514.500  3911.500     0.0000E+00
     515.500  3911.500     0.0000E+00
     516.500  3911.500     0.0000E+00
     517.500  3911.500     0.0000E+00
     518.500  3911.500     0.0000E+00
     519.500  3911.500     0.0000E+00
     520.500  3911.500     0.0000E+00
     521.500  3911.500     0.0000E+00
     522.500  3911.500     0.0000E+00
     523.500  3911.500     0.0000E+00
     524.500  3911.500     0.0000E+00
     525.500  3911.500     0.0000E+00
     526.500  3911.500     0.0000E+00
     527.500  3911.500     0.0000E+00
     528.500  3911.500     0.0000E+00
     529.500  3911.500     0.0000E+00
     530.500  3911.500     0.0000E+00
     531.500  3911.500     0.0000E+00
     532.500  3911.500     0.0000E+00
     533.500  3911.500     0.0000E+00
     534.500  3911.500     0.0000E+00
     535.500  3911.500     0.0000E+00
     536.500  3911.500     0.0000E+00
     537.500  3911.500     0.0000E+00
     538.500  3911.500     0.0000E+00
     539.500  3911.500     0.0000E+00
     540.500  3911.500     0.0000E+00
     541.500  3911.500     5.0839E-03
     542.500  3911.500     1.7503E-02
     543.500  3911.500     3.0765E-02
     544.500  3911.500     3.4036E-02
     495.500  3912.500     0.0000E+00
     496.500  3912.500     0.0000E+00
     497.500  3912.500     0.0000E+00
     498.500  3912.500     0.0000E+00
     499.500  3912.500     0.0000E+00
     500.500  3912.500     0.0000E+00
     501.500  3912.500     0.0000E+00
     502.500  3912.500     0.0000E+00
     503.500  3912.500     0.0000E+00
     504.500  3912.500     0.0000E+00
     505.500  3912.500     0.0000E+00
     506.500  3912.500     0.0000E+00
     507.500  3912.500     0.0000E+00
     508.500  3912.500     0.0000E+00
     509.500  3912.500     0.0000E+00
     510.500  3912.500     0.0000E+00
     511.500  3912.500     0.0000E+00
     512.500  3912.500     0.0000E+00
     513.500  3912.500     0.0000E+00
     514.500  3912.500     0.0000E+00
     515.500  3912.500     0.0000E+00
     516.500  3912.500     0.0000E+00
     517.500  3912.500     0.0000E+00
     518.500  3912.500     0.0000E+00
     519.500  3912.500     0.0000E+00
     520.500  3912.500     0.0000E+00
     521.500  3912.500     0.0000E+00
     522.500  3912.500     0.0000E+00
     523.500  3912.500     0.0000E+00
     524.500  3912.500     0.0000E+00
     525.500  3912.500     0.0000E+00
     526.500  3912.500     0.0000E+00
     527.500  3912.500     0.0000E+00
     528.500  3912.500     0.0000E+00
     529.500  3912.500     0.0000E+00
     530.500  3912.500     0.0000E+00
     531.500  3912.500     0.0000E+00
     532.500  3912.500     0.0000E+00
     533.500  3912.500     0.0000E+00
     534.500  3912.500     0.0000E+00
     535.500  3912.500     0.0000E+00
     536.500  3912.500     0.0000E+00
     537.500  3912.500     0.0000E+00
     538.500  3912.500     0.0000E+00
     539.500  3912.500     5.2244E-06
     540.500  3912.500     1.9999E-02
     541.500  3912.500     5.6028E-02
     542.500  3912.500     8.4422E-02
     543.500  3912.500     9.8501E-02
     544.500  3912.500     9.3166E-02
     495.500  3913.500     0.0000E+00
     496.500  3913.500     0.0000E+00
     497.500  3913.500     0.0000E+00
     498.500  3913.500     0.0000E+00
     499.500  3913.500     0.0000E+00
     500.500  3913.500     0.0000E+00
     501.500  3913.500     0.0000E+00
     502.500  3913.500     0.0000E+00
     503.500  3913.500     0.0000E+00
     504.500  3913.500     0.0000E+00
     505.500  3913.500     0.0000E+00
     506.500  3913.500     0.0000E+00
     507.500  3913.500     0.0000E+00
     508.500  3913.500     0.0000E+00
     509.500  3913.500     0.0000E+00
     510.500  3913.500     0.0000E+00
     511.500  3913.500     0.0000E+00
     512.500  3913.500     0.0000E+00
     513.500  3913.500     0.0000E+00
     514.500  3913.500     0.0000E+00
     515.500  3913.500     0.0000E+00
     516.500  3913.500     0.0000E+00
     517.500  3913.500     0.0000E+00
     518.500  3913.500     0.0000E+00
     519.500  3913.500     0.0000E+00
     520.500  3913.500     0.0000E+00
     521.500  3913.500     0.0000E+00
     522.500  3913.500     0.0000E+00
     523.500  3913.500     0.0000E+00
     524.500  3913.500     0.0000E+00
     525.500  3913.500     0.0000E+00
     526.500  3913.500     0.0000E+00
     527.500  3913.500     0.0000E+00
     528.500  3913.500     0.0000E+00
     529.500  3913.500     0.0000E+00
     530.500  3913.500     0.0000E+00
     531.500  3913.500     0.0000E+00
     532.500  3913.500     0.0000E+00
     533.500  3913.500     0.0000E+00
     534.500  3913.500     0.0000E+00
     535.500  3913.500     0.0000E+00
     536.500  3913.500     0.0000E+00
     537.500  3913.500     0.0000E+00
     538.500  3913.500     1.2247E-02
     539.500  3913.500     7.8130E-02
     540.500  3913.500     1.6239E-01
     541.500  3913.500     1.8049E-01
     542.500  3913.500     1.7758E-01
     543.500  3913.500     1.7840E-01
     544.500  3913.500     1.6220E-01
     495.500  3914.500     0.0000E+00
     496.500  3914.500     0.0000E+00
     497.500  3914.500     0.0000E+00
     498.500  3914.500     0.0000E+00
     499.500  3914.500     0.0000E+00
     500.500  3914.500     0.0000E+00
     501.500  3914.500     0.0000E+00
     502.500  3914.500     0.0000E+00
     503.500  3914.500     0.0000E+00
     504.500  3914.500     0.0000E+00
     505.500  3914.500     0.0000E+00
     506.500  3914.500     0.0000E+00
     507.500  3914.500     0.0000E+00
     508.500  3914.500     0.0000E+00
     509.500  3914.500     0.0000E+00
     510.500  3914.500     0.0000E+00
     511.500  3914.500     0.0000E+00
     512.500  3914.500     0.0000E+00
     513.500  3914.500     0.0000E+00
     514.500  3914.500     0.0000E+00
     515.500  3914.500     0.0000E+00
     516.500  3914.500     0.0000E+00
     517.500  3914.500     0.0000E+00
     518.500  3914.500     0.0000E+00
     519.500  3914.500     0.0000E+00
     520.500  3914.500     0.0000E+00
     521.500  3914.500     0.0000E+00
     522.500  3914.500     0.0000E+00
     523.500  3914.500     0.0000E+00
     524.500  3914.500     0.0000E+00
     525.500  3914.500     0.0000E+00
     526.500  3914.500     0.0000E+00
     527.500  3914.500     0.0000E+00
     528.500  3914.500     0.0000E+00
     529.500  3914.500     0.0000E+00
     530.500  3914.500     0.0000E+00
     531.500  3914.500     0.0000E+00
     532.500  3914.500     0.0000E+00
     533.500  3914.500     0.0000E+00
     534.500  3914.500     0.0000E+00
     535.500  3914.500     0.0000E+00
     536.500  3914.500     0.0000E+00
     537.500  3914.500     8.2066E-02
     538.500  3914.500     2.8630E-01
     539.500  3914.500     3.2889E-01
     540.500  3914.500     2.5980E-01
     541.500  3914.500     2.2402E-01
     542.500  3914.500     2.2243E-01
     543.500  3914.500     2.3127E-01
     544.500  3914.500     2.1015E-01
     495.500  3915.500     0.0000E+00
     496.500  3915.500     0.0000E+00
     497.500  3915.500     0.0000E+00
     498.500  3915.500     0.0000E+00
     499.500  3915.500     0.0000E+00
     500.500  3915.500     0.0000E+00
     501.500  3915.500     0.0000E+00
     502.500  3915.500     0.0000E+00
     503.500  3915.500     0.0000E+00
     504.500  3915.500     0.0000E+00
     505.500  3915.500     0.0000E+00
     506.500  3915.500     0.0000E+00
     507.500  3915.500     0.0000E+00
     508.500  3915.500     0.0000E+00
     509.500  3915.500     0.0000E+00
     510.500  3915.500     0.0000E+00
     511.500  3915.500     0.0000E+00
     512.500  3915.500     0.0000E+00
     513.500  3915.500     0.0000E+00
     514.500  3915.500     0.0000E+00
     515.500  3915.500     0.0000E+00
     516.500  3915.500     0.0000E+00
     517.500  3915.500     0.0000E+00
     518.500  3915.500     0.0000E+00
     519.500  3915.500     0.0000E+00
     520.500  3915.500     0.0000E+00
     521.500  3915.500     0.0000E+00
     522.500  3915.500     0.0000E+00
     523.500  3915.500     0.0000E+00
     524.500  3915.500     0.0000E+00
     525.500  3915.500     0.0000E+00
     526.500  3915.500     0.0000E+00
     527.500  3915.500     0.0000E+00
     528.500  3915.500     0.0000E+00
     529.500  3915.500     0.0000E+00
     530.500  3915.500     0.0000E+00
     531.500  3915.500     0.0000E+00
     532.500  3915.500     0.0000E+00
     533.500  3915.500     0.0000E+00
     534.500  3915.500     0.0000E+00
     535.500  3915.500     2.0971E-02
     536.500  3915.500     3.9814E-01
     537.500  3915.500     5.5707E-01
     538.500  3915.500     3.0436E-01
     539.500  3915.500     2.2738E-01
     540.500  3915.500     2.2994E-01
     541.500  3915.500     2.4403E-01
     542.500  3915.500     2.6022E-01
     543.500  3915.500     2.6455E-01
     544.500  3915.500     2.3560E-01
     495.500  3916.500     0.0000E+00
     496.500  3916.500     0.0000E+00
     497.500  3916.500     0.0000E+00
     498.500  3916.500     0.0000E+00
     499.500  3916.500     0.0000E+00
     500.500  3916.500     0.0000E+00
     501.500  3916.500     0.0000E+00
     502.500  3916.500     0.0000E+00
     503.500  3916.500     0.0000E+00
     504.500  3916.500     0.0000E+00
     505.500  3916.500     0.0000E+00
     506.500  3916.500     0.0000E+00
     507.500  3916.500     0.0000E+00
     508.500  3916.500     0.0000E+00
     509.500  3916.500     0.0000E+00
     510.500  3916.500     0.0000E+00
     511.500  3916.500     0.0000E+00
     512.500  3916.500     0.0000E+00
     513.500  3916.500     0.0000E+00
     514.500  3916.500     0.0000E+00
     515.500  3916.500     0.0000E+00
     516.500  3916.500     0.0000E+00
     517.500  3916.500     0.0000E+00
     518.500  3916.500     0.0000E+00
     519.500  3916.500     0.0000E+00
     520.500  3916.500     0.0000E+00
     521.500  3916.500     0.0000E+00
     522.500  3916.500     0.0000E+00
     523.500  3916.500     0.0000E+00
     524.500  3916.500     0.0000E+00
     525.500  3916.500     0.0000E+00
     526.500  3916.500     0.0000E+00
     527.500  3916.500     0.0000E+00
     528.500  3916.500     0.0000E+00
     529.500  3916.500     0.0000E+00
     530.500  3916.500     0.0000E+00
     531.500  3916.500     0.0000E+00
     532.500  3916.500     0.0000E+00
     533.500  3916.500     0.0000E+00
     534.500  3916.500     1.7438E-01
     535.500  3916.500     9.9285E-01
     536.500  3916.500     3.2944E-01
     537.500  3916.500     2.0416E-01
     538.500  3916.500     2.3574E-01
     539.500  3916.500     2.2949E-01
     540.500  3916.500     2.5051E-01
     541.500  3916.500     2.6945E-01
     542.500  3916.500     2.8521E-01
     543.500  3916.500     3.4689E-01
     544.500  3916.500     3.9285E-01
     495.500  3917.500     0.0000E+00
     496.500  3917.500     0.0000E+00
     497.500  3917.500     0.0000E+00
     498.500  3917.500     0.0000E+00
     499.500  3917.500     0.0000E+00
     500.500  3917.500     0.0000E+00
     501.500  3917.500     0.0000E+00
     502.500  3917.500     0.0000E+00
     503.500  3917.500     0.0000E+00
     504.500  3917.500     0.0000E+00
     505.500  3917.500     0.0000E+00
     506.500  3917.500     0.0000E+00
     507.500  3917.500     0.0000E+00
     508.500  3917.500     0.0000E+00
     509.500  3917.500     0.0000E+00
     510.500  3917.500     0.0000E+00
     511.500  3917.500     0.0000E+00
     512.500  3917.500     0.0000E+00
     513.500  3917.500     0.0000E+00
     514.500  3917.500     0.0000E+00
     515.500  3917.500     0.0000E+00
     516.500  3917.500     0.0000E+00
     517.500  3917.500     0.0000E+00
     518.500  3917.500     0.0000E+00
     519.500  3917.500     0.0000E+00
     520.500  3917.500     0.0000E+00
     521.500  3917.500     0.0000E+00
     522.500  3917.500     0.0000E+00
     523.500  3917.500     0.0000E+00
     524.500  3917.500     0.0000E+00
     525.500  3917.500     0.0000E+00
     526.500  3917.500     0.0000E+00
     527.500  3917.500     0.0000E+00
     528.500  3917.500     0.0000E+00
     529.500  3917.500     0.0000E+00
     530.500  3917.500     0.0000E+00
     531.500  3917.500     0.0000E+00
     532.500  3917.500     0.0000E+00
     533.500  3917.500     1.1787E+00
     534.500  3917.500     3.3742E-01
     535.500  3917.500     1.2061E-01
     536.500  3917.500     2.6058E-01
     537.500  3917.500     2.0570E-01
     538.500  3917.500     2.1643E-01
     539.500  3917.500     2.7491E-01
     540.500  3917.500     2.7412E-01
     541.500  3917.500     3.6442E-01
     542.500  3917.500     6.2334E-01
     543.500  3917.500     1.0306E+00
     544.500  3917.500     1.2295E+00
     495.500  3918.500     0.0000E+00
     496.500  3918.500     0.0000E+00
     497.500  3918.500     0.0000E+00
     498.500  3918.500     0.0000E+00
     499.500  3918.500     0.0000E+00
     500.500  3918.500     0.0000E+00
     501.500  3918.500     0.0000E+00
     502.500  3918.500     0.0000E+00
     503.500  3918.500     0.0000E+00
     504.500  3918.500     0.0000E+00
     505.500  3918.500     0.0000E+00
     506.500  3918.500     0.0000E+00
     507.500  3918.500     0.0000E+00
     508.500  3918.500     0.0000E+00
     509.500  3918.500     0.0000E+00
     510.500  3918.500     0.0000E+00
     511.500  3918.500     0.0000E+00
     512.500  3918.500     0.0000E+00
     513.500  3918.500     0.0000E+00
     514.500  3918.500     0.0000E+00
     515.500  3918.500     0.0000E+00
     516.500  3918.500     0.0000E+00
     517.500  3918.500     0.0000E+00
     518.500  3918.500     0.0000E+00
     519.500  3918.500     0.0000E+00
     520.500  3918.500     0.0000E+00
     521.500  3918.500     0.0000E+00
     522.500  3918.500     0.0000E+00
     523.500  3918.500     0.0000E+00
     524.500  3918.500     0.0000E+00
     525.500  3918.500     0.0000E+00
     526.500  3918.500     0.0000E+00
     527.500  3918.500     0.0000E+00
     528.500  3918.500     0.0000E+00
     529.500  3918.500     0.0000E+00
     530.500  3918.500     0.0000E+00
     531.500  3918.500     0.0000E+00
     532.500  3918.500     1.7159E-01
     533.500  3918.500     1.7264E-02
     534.500  3918.500     3.1015E-01
     535.500  3918.500     2.5780E-01
     536.500  3918.500     1.7466E-01
     537.500  3918.500     2.6712E-01
     538.500  3918.500     2.1716E-01
     539.500  3918.500     2.4211E-01
     540.500  3918.500     6.5862E-01
     541.500  3918.500     1.4144E+00
     542.500  3918.500     2.3877E+00
     543.500  3918.500     3.1980E+00
     544.500  3918.500     3.1072E+00
     495.500  3919.500     0.0000E+00
     496.500  3919.500     0.0000E+00
     497.500  3919.500     0.0000E+00
     498.500  3919.500     0.0000E+00
     499.500  3919.500     0.0000E+00
     500.500  3919.500     0.0000E+00
     501.500  3919.500     0.0000E+00
     502.500  3919.500     0.0000E+00
     503.500  3919.500     0.0000E+00
     504.500  3919.500     0.0000E+00
     505.500  3919.500     0.0000E+00
     506.500  3919.500     0.0000E+00
     507.500  3919.500     0.0000E+00
     508.500  3919.500     0.0000E+00
     509.500  3919.500     0.0000E+00
     510.500  3919.500     0.0000E+00
     511.500  3919.500     0.0000E+00
     512.500  3919.500     0.0000E+00
     513.500  3919.500     0.0000E+00
     514.500  3919.500     0.0000E+00
     515.500  3919.500     0.0000E+00
     516.500  3919.500     0.0000E+00
     517.500  3919.500     0.0000E+00
     518.500  3919.500     0.0000E+00
     519.500  3919.500     0.0000E+00
     520.500  3919.500     0.0000E+00
     521.500  3919.500     0.0000E+00
     522.500  3919.500     0.0000E+00
     523.500  3919.500     0.0000E+00
     524.500  3919.500     0.0000E+00
     525.500  3919.500     0.0000E+00
     526.500  3919.500     0.0000E+00
     527.500  3919.500     0.0000E+00
     528.500  3919.500     0.0000E+00
     529.500  3919.500     0.0000E+00
     530.500  3919.500     0.0000E+00
     531.500  3919.500     1.6914E-02
     532.500  3919.500     1.1160E-02
     533.500  3919.500     2.2041E-01
     534.500  3919.500     1.8919E-01
     535.500  3919.500     1.5608E-01
     536.500  3919.500     1.5046E-01
     537.500  3919.500     9.1460E-02
     538.500  3919.500     3.8632E-01
     539.500  3919.500     1.7291E+00
     540.500  3919.500     3.4921E+00
     541.500  3919.500     5.0708E+00
     542.500  3919.500     5.8095E+00
     543.500  3919.500     5.6766E+00
     544.500  3919.500     4.5912E+00
     495.500  3920.500     0.0000E+00
     496.500  3920.500     0.0000E+00
     497.500  3920.500     0.0000E+00
     498.500  3920.500     0.0000E+00
     499.500  3920.500     0.0000E+00
     500.500  3920.500     0.0000E+00
     501.500  3920.500     0.0000E+00
     502.500  3920.500     0.0000E+00
     503.500  3920.500     0.0000E+00
     504.500  3920.500     0.0000E+00
     505.500  3920.500     0.0000E+00
     506.500  3920.500     0.0000E+00
     507.500  3920.500     0.0000E+00
     508.500  3920.500     0.0000E+00
     509.500  3920.500     0.0000E+00
     510.500  3920.500     0.0000E+00
     511.500  3920.500     0.0000E+00
     512.500  3920.500     0.0000E+00
     513.500  3920.500     0.0000E+00
     514.500  3920.500     0.0000E+00
     515.500  3920.500     0.0000E+00
     516.500  3920.500     0.0000E+00
     517.500  3920.500     0.0000E+00
     518.500  3920.500     0.0000E+00
     519.500  3920.500     0.0000E+00
     520.500  3920.500     0.0000E+00
     521.500  3920.500     0.0000E+00
     522.500  3920.500     0.0000E+00
     523.500  3920.500     0.0000E+00
     524.500  3920.500     0.0000E+00
     525.500  3920.500     0.0000E+00
     526.500  3920.500     0.0000E+00
     527.500  3920.500     0.0000E+00
     528.500  3920.500     0.0000E+00
     529.500  3920.500     4.8998E-03
     530.500  3920.500     5.1375E-03
     531.500  3920.500     2.2105E-03
     532.500  3920.500     1.4798E+00
     533.500  3920.500     2.0713E-02
     534.500  3920.500     1.5819E-02
     535.500  3920.500     4.1675E-02
     536.500  3920.500     2.6108E-02
     537.500  3920.500     1.4188E+00
     538.500  3920.500     4.9655E+00
     539.500  3920.500     7.9183E+00
     540.500  3920.500     8.7352E+00
     541.500  3920.500     7.9165E+00
     542.500  3920.500     6.6196E+00
     543.500  3920.500     5.3303E+00
     544.500  3920.500     3.8178E+00
     495.500  3921.500     0.0000E+00
     496.500  3921.500     0.0000E+00
     497.500  3921.500     0.0000E+00
     498.500  3921.500     0.0000E+00
     499.500  3921.500     0.0000E+00
     500.500  3921.500     0.0000E+00
     501.500  3921.500     0.0000E+00
     502.500  3921.500     0.0000E+00
     503.500  3921.500     0.0000E+00
     504.500  3921.500     0.0000E+00
     505.500  3921.500     0.0000E+00
     506.500  3921.500     0.0000E+00
     507.500  3921.500     0.0000E+00
     508.500  3921.500     0.0000E+00
     509.500  3921.500     0.0000E+00
     510.500  3921.500     0.0000E+00
     511.500  3921.500     0.0000E+00
     512.500  3921.500     0.0000E+00
     513.500  3921.500     0.0000E+00
     514.500  3921.500     0.0000E+00
     515.500  3921.500     0.0000E+00
     516.500  3921.500     0.0000E+00
     517.500  3921.500     0.0000E+00
     518.500  3921.500     0.0000E+00
     519.500  3921.500     0.0000E+00
     520.500  3921.500     0.0000E+00
     521.500  3921.500     0.0000E+00
     522.500  3921.500     0.0000E+00
     523.500  3921.500     0.0000E+00
     524.500  3921.500     0.0000E+00
     525.500  3921.500     0.0000E+00
     526.500  3921.500     0.0000E+00
     527.500  3921.500     0.0000E+00
     528.500  3921.500     7.4379E-02
     529.500  3921.500     2.8932E-03
     530.500  3921.500     1.3169E-05
     531.500  3921.500     0.0000E+00
     532.500  3921.500     0.0000E+00
     533.500  3921.500     2.8046E-02
     534.500  3921.500     2.6624E-02
     535.500  3921.500     2.1734E-01
     536.500  3921.500     4.8837E+00
     537.500  3921.500     1.0829E+01
     538.500  3921.500     1.2477E+01
     539.500  3921.500     1.0042E+01
     540.500  3921.500     7.5558E+00
     541.500  3921.500     5.3317E+00
     542.500  3921.500     3.6345E+00
     543.500  3921.500     2.5012E+00
     544.500  3921.500     1.6407E+00
     495.500  3922.500     0.0000E+00
     496.500  3922.500     0.0000E+00
     497.500  3922.500     0.0000E+00
     498.500  3922.500     0.0000E+00
     499.500  3922.500     0.0000E+00
     500.500  3922.500     0.0000E+00
     501.500  3922.500     0.0000E+00
     502.500  3922.500     0.0000E+00
     503.500  3922.500     0.0000E+00
     504.500  3922.500     0.0000E+00
     505.500  3922.500     0.0000E+00
     506.500  3922.500     0.0000E+00
     507.500  3922.500     0.0000E+00
     508.500  3922.500     0.0000E+00
     509.500  3922.500     0.0000E+00
     510.500  3922.500     0.0000E+00
     511.500  3922.500     0.0000E+00
     512.500  3922.500     0.0000E+00
     513.500  3922.500     0.0000E+00
     514.500  3922.500     0.0000E+00
     515.500  3922.500     0.0000E+00
     516.500  3922.500     0.0000E+00
     517.500  3922.500     0.0000E+00
     518.500  3922.500     0.0000E+00
     519.500  3922.500     0.0000E+00
     520.500  3922.500     0.0000E+00
     521.500  3922.500     0.0000E+00
     522.500  3922.500     0.0000E+00
     523.500  3922.500     0.0000E+00
     524.500  3922.500     0.0000E+00
     525.500  3922.500     0.0000E+00
     526.500  3922.500     0.0000E+00
     527.500  3922.500     0.0000E+00
     528.500  3922.500     0.0000E+00
     529.500  3922.500     0.0000E+00
     530.500  3922.500     0.0000E+00
     531.500  3922.500     0.0000E+00
     532.500  3922.500     4.2935E-02
     533.500  3922.500     5.9980E-03
     534.500  3922.500     8.1992E-01
     535.500  3922.500     1.3474E+01
     536.500  3922.500     1.6915E+01
     537.500  3922.500     1.3091E+01
     538.500  3922.500     7.9510E+00
     539.500  3922.500     4.4412E+00
     540.500  3922.500     2.2154E+00
     541.500  3922.500     1.2075E+00
     542.500  3922.500     7.7735E-01
     543.500  3922.500     6.0874E-01
     544.500  3922.500     5.0307E-01
     495.500  3923.500     0.0000E+00
     496.500  3923.500     0.0000E+00
     497.500  3923.500     0.0000E+00
     498.500  3923.500     0.0000E+00
     499.500  3923.500     0.0000E+00
     500.500  3923.500     0.0000E+00
     501.500  3923.500     0.0000E+00
     502.500  3923.500     0.0000E+00
     503.500  3923.500     0.0000E+00
     504.500  3923.500     0.0000E+00
     505.500  3923.500     0.0000E+00
     506.500  3923.500     0.0000E+00
     507.500  3923.500     0.0000E+00
     508.500  3923.500     0.0000E+00
     509.500  3923.500     0.0000E+00
     510.500  3923.500     0.0000E+00
     511.500  3923.500     0.0000E+00
     512.500  3923.500     0.0000E+00
     513.500  3923.500     0.0000E+00
     514.500  3923.500     0.0000E+00
     515.500  3923.500     0.0000E+00
     516.500  3923.500     0.0000E+00
     517.500  3923.500     0.0000E+00
     518.500  3923.500     0.0000E+00
     519.500  3923.500     0.0000E+00
     520.500  3923.500     0.0000E+00
     521.500  3923.500     0.0000E+00
     522.500  3923.500     0.0000E+00
     523.500  3923.500     0.0000E+00
     524.500  3923.500     0.0000E+00
     525.500  3923.500     0.0000E+00
     526.500  3923.500     0.0000E+00
     527.500  3923.500     0.0000E+00
     528.500  3923.500     0.0000E+00
     529.500  3923.500     0.0000E+00
     530.500  3923.500     0.0000E+00
     531.500  3923.500     1.0770E-04
     532.500  3923.500     0.0000E+00
     533.500  3923.500     2.3526E+00
     534.500  3923.500     2.4587E+01
     535.500  3923.500     1.9656E+01
     536.500  3923.500     8.6251E+00
     537.500  3923.500     3.1347E+00
     538.500  3923.500     9.2459E-01
     539.500  3923.500     5.4246E-01
     540.500  3923.500     3.9328E-01
     541.500  3923.500     3.3976E-01
     542.500  3923.500     4.1609E-01
     543.500  3923.500     4.3608E-01
     544.500  3923.500     3.7381E-01
     495.500  3924.500     0.0000E+00
     496.500  3924.500     0.0000E+00
     497.500  3924.500     0.0000E+00
     498.500  3924.500     0.0000E+00
     499.500  3924.500     0.0000E+00
     500.500  3924.500     0.0000E+00
     501.500  3924.500     0.0000E+00
     502.500  3924.500     0.0000E+00
     503.500  3924.500     0.0000E+00
     504.500  3924.500     0.0000E+00
     505.500  3924.500     0.0000E+00
     506.500  3924.500     0.0000E+00
     507.500  3924.500     0.0000E+00
     508.500  3924.500     0.0000E+00
     509.500  3924.500     0.0000E+00
     510.500  3924.500     0.0000E+00
     511.500  3924.500     0.0000E+00
     512.500  3924.500     0.0000E+00
     513.500  3924.500     0.0000E+00
     514.500  3924.500     0.0000E+00
     515.500  3924.500     0.0000E+00
     516.500  3924.500     0.0000E+00
     517.500  3924.500     0.0000E+00
     518.500  3924.500     0.0000E+00
     519.500  3924.500     0.0000E+00
     520.500  3924.500     0.0000E+00
     521.500  3924.500     0.0000E+00
     522.500  3924.500     0.0000E+00
     523.500  3924.500     0.0000E+00
     524.500  3924.500     0.0000E+00
     525.500  3924.500     0.0000E+00
     526.500  3924.500     0.0000E+00
     527.500  3924.500     0.0000E+00
     528.500  3924.500     0.0000E+00
     529.500  3924.500     0.0000E+00
     530.500  3924.500     0.0000E+00
     531.500  3924.500     0.0000E+00
     532.500  3924.500     4.9863E+00
     533.500  3924.500     1.3433E+01
     534.500  3924.500     8.1702E+00
     535.500  3924.500     1.7330E+00
     536.500  3924.500     2.6133E-01
     537.500  3924.500     2.8644E-01
     538.500  3924.500     4.3459E-01
     539.500  3924.500     2.8661E-01
     540.500  3924.500     3.3306E-01
     541.500  3924.500     3.7216E-01
     542.500  3924.500     3.3893E-01
     543.500  3924.500     3.1044E-01
     544.500  3924.500     2.7880E-01
     495.500  3925.500     0.0000E+00
     496.500  3925.500     0.0000E+00
     497.500  3925.500     0.0000E+00
     498.500  3925.500     0.0000E+00
     499.500  3925.500     0.0000E+00
     500.500  3925.500     0.0000E+00
     501.500  3925.500     0.0000E+00
     502.500  3925.500     0.0000E+00
     503.500  3925.500     0.0000E+00
     504.500  3925.500     0.0000E+00
     505.500  3925.500     0.0000E+00
     506.500  3925.500     0.0000E+00
     507.500  3925.500     0.0000E+00
     508.500  3925.500     0.0000E+00
     509.500  3925.500     0.0000E+00
     510.500  3925.500     0.0000E+00
     511.500  3925.500     0.0000E+00
     512.500  3925.500     0.0000E+00
     513.500  3925.500     0.0000E+00
     514.500  3925.500     0.0000E+00
     515.500  3925.500     0.0000E+00
     516.500  3925.500     0.0000E+00
     517.500  3925.500     0.0000E+00
     518.500  3925.500     0.0000E+00
     519.500  3925.500     0.0000E+00
     520.500  3925.500     0.0000E+00
     521.500  3925.500     0.0000E+00
     522.500  3925.500     0.0000E+00
     523.500  3925.500     0.0000E+00
     524.500  3925.500     0.0000E+00
     525.500  3925.500     0.0000E+00
     526.500  3925.500     0.0000E+00
     527.500  3925.500     0.0000E+00
     528.500  3925.500     0.0000E+00
     529.500  3925.500     0.0000E+00
     530.500  3925.500     0.0000E+00
     531.500  3925.500     3.7646E+01
     532.500  3925.500     1.0620E+01
     533.500  3925.500     7.6927E-01
     534.500  3925.500     9.5348E-02
     535.500  3925.500     5.4162E-02
     536.500  3925.500     3.9993E-01
     537.500  3925.500     2.6293E-01
     538.500  3925.500     2.7414E-01
     539.500  3925.500     2.5455E-01
     540.500  3925.500     2.5468E-01
     541.500  3925.500     2.3386E-01
     542.500  3925.500     1.9166E-01
     543.500  3925.500     1.9800E-01
     544.500  3925.500     2.0385E-01
     495.500  3926.500     0.0000E+00
     496.500  3926.500     0.0000E+00
     497.500  3926.500     0.0000E+00
     498.500  3926.500     0.0000E+00
     499.500  3926.500     0.0000E+00
     500.500  3926.500     0.0000E+00
     501.500  3926.500     0.0000E+00
     502.500  3926.500     0.0000E+00
     503.500  3926.500     0.0000E+00
     504.500  3926.500     0.0000E+00
     505.500  3926.500     0.0000E+00
     506.500  3926.500     0.0000E+00
     507.500  3926.500     0.0000E+00
     508.500  3926.500     0.0000E+00
     509.500  3926.500     0.0000E+00
     510.500  3926.500     0.0000E+00
     511.500  3926.500     0.0000E+00
     512.500  3926.500     0.0000E+00
     513.500  3926.500     0.0000E+00
     514.500  3926.500     0.0000E+00
     515.500  3926.500     0.0000E+00
     516.500  3926.500     0.0000E+00
     517.500  3926.500     0.0000E+00
     518.500  3926.500     0.0000E+00
     519.500  3926.500     0.0000E+00
     520.500  3926.500     0.0000E+00
     521.500  3926.500     0.0000E+00
     522.500  3926.500     0.0000E+00
     523.500  3926.500     0.0000E+00
     524.500  3926.500     0.0000E+00
     525.500  3926.500     0.0000E+00
     526.500  3926.500     0.0000E+00
     527.500  3926.500     0.0000E+00
     528.500  3926.500     0.0000E+00
     529.500  3926.500     0.0000E+00
     530.500  3926.500     1.1518E+01
     531.500  3926.500     8.2371E-02
     532.500  3926.500     1.4536E-01
     533.500  3926.500     4.3655E-03
     534.500  3926.500     2.2479E-02
     535.500  3926.500     1.9124E-01
     536.500  3926.500     2.3890E-01
     537.500  3926.500     2.1012E-01
     538.500  3926.500     2.8087E-01
     539.500  3926.500     2.2900E-01
     540.500  3926.500     1.1949E-01
     541.500  3926.500     1.0122E-01
     542.500  3926.500     1.1147E-01
     543.500  3926.500     9.3988E-02
     544.500  3926.500     7.9371E-02
     495.500  3927.500     0.0000E+00
     496.500  3927.500     0.0000E+00
     497.500  3927.500     0.0000E+00
     498.500  3927.500     0.0000E+00
     499.500  3927.500     0.0000E+00
     500.500  3927.500     0.0000E+00
     501.500  3927.500     0.0000E+00
     502.500  3927.500     0.0000E+00
     503.500  3927.500     0.0000E+00
     504.500  3927.500     0.0000E+00
     505.500  3927.500     0.0000E+00
     506.500  3927.500     0.0000E+00
     507.500  3927.500     0.0000E+00
     508.500  3927.500     0.0000E+00
     509.500  3927.500     0.0000E+00
     510.500  3927.500     0.0000E+00
     511.500  3927.500     0.0000E+00
     512.500  3927.500     0.0000E+00
     513.500  3927.500     0.0000E+00
     514.500  3927.500     0.0000E+00
     515.500  3927.500     0.0000E+00
     516.500  3927.500     0.0000E+00
     517.500  3927.500     0.0000E+00
     518.500  3927.500     0.0000E+00
     519.500  3927.500     0.0000E+00
     520.500  3927.500     0.0000E+00
     521.500  3927.500     0.0000E+00
     522.500  3927.500     0.0000E+00
     523.500  3927.500     0.0000E+00
     524.500  3927.500     0.0000E+00
     525.500  3927.500     0.0000E+00
     526.500  3927.500     0.0000E+00
     527.500  3927.500     0.0000E+00
     528.500  3927.500     0.0000E+00
     529.500  3927.500     1.3717E-02
     530.500  3927.500     1.3711E-02
     531.500  3927.500     0.0000E+00
     532.500  3927.500     2.1394E-02
     533.500  3927.500     4.5503E-03
     534.500  3927.500     1.5840E-01
     535.500  3927.500     2.6404E-01
     536.500  3927.500     1.7675E-01
     537.500  3927.500     3.9003E-01
     538.500  3927.500     1.3764E-01
     539.500  3927.500     7.9772E-02
     540.500  3927.500     4.3022E-02
     541.500  3927.500     2.7148E-02
     542.500  3927.500     2.8891E-02
     543.500  3927.500     3.0288E-02
     544.500  3927.500     2.1438E-02
     495.500  3928.500     0.0000E+00
     496.500  3928.500     0.0000E+00
     497.500  3928.500     0.0000E+00
     498.500  3928.500     0.0000E+00
     499.500  3928.500     0.0000E+00
     500.500  3928.500     0.0000E+00
     501.500  3928.500     0.0000E+00
     502.500  3928.500     0.0000E+00
     503.500  3928.500     0.0000E+00
     504.500  3928.500     0.0000E+00
     505.500  3928.500     0.0000E+00
     506.500  3928.500     0.0000E+00
     507.500  3928.500     0.0000E+00
     508.500  3928.500     0.0000E+00
     509.500  3928.500     0.0000E+00
     510.500  3928.500     0.0000E+00
     511.500  3928.500     0.0000E+00
     512.500  3928.500     0.0000E+00
     513.500  3928.500     0.0000E+00
     514.500  3928.500     0.0000E+00
     515.500  3928.500     0.0000E+00
     516.500  3928.500     0.0000E+00
     517.500  3928.500     0.0000E+00
     518.500  3928.500     0.0000E+00
     519.500  3928.500     0.0000E+00
     520.500  3928.500     0.0000E+00
     521.500  3928.500     0.0000E+00
     522.500  3928.500     0.0000E+00
     523.500  3928.500     0.0000E+00
     524.500  3928.500     0.0000E+00
     525.500  3928.500     0.0000E+00
     526.500  3928.500     0.0000E+00
     527.500  3928.500     0.0000E+00
     528.500  3928.500     0.0000E+00
     529.500  3928.500     0.0000E+00
     530.500  3928.500     0.0000E+00
     531.500  3928.500     0.0000E+00
     532.500  3928.500     0.0000E+00
     533.500  3928.500     3.9889E-03
     534.500  3928.500     2.4005E-01
     535.500  3928.500     2.7651E-01
     536.500  3928.500     2.2039E-01
     537.500  3928.500     1.6296E-01
     538.500  3928.500     2.5304E-02
     539.500  3928.500     2.5435E-02
     540.500  3928.500     1.3395E-02
     541.500  3928.500     2.4753E-02
     542.500  3928.500     1.4817E-02
     543.500  3928.500     8.0794E-03
     544.500  3928.500     4.5921E-03
     495.500  3929.500     0.0000E+00
     496.500  3929.500     0.0000E+00
     497.500  3929.500     0.0000E+00
     498.500  3929.500     0.0000E+00
     499.500  3929.500     0.0000E+00
     500.500  3929.500     0.0000E+00
     501.500  3929.500     0.0000E+00
     502.500  3929.500     0.0000E+00
     503.500  3929.500     0.0000E+00
     504.500  3929.500     0.0000E+00
     505.500  3929.500     0.0000E+00
     506.500  3929.500     0.0000E+00
     507.500  3929.500     0.0000E+00
     508.500  3929.500     0.0000E+00
     509.500  3929.500     0.0000E+00
     510.500  3929.500     0.0000E+00
     511.500  3929.500     0.0000E+00
     512.500  3929.500     0.0000E+00
     513.500  3929.500     0.0000E+00
     514.500  3929.500     0.0000E+00
     515.500  3929.500     0.0000E+00
     516.500  3929.500     0.0000E+00
     517.500  3929.500     0.0000E+00
     518.500  3929.500     0.0000E+00
     519.500  3929.500     0.0000E+00
     520.500  3929.500     0.0000E+00
     521.500  3929.500     0.0000E+00
     522.500  3929.500     0.0000E+00
     523.500  3929.500     0.0000E+00
     524.500  3929.500     0.0000E+00
     525.500  3929.500     0.0000E+00
     526.500  3929.500     0.0000E+00
     527.500  3929.500     0.0000E+00
     528.500  3929.500     0.0000E+00
     529.500  3929.500     0.0000E+00
     530.500  3929.500     0.0000E+00
     531.500  3929.500     0.0000E+00
     532.500  3929.500     0.0000E+00
     533.500  3929.500     3.8070E-02
     534.500  3929.500     2.8017E-01
     535.500  3929.500     1.1555E-02
     536.500  3929.500     1.2454E-03
     537.500  3929.500     7.4259E-02
     538.500  3929.500     1.4815E-02
     539.500  3929.500     3.4427E-02
     540.500  3929.500     1.5608E-02
     541.500  3929.500     5.5736E-03
     542.500  3929.500     1.8779E-03
     543.500  3929.500     5.4034E-04
     544.500  3929.500     1.5650E-04
     495.500  3930.500     0.0000E+00
     496.500  3930.500     0.0000E+00
     497.500  3930.500     0.0000E+00
     498.500  3930.500     0.0000E+00
     499.500  3930.500     0.0000E+00
     500.500  3930.500     0.0000E+00
     501.500  3930.500     0.0000E+00
     502.500  3930.500     0.0000E+00
     503.500  3930.500     0.0000E+00
     504.500  3930.500     0.0000E+00
     505.500  3930.500     0.0000E+00
     506.500  3930.500     0.0000E+00
     507.500  3930.500     0.0000E+00
     508.500  3930.500     0.0000E+00
     509.500  3930.500     0.0000E+00
     510.500  3930.500     0.0000E+00
     511.500  3930.500     0.0000E+00
     512.500  3930.500     0.0000E+00
     513.500  3930.500     0.0000E+00
     514.500  3930.500     0.0000E+00
     515.500  3930.500     0.0000E+00
     516.500  3930.500     0.0000E+00
     517.500  3930.500     0.0000E+00
     518.500  3930.500     0.0000E+00
     519.500  3930.500     0.0000E+00
     520.500  3930.500     0.0000E+00
     521.500  3930.500     0.0000E+00
     522.500  3930.500     0.0000E+00
     523.500  3930.500     0.0000E+00
     524.500  3930.500     0.0000E+00
     525.500  3930.500     0.0000E+00
     526.500  3930.500     0.0000E+00
     527.500  3930.500     0.0000E+00
     528.500  3930.500     0.0000E+00
     529.500  3930.500     0.0000E+00
     530.500  3930.500     0.0000E+00
     531.500  3930.500     0.0000E+00
     532.500  3930.500     1.9342E-06
     533.500  3930.500     9.9705E-02
     534.500  3930.500     0.0000E+00
     535.500  3930.500     3.0437E-03
     536.500  3930.500     3.7606E-02
     537.500  3930.500     6.5724E-03
     538.500  3930.500     2.9342E-02
     539.500  3930.500     1.3312E-03
     540.500  3930.500     1.9071E-05
     541.500  3930.500     0.0000E+00
     542.500  3930.500     0.0000E+00
     543.500  3930.500     0.0000E+00
     544.500  3930.500     0.0000E+00
     495.500  3931.500     0.0000E+00
     496.500  3931.500     0.0000E+00
     497.500  3931.500     0.0000E+00
     498.500  3931.500     0.0000E+00
     499.500  3931.500     0.0000E+00
     500.500  3931.500     0.0000E+00
     501.500  3931.500     0.0000E+00
     502.500  3931.500     0.0000E+00
     503.500  3931.500     0.0000E+00
     504.500  3931.500     0.0000E+00
     505.500  3931.500     0.0000E+00
     506.500  3931.500     0.0000E+00
     507.500  3931.500     0.0000E+00
     508.500  3931.500     0.0000E+00
     509.500  3931.500     0.0000E+00
     510.500  3931.500     0.0000E+00
     511.500  3931.500     0.0000E+00
     512.500  3931.500     0.0000E+00
     513.500  3931.500     0.0000E+00
     514.500  3931.500     0.0000E+00
     515.500  3931.500     0.0000E+00
     516.500  3931.500     0.0000E+00
     517.500  3931.500     0.0000E+00
     518.500  3931.500     0.0000E+00
     519.500  3931.500     0.0000E+00
     520.500  3931.500     0.0000E+00
     521.500  3931.500     0.0000E+00
     522.500  3931.500     0.0000E+00
     523.500  3931.500     0.0000E+00
     524.500  3931.500     0.0000E+00
     525.500  3931.500     0.0000E+00
     526.500  3931.500     0.0000E+00
     527.500  3931.500     0.0000E+00
     528.500  3931.500     0.0000E+00
     529.500  3931.500     0.0000E+00
     530.500  3931.500     0.0000E+00
     531.500  3931.500     0.0000E+00
     532.500  3931.500     0.0000E+00
     533.500  3931.500     0.0000E+00
     534.500  3931.500     4.9000E-03
     535.500  3931.500     1.1344E-03
     536.500  3931.500     2.0674E-01
     537.500  3931.500     3.8014E-05
     538.500  3931.500     0.0000E+00
     539.500  3931.500     0.0000E+00
     540.500  3931.500     0.0000E+00
     541.500  3931.500     0.0000E+00
     542.500  3931.500     0.0000E+00
     543.500  3931.500     0.0000E+00
     544.500  3931.500     0.0000E+00
     495.500  3932.500     0.0000E+00
     496.500  3932.500     0.0000E+00
     497.500  3932.500     0.0000E+00
     498.500  3932.500     0.0000E+00
     499.500  3932.500     0.0000E+00
     500.500  3932.500     0.0000E+00
     501.500  3932.500     0.0000E+00
     502.500  3932.500     0.0000E+00
     503.500  3932.500     0.0000E+00
     504.500  3932.500     0.0000E+00
     505.500  3932.500     0.0000E+00
     506.500  3932.500     0.0000E+00
     507.500  3932.500     0.0000E+00
     508.500  3932.500     0.0000E+00
     509.500  3932.500     0.0000E+00
     510.500  3932.500     0.0000E+00
     511.500  3932.500     0.0000E+00
     512.500  3932.500     0.0000E+00
     513.500  3932.500     0.0000E+00
     514.500  3932.500     0.0000E+00
     515.500  3932.500     0.0000E+00
     516.500  3932.500     0.0000E+00
     517.500  3932.500     0.0000E+00
     518.500  3932.500     0.0000E+00
     519.500  3932.500     0.0000E+00
     520.500  3932.500     0.0000E+00
     521.500  3932.500     0.0000E+00
     522.500  3932.500     0.0000E+00
     523.500  3932.500     0.0000E+00
     524.500  3932.500     0.0000E+00
     525.500  3932.500     0.0000E+00
     526.500  3932.500     0.0000E+00
     527.500  3932.500     0.0000E+00
     528.500  3932.500     0.0000E+00
     529.500  3932.500     0.0000E+00
     530.500  3932.500     0.0000E+00
     531.500  3932.500     0.0000E+00
     532.500  3932.500     0.0000E+00
     533.500  3932.500     8.4494E-04
     534.500  3932.500     0.0000E+00
     535.500  3932.500     0.0000E+00
     536.500  3932.500     0.0000E+00
     537.500  3932.500     0.0000E+00
     538.500  3932.500     0.0000E+00
     539.500  3932.500     0.0000E+00
     540.500  3932.500     0.0000E+00
     541.500  3932.500     0.0000E+00
     542.500  3932.500     0.0000E+00
     543.500  3932.500     0.0000E+00
     544.500  3932.500     0.0000E+00
     495.500  3933.500     0.0000E+00
     496.500  3933.500     0.0000E+00
     497.500  3933.500     0.0000E+00
     498.500  3933.500     0.0000E+00
     499.500  3933.500     0.0000E+00
     500.500  3933.500     0.0000E+00
     501.500  3933.500     0.0000E+00
     502.500  3933.500     0.0000E+00
     503.500  3933.500     0.0000E+00
     504.500  3933.500     0.0000E+00
     505.500  3933.500     0.0000E+00
     506.500  3933.500     0.0000E+00
     507.500  3933.500     0.0000E+00
     508.500  3933.500     0.0000E+00
     509.500  3933.500     0.0000E+00
     510.500  3933.500     0.0000E+00
     511.500  3933.500     0.0000E+00
     512.500  3933.500     0.0000E+00
     513.500  3933.500     0.0000E+00
     514.500  3933.500     0.0000E+00
     515.500  3933.500     0.0000E+00
     516.500  3933.500     0.0000E+00
     517.500  3933.500     0.0000E+00
     518.500  3933.500     0.0000E+00
     519.500  3933.500     0.0000E+00
     520.500  3933.500     0.0000E+00
     521.500  3933.500     0.0000E+00
     522.500  3933.500     0.0000E+00
     523.500  3933.500     0.0000E+00
     524.500  3933.500     0.0000E+00
     525.500  3933.500     0.0000E+00
     526.500  3933.500     0.0000E+00
     527.500  3933.500     0.0000E+00
     528.500  3933.500     0.0000E+00
     529.500  3933.500     0.0000E+00
     530.500  3933.500     0.0000E+00
     531.500  3933.500     0.0000E+00
     532.500  3933.500     0.0000E+00
     533.500  3933.500     0.0000E+00
     534.500  3933.500     0.0000E+00
     535.500  3933.500     0.0000E+00
     536.500  3933.500     0.0000E+00
     537.500  3933.500     0.0000E+00
     538.500  3933.500     0.0000E+00
     539.500  3933.500     0.0000E+00
     540.500  3933.500     0.0000E+00
     541.500  3933.500     0.0000E+00
     542.500  3933.500     0.0000E+00
     543.500  3933.500     0.0000E+00
     544.500  3933.500     0.0000E+00
     495.500  3934.500     0.0000E+00
     496.500  3934.500     0.0000E+00
     497.500  3934.500     0.0000E+00
     498.500  3934.500     0.0000E+00
     499.500  3934.500     0.0000E+00
     500.500  3934.500     0.0000E+00
     501.500  3934.500     0.0000E+00
     502.500  3934.500     0.0000E+00
     503.500  3934.500     0.0000E+00
     504.500  3934.500     0.0000E+00
     505.500  3934.500     0.0000E+00
     506.500  3934.500     0.0000E+00
     507.500  3934.500     0.0000E+00
     508.500  3934.500     0.0000E+00
     509.500  3934.500     0.0000E+00
     510.500  3934.500     0.0000E+00
     511.500  3934.500     0.0000E+00
     512.500  3934.500     0.0000E+00
     513.500  3934.500     0.0000E+00
     514.500  3934.500     0.0000E+00
     515.500  3934.500     0.0000E+00
     516.500  3934.500     0.0000E+00
     517.500  3934.500     0.0000E+00
     518.500  3934.500     0.0000E+00
     519.500  3934.500     0.0000E+00
     520.500  3934.500     0.0000E+00
     521.500  3934.500     0.0000E+00
     522.500  3934.500     0.0000E+00
     523.500  3934.500     0.0000E+00
     524.500  3934.500     0.0000E+00
     525.500  3934.500     0.0000E+00
     526.500  3934.500     0.0000E+00
     527.500  3934.500     0.0000E+00
     528.500  3934.500     0.0000E+00
     529.500  3934.500     0.0000E+00
     530.500  3934.500     0.0000E+00
     531.500  3934.500     0.0000E+00
     532.500  3934.500     0.0000E+00
     533.500  3934.500     0.0000E+00
     534.500  3934.500     0.0000E+00
     535.500  3934.500     0.0000E+00
     536.500  3934.500     0.0000E+00
     537.500  3934.500     0.0000E+00
     538.500  3934.500     0.0000E+00
     539.500  3934.500     0.0000E+00
     540.500  3934.500     0.0000E+00
     541.500  3934.500     0.0000E+00
     542.500  3934.500     0.0000E+00
     543.500  3934.500     0.0000E+00
     544.500  3934.500     0.0000E+00
     495.500  3935.500     0.0000E+00
     496.500  3935.500     0.0000E+00
     497.500  3935.500     0.0000E+00
     498.500  3935.500     0.0000E+00
     499.500  3935.500     0.0000E+00
     500.500  3935.500     0.0000E+00
     501.500  3935.500     0.0000E+00
     502.500  3935.500     0.0000E+00
     503.500  3935.500     0.0000E+00
     504.500  3935.500     0.0000E+00
     505.500  3935.500     0.0000E+00
     506.500  3935.500     0.0000E+00
     507.500  3935.500     0.0000E+00
     508.500  3935.500     0.0000E+00
     509.500  3935.500     0.0000E+00
     510.500  3935.500     0.0000E+00
     511.500  3935.500     0.0000E+00
     512.500  3935.500     0.0000E+00
     513.500  3935.500     0.0000E+00
     514.500  3935.500     0.0000E+00
     515.500  3935.500     0.0000E+00
     516.500  3935.500     0.0000E+00
     517.500  3935.500     0.0000E+00
     518.500  3935.500     0.0000E+00
     519.500  3935.500     0.0000E+00
     520.500  3935.500     0.0000E+00
     521.500  3935.500     0.0000E+00
     522.500  3935.500     0.0000E+00
     523.500  3935.500     0.0000E+00
     524.500  3935.500     0.0000E+00
     525.500  3935.500     0.0000E+00
     526.500  3935.500     0.0000E+00
     527.500  3935.500     0.0000E+00
     528.500  3935.500     0.0000E+00
     529.500  3935.500     0.0000E+00
     530.500  3935.500     0.0000E+00
     531.500  3935.500     0.0000E+00
     532.500  3935.500     0.0000E+00
     533.500  3935.500     0.0000E+00
     534.500  3935.500     0.0000E+00
     535.500  3935.500     0.0000E+00
     536.500  3935.500     0.0000E+00
     537.500  3935.500     0.0000E+00
     538.500  3935.500     0.0000E+00
     539.500  3935.500     0.0000E+00
     540.500  3935.500     0.0000E+00
     541.500  3935.500     0.0000E+00
     542.500  3935.500     0.0000E+00
     543.500  3935.500     0.0000E+00
     544.500  3935.500     0.0000E+00
     495.500  3936.500     0.0000E+00
     496.500  3936.500     0.0000E+00
     497.500  3936.500     0.0000E+00
     498.500  3936.500     0.0000E+00
     499.500  3936.500     0.0000E+00
     500.500  3936.500     0.0000E+00
     501.500  3936.500     0.0000E+00
     502.500  3936.500     0.0000E+00
     503.500  3936.500     0.0000E+00
     504.500  3936.500     0.0000E+00
     505.500  3936.500     0.0000E+00
     506.500  3936.500     0.0000E+00
     507.500  3936.500     0.0000E+00
     508.500  3936.500     0.0000E+00
     509.500  3936.500     0.0000E+00
     510.500  3936.500     0.0000E+00
     511.500  3936.500     0.0000E+00
     512.500  3936.500     0.0000E+00
     513.500  3936.500     0.0000E+00
     514.500  3936.500     0.0000E+00
     515.500  3936.500     0.0000E+00
     516.500  3936.500     0.0000E+00
     517.500  3936.500     0.0000E+00
     518.500  3936.500     0.0000E+00
     519.500  3936.500     0.0000E+00
     520.500  3936.500     0.0000E+00
     521.500  3936.500     0.0000E+00
     522.500  3936.500     0.0000E+00
     523.500  3936.500     0.0000E+00
     524.500  3936.500     0.0000E+00
     525.500  3936.500     0.0000E+00
     526.500  3936.500     0.0000E+00
     527.500  3936.500     0.0000E+00
     528.500  3936.500     0.0000E+00
     529.500  3936.500     0.0000E+00
     530.500  3936.500     0.0000E+00
     531.500  3936.500     0.0000E+00
     532.500  3936.500     0.0000E+00
     533.500  3936.500     0.0000E+00
     534.500  3936.500     0.0000E+00
     535.500  3936.500     0.0000E+00
     536.500  3936.500     0.0000E+00
     537.500  3936.500     0.0000E+00
     538.500  3936.500     0.0000E+00
     539.500  3936.500     0.0000E+00
     540.500  3936.500     0.0000E+00
     541.500  3936.500     0.0000E+00
     542.500  3936.500     0.0000E+00
     543.500  3936.500     0.0000E+00
     544.500  3936.500     0.0000E+00
     495.500  3937.500     0.0000E+00
     496.500  3937.500     0.0000E+00
     497.500  3937.500     0.0000E+00
     498.500  3937.500     0.0000E+00
     499.500  3937.500     0.0000E+00
     500.500  3937.500     0.0000E+00
     501.500  3937.500     0.0000E+00
     502.500  3937.500     0.0000E+00
     503.500  3937.500     0.0000E+00
     504.500  3937.500     0.0000E+00
     505.500  3937.500     0.0000E+00
     506.500  3937.500     0.0000E+00
     507.500  3937.500     0.0000E+00
     508.500  3937.500     0.0000E+00
     509.500  3937.500     0.0000E+00
     510.500  3937.500     0.0000E+00
     511.500  3937.500     0.0000E+00
     512.500  3937.500     0.0000E+00
     513.500  3937.500     0.0000E+00
     514.500  3937.500     0.0000E+00
     515.500  3937.500     0.0000E+00
     516.500  3937.500     0.0000E+00
     517.500  3937.500     0.0000E+00
     518.500  3937.500     0.0000E+00
     519.500  3937.500     0.0000E+00
     520.500  3937.500     0.0000E+00
     521.500  3937.500     0.0000E+00
     522.500  3937.500     0.0000E+00
     523.500  3937.500     0.0000E+00
     524.500  3937.500     0.0000E+00
     525.500  3937.500     0.0000E+00
     526.500  3937.500     0.0000E+00
     527.500  3937.500     0.0000E+00
     528.500  3937.500     0.0000E+00
     529.500  3937.500     0.0000E+00
     530.500  3937.500     0.0000E+00
     531.500  3937.500     0.0000E+00
     532.500  3937.500     0.0000E+00
     533.500  3937.500     0.0000E+00
     534.500  3937.500     0.0000E+00
     535.500  3937.500     0.0000E+00
     536.500  3937.500     0.0000E+00
     537.500  3937.500     0.0000E+00
     538.500  3937.500     0.0000E+00
     539.500  3937.500     0.0000E+00
     540.500  3937.500     0.0000E+00
     541.500  3937.500     0.0000E+00
     542.500  3937.500     0.0000E+00
     543.500  3937.500     0.0000E+00
     544.500  3937.500     0.0000E+00
     495.500  3938.500     0.0000E+00
     496.500  3938.500     0.0000E+00
     497.500  3938.500     0.0000E+00
     498.500  3938.500     0.0000E+00
     499.500  3938.500     0.0000E+00
     500.500  3938.500     0.0000E+00
     501.500  3938.500     0.0000E+00
     502.500  3938.500     0.0000E+00
     503.500  3938.500     0.0000E+00
     504.500  3938.500     0.0000E+00
     505.500  3938.500     0.0000E+00
     506.500  3938.500     0.0000E+00
     507.500  3938.500     0.0000E+00
     508.500  3938.500     0.0000E+00
     509.500  3938.500     0.0000E+00
     510.500  3938.500     0.0000E+00
     511.500  3938.500     0.0000E+00
     512.500  3938.500     0.0000E+00
     513.500  3938.500     0.0000E+00
     514.500  3938.500     0.0000E+00
     515.500  3938.500     0.0000E+00
     516.500  3938.500     0.0000E+00
     517.500  3938.500     0.0000E+00
     518.500  3938.500     0.0000E+00
     519.500  3938.500     0.0000E+00
     520.500  3938.500     0.0000E+00
     521.500  3938.500     0.0000E+00
     522.500  3938.500     0.0000E+00
     523.500  3938.500     0.0000E+00
     524.500  3938.500     0.0000E+00
     525.500  3938.500     0.0000E+00
     526.500  3938.500     0.0000E+00
     527.500  3938.500     0.0000E+00
     528.500  3938.500     0.0000E+00
     529.500  3938.500     0.0000E+00
     530.500  3938.500     0.0000E+00
     531.500  3938.500     0.0000E+00
     532.500  3938.500     0.0000E+00
     533.500  3938.500     0.0000E+00
     534.500  3938.500     0.0000E+00
     535.500  3938.500     0.0000E+00
     536.500  3938.500     0.0000E+00
     537.500  3938.500     0.0000E+00
     538.500  3938.500     0.0000E+00
     539.500  3938.500     0.0000E+00
     540.500  3938.500     0.0000E+00
     541.500  3938.500     0.0000E+00
     542.500  3938.500     0.0000E+00
     543.500  3938.500     0.0000E+00
     544.500  3938.500     0.0000E+00
     495.500  3939.500     0.0000E+00
     496.500  3939.500     0.0000E+00
     497.500  3939.500     0.0000E+00
     498.500  3939.500     0.0000E+00
     499.500  3939.500     0.0000E+00
     500.500  3939.500     0.0000E+00
     501.500  3939.500     0.0000E+00
     502.500  3939.500     0.0000E+00
     503.500  3939.500     0.0000E+00
     504.500  3939.500     0.0000E+00
     505.500  3939.500     0.0000E+00
     506.500  3939.500     0.0000E+00
     507.500  3939.500     0.0000E+00
     508.500  3939.500     0.0000E+00
     509.500  3939.500     0.0000E+00
     510.500  3939.500     0.0000E+00
     511.500  3939.500     0.0000E+00
     512.500  3939.500     0.0000E+00
     513.500  3939.500     0.0000E+00
     514.500  3939.500     0.0000E+00
     515.500  3939.500     0.0000E+00
     516.500  3939.500     0.0000E+00
     517.500  3939.500     0.0000E+00
     518.500  3939.500     0.0000E+00
     519.500  3939.500     0.0000E+00
     520.500  3939.500     0.0000E+00
     521.500  3939.500     0.0000E+00
     522.500  3939.500     0.0000E+00
     523.500  3939.500     0.0000E+00
     524.500  3939.500     0.0000E+00
     525.500  3939.500     0.0000E+00
     526.500  3939.500     0.0000E+00
     527.500  3939.500     0.0000E+00
     528.500  3939.500     0.0000E+00
     529.500  3939.500     0.0000E+00
     530.500  3939.500     0.0000E+00
     531.500  3939.500     0.0000E+00
     532.500  3939.500     0.0000E+00
     533.500  3939.500     0.0000E+00
     534.500  3939.500     0.0000E+00
     535.500  3939.500     0.0000E+00
     536.500  3939.500     0.0000E+00
     537.500  3939.500     0.0000E+00
     538.500  3939.500     0.0000E+00
     539.500  3939.500     0.0000E+00
     540.500  3939.500     0.0000E+00
     541.500  3939.500     0.0000E+00
     542.500  3939.500     0.0000E+00
     543.500  3939.500     0.0000E+00
     544.500  3939.500     0.0000E+00
     495.500  3940.500     0.0000E+00
     496.500  3940.500     0.0000E+00
     497.500  3940.500     0.0000E+00
     498.500  3940.500     0.0000E+00
     499.500  3940.500     0.0000E+00
     500.500  3940.500     0.0000E+00
     501.500  3940.500     0.0000E+00
     502.500  3940.500     0.0000E+00
     503.500  3940.500     0.0000E+00
     504.500  3940.500     0.0000E+00
     505.500  3940.500     0.0000E+00
     506.500  3940.500     0.0000E+00
     507.500  3940.500     0.0000E+00
     508.500  3940.500     0.0000E+00
     509.500  3940.500     0.0000E+00
     510.500  3940.500     0.0000E+00
     511.500  3940.500     0.0000E+00
     512.500  3940.500     0.0000E+00
     513.500  3940.500     0.0000E+00
     514.500  3940.500     0.0000E+00
     515.500  3940.500     0.0000E+00
     516.500  3940.500     0.0000E+00
     517.500  3940.500     0.0000E+00
     518.500  3940.500     0.0000E+00
     519.500  3940.500     0.0000E+00
     520.500  3940.500     0.0000E+00
     521.500  3940.500     0.0000E+00
     522.500  3940.500     0.0000E+00
     523.500  3940.500     0.0000E+00
     524.500  3940.500     0.0000E+00
     525.500  3940.500     0.0000E+00
     526.500  3940.500     0.0000E+00
     527.500  3940.500     0.0000E+00
     528.500  3940.500     0.0000E+00
     529.500  3940.500     0.0000E+00
     530.500  3940.500     0.0000E+00
     531.500  3940.500     0.0000E+00
     532.500  3940.500     0.0000E+00
     533.500  3940.500     0.0000E+00
     534.500  3940.500     0.0000E+00
     535.500  3940.500     0.0000E+00
     536.500  3940.500     0.0000E+00
     537.500  3940.500     0.0000E+00
     538.500  3940.500     0.0000E+00
     539.500  3940.500     0.0000E+00
     540.500  3940.500     0.0000E+00
     541.500  3940.500     0.0000E+00
     542.500  3940.500     0.0000E+00
     543.500  3940.500     0.0000E+00
     544.500  3940.500     0.0000E+00
     495.500  3941.500     0.0000E+00
     496.500  3941.500     0.0000E+00
     497.500  3941.500     0.0000E+00
     498.500  3941.500     0.0000E+00
     499.500  3941.500     0.0000E+00
     500.500  3941.500     0.0000E+00
     501.500  3941.500     0.0000E+00
     502.500  3941.500     0.0000E+00
     503.500  3941.500     0.0000E+00
     504.500  3941.500     0.0000E+00
     505.500  3941.500     0.0000E+00
     506.500  3941.500     0.0000E+00
     507.500  3941.500     0.0000E+00
     508.500  3941.500     0.0000E+00
     509.500  3941.500     0.0000E+00
     510.500  3941.500     0.0000E+00
     511.500  3941.500     0.0000E+00
     512.500  3941.500     0.0000E+00
     513.500  3941.500     0.0000E+00
     514.500  3941.500     0.0000E+00
     515.500  3941.500     0.0000E+00
     516.500  3941.500     0.0000E+00
     517.500  3941.500     0.0000E+00
     518.500  3941.500     0.0000E+00
     519.500  3941.500     0.0000E+00
     520.500  3941.500     0.0000E+00
     521.500  3941.500     0.0000E+00
     522.500  3941.500     0.0000E+00
     523.500  3941.500     0.0000E+00
     524.500  3941.500     0.0000E+00
     525.500  3941.500     0.0000E+00
     526.500  3941.500     0.0000E+00
     527.500  3941.500     0.0000E+00
     528.500  3941.500     0.0000E+00
     529.500  3941.500     0.0000E+00
     530.500  3941.500     0.0000E+00
     531.500  3941.500     0.0000E+00
     532.500  3941.500     0.0000E+00
     533.500  3941.500     0.0000E+00
     534.500  3941.500     0.0000E+00
     535.500  3941.500     0.0000E+00
     536.500  3941.500     0.0000E+00
     537.500  3941.500     0.0000E+00
     538.500  3941.500     0.0000E+00
     539.500  3941.500     0.0000E+00
     540.500  3941.500     0.0000E+00
     541.500  3941.500     0.0000E+00
     542.500  3941.500     0.0000E+00
     543.500  3941.500     0.0000E+00
     544.500  3941.500     0.0000E+00
     495.500  3942.500     0.0000E+00
     496.500  3942.500     0.0000E+00
     497.500  3942.500     0.0000E+00
     498.500  3942.500     0.0000E+00
     499.500  3942.500     0.0000E+00
     500.500  3942.500     0.0000E+00
     501.500  3942.500     0.0000E+00
     502.500  3942.500     0.0000E+00
     503.500  3942.500     0.0000E+00
     504.500  3942.500     0.0000E+00
     505.500  3942.500     0.0000E+00
     506.500  3942.500     0.0000E+00
     507.500  3942.500     0.0000E+00
     508.500  3942.500     0.0000E+00
     509.500  3942.500     0.0000E+00
     510.500  3942.500     0.0000E+00
     511.500  3942.500     0.0000E+00
     512.500  3942.500     0.0000E+00
     513.500  3942.500     0.0000E+00
     514.500  3942.500     0.0000E+00
     515.500  3942.500     0.0000E+00
     516.500  3942.500     0.0000E+00
     517.500  3942.500     0.0000E+00
     518.500  3942.500     0.0000E+00
     519.500  3942.500     0.0000E+00
     520.500  3942.500     0.0000E+00
     521.500  3942.500     0.0000E+00
     522.500  3942.500     0.0000E+00
     523.500  3942.500     0.0000E+00
     524.500  3942.500     0.0000E+00
     525.500  3942.500     0.0000E+00
     526.500  3942.500     0.0000E+00
     527.500  3942.500     0.0000E+00
     528.500  3942.500     0.0000E+00
     529.500  3942.500     0.0000E+00
     530.500  3942.500     0.0000E+00
     531.500  3942.500     0.0000E+00
     532.500  3942.500     0.0000E+00
     533.500  3942.500     0.0000E+00
     534.500  3942.500     0.0000E+00
     535.500  3942.500     0.0000E+00
     536.500  3942.500     0.0000E+00
     537.500  3942.500     0.0000E+00
     538.500  3942.500     0.0000E+00
     539.500  3942.500     0.0000E+00
     540.500  3942.500     0.0000E+00
     541.500  3942.500     0.0000E+00
     542.500  3942.500     0.0000E+00
     543.500  3942.500     0.0000E+00
     544.500  3942.500     0.0000E+00
     495.500  3943.500     0.0000E+00
     496.500  3943.500     0.0000E+00
     497.500  3943.500     0.0000E+00
     498.500  3943.500     0.0000E+00
     499.500  3943.500     0.0000E+00
     500.500  3943.500     0.0000E+00
     501.500  3943.500     0.0000E+00
     502.500  3943.500     0.0000E+00
     503.500  3943.500     0.0000E+00
     504.500  3943.500     0.0000E+00
     505.500  3943.500     0.0000E+00
     506.500  3943.500     0.0000E+00
     507.500  3943.500     0.0000E+00
     508.500  3943.500     0.0000E+00
     509.500  3943.500     0.0000E+00
     510.500  3943.500     0.0000E+00
     511.500  3943.500     0.0000E+00
     512.500  3943.500     0.0000E+00
     513.500  3943.500     0.0000E+00
     514.500  3943.500     0.0000E+00
     515.500  3943.500     0.0000E+00
     516.500  3943.500     0.0000E+00
     517.500  3943.500     0.0000E+00
     518.500  3943.500     0.0000E+00
     519.500  3943.500     0.0000E+00
     520.500  3943.500     0.0000E+00
     521.500  3943.500     0.0000E+00
     522.500  3943.500     0.0000E+00
     523.500  3943.500     0.0000E+00
     524.500  3943.500     0.0000E+00
     525.500  3943.500     0.0000E+00
     526.500  3943.500     0.0000E+00
     527.500  3943.500     0.0000E+00
     528.500  3943.500     0.0000E+00
     529.500  3943.500     0.0000E+00
     530.500  3943.500     0.0000E+00
     531.500  3943.500     0.0000E+00
     532.500  3943.500     0.0000E+00
     533.500  3943.500     0.0000E+00
     534.500  3943.500     0.0000E+00
     535.500  3943.500     0.0000E+00
     536.500  3943.500     0.0000E+00
     537.500  3943.500     0.0000E+00
     538.500  3943.500     0.0000E+00
     539.500  3943.500     0.0000E+00
     540.500  3943.500     0.0000E+00
     541.500  3943.500     0.0000E+00
     542.500  3943.500     0.0000E+00
     543.500  3943.500     0.0000E+00
     544.500  3943.500     0.0000E+00
     495.500  3944.500     0.0000E+00
     496.500  3944.500     0.0000E+00
     497.500  3944.500     0.0000E+00
     498.500  3944.500     0.0000E+00
     499.500  3944.500     0.0000E+00
     500.500  3944.500     0.0000E+00
     501.500  3944.500     0.0000E+00
     502.500  3944.500     0.0000E+00
     503.500  3944.500     0.0000E+00
     504.500  3944.500     0.0000E+00
     505.500  3944.500     0.0000E+00
     506.500  3944.500     0.0000E+00
     507.500  3944.500     0.0000E+00
     508.500  3944.500     0.0000E+00
     509.500  3944.500     0.0000E+00
     510.500  3944.500     0.0000E+00
     511.500  3944.500     0.0000E+00
     512.500  3944.500     0.0000E+00
     513.500  3944.500     0.0000E+00
     514.500  3944.500     0.0000E+00
     515.500  3944.500     0.0000E+00
     516.500  3944.500     0.0000E+00
     517.500  3944.500     0.0000E+00
     518.500  3944.500     0.0000E+00
     519.500  3944.500     0.0000E+00
     520.500  3944.500     0.0000E+00
     521.500  3944.500     0.0000E+00
     522.500  3944.500     0.0000E+00
     523.500  3944.500     0.0000E+00
     524.500  3944.500     0.0000E+00
     525.500  3944.500     0.0000E+00
     526.500  3944.500     0.0000E+00
     527.500  3944.500     0.0000E+00
     528.500  3944.500     0.0000E+00
     529.500  3944.500     0.0000E+00
     530.500  3944.500     0.0000E+00
     531.500  3944.500     0.0000E+00
     532.500  3944.500     0.0000E+00
     533.500  3944.500     0.0000E+00
     534.500  3944.500     0.0000E+00
     535.500  3944.500     0.0000E+00
     536.500  3944.500     0.0000E+00
     537.500  3944.500     0.0000E+00
     538.500  3944.500     0.0000E+00
     539.500  3944.500     0.0000E+00
     540.500  3944.500     0.0000E+00
     541.500  3944.500     0.0000E+00
     542.500  3944.500     0.0000E+00
     543.500  3944.500     0.0000E+00
     544.500  3944.500     0.0000E+00
     495.500  3945.500     0.0000E+00
     496.500  3945.500     0.0000E+00
     497.500  3945.500     0.0000E+00
     498.500  3945.500     0.0000E+00
     499.500  3945.500     0.0000E+00
     500.500  3945.500     0.0000E+00
     501.500  3945.500     0.0000E+00
     502.500  3945.500     0.0000E+00
     503.500  3945.500     0.0000E+00
     504.500  3945.500     0.0000E+00
     505.500  3945.500     0.0000E+00
     506.500  3945.500     0.0000E+00
     507.500  3945.500     0.0000E+00
     508.500  3945.500     0.0000E+00
     509.500  3945.500     0.0000E+00
     510.500  3945.500     0.0000E+00
     511.500  3945.500     0.0000E+00
     512.500  3945.500     0.0000E+00
     513.500  3945.500     0.0000E+00
     514.500  3945.500     0.0000E+00
     515.500  3945.500     0.0000E+00
     516.500  3945.500     0.0000E+00
     517.500  3945.500     0.0000E+00
     518.500  3945.500     0.0000E+00
     519.500  3945.500     0.0000E+00
     520.500  3945.500     0.0000E+00
     521.500  3945.500     0.0000E+00
     522.500  3945.500     0.0000E+00
     523.500  3945.500     0.0000E+00
     524.500  3945.500     0.0000E+00
     525.500  3945.500     0.0000E+00
     526.500  3945.500     0.0000E+00
     527.500  3945.500     0.0000E+00
     528.500  3945.500     0.0000E+00
     529.500  3945.500     0.0000E+00
     530.500  3945.500     0.0000E+00
     531.500  3945.500     0.0000E+00
     532.500  3945.500     0.0000E+00
     533.500  3945.500     0.0000E+00
     534.500  3945.500     0.0000E+00
     535.500  3945.500     0.0000E+00
     536.500  3945.500     0.0000E+00
     537.500  3945.500     0.0000E+00
     538.500  3945.500     0.0000E+00
     539.500  3945.500     0.0000E+00
     540.500  3945.500     0.0000E+00
     541.500  3945.500     0.0000E+00
     542.500  3945.500     0.0000E+00
     543.500  3945.500     0.0000E+00
     544.500  3945.500     0.0000E+00
     495.500  3946.500     0.0000E+00
     496.500  3946.500     0.0000E+00
     497.500  3946.500     0.0000E+00
     498.500  3946.500     0.0000E+00
     499.500  3946.500     0.0000E+00
     500.500  3946.500     0.0000E+00
     501.500  3946.500     0.0000E+00
     502.500  3946.500     0.0000E+00
     503.500  3946.500     0.0000E+00
     504.500  3946.500     0.0000E+00
     505.500  3946.500     0.0000E+00
     506.500  3946.500     0.0000E+00
     507.500  3946.500     0.0000E+00
     508.500  3946.500     0.0000E+00
     509.500  3946.500     0.0000E+00
     510.500  3946.500     0.0000E+00
     511.500  3946.500     0.0000E+00
     512.500  3946.500     0.0000E+00
     513.500  3946.500     0.0000E+00
     514.500  3946.500     0.0000E+00
     515.500  3946.500     0.0000E+00
     516.500  3946.500     0.0000E+00
     517.500  3946.500     0.0000E+00
     518.500  3946.500     0.0000E+00
     519.500  3946.500     0.0000E+00
     520.500  3946.500     0.0000E+00
     521.500  3946.500     0.0000E+00
     522.500  3946.500     0.0000E+00
     523.500  3946.500     0.0000E+00
     524.500  3946.500     0.0000E+00
     525.500  3946.500     0.0000E+00
     526.500  3946.500     0.0000E+00
     527.500  3946.500     0.0000E+00
     528.500  3946.500     0.0000E+00
     529.500  3946.500     0.0000E+00
     530.500  3946.500     0.0000E+00
     531.500  3946.500     0.0000E+00
     532.500  3946.500     0.0000E+00
     533.500  3946.500     0.0000E+00
     534.500  3946.500     0.0000E+00
     535.500  3946.500     0.0000E+00
     536.500  3946.500     0.0000E+00
     537.500  3946.500     0.0000E+00
     538.500  3946.500     0.0000E+00
     539.500  3946.500     0.0000E+00
     540.500  3946.500     0.0000E+00
     541.500  3946.500     0.0000E+00
     542.500  3946.500     0.0000E+00
     543.500  3946.500     0.0000E+00
     544.500  3946.500     0.0000E+00
     495.500  3947.500     0.0000E+00
     496.500  3947.500     0.0000E+00
     497.500  3947.500     0.0000E+00
     498.500  3947.500     0.0000E+00
     499.500  3947.500     0.0000E+00
     500.500  3947.500     0.0000E+00
     501.500  3947.500     0.0000E+00
     502.500  3947.500     0.0000E+00
     503.500  3947.500     0.0000E+00
     504.500  3947.500     0.0000E+00
     505.500  3947.500     0.0000E+00
     506.500  3947.500     0.0000E+00
     507.500  3947.500     0.0000E+00
     508.500  3947.500     0.0000E+00
     509.500  3947.500     0.0000E+00
     510.500  3947.500     0.0000E+00
     511.500  3947.500     0.0000E+00
     512.500  3947.500     0.0000E+00
     513.500  3947.500     0.0000E+00
     514.500  3947.500     0.0000E+00
     515.500  3947.500     0.0000E+00
     516.500  3947.500     0.0000E+00
     517.500  3947.500     0.0000E+00
     518.500  3947.500     0.0000E+00
     519.500  3947.500     0.0000E+00
     520.500  3947.500     0.0000E+00
     521.500  3947.500     0.0000E+00
     522.500  3947.500     0.0000E+00
     523.500  3947.500     0.0000E+00
     524.500  3947.500     0.0000E+00
     525.500  3947.500     0.0000E+00
     526.500  3947.500     0.0000E+00
     527.500  3947.500     0.0000E+00
     528.500  3947.500     0.0000E+00
     529.500  3947.500     0.0000E+00
     530.500  3947.500     0.0000E+00
     531.500  3947.500     0.0000E+00
     532.500  3947.500     0.0000E+00
     533.500  3947.500     0.0000E+00
     534.500  3947.500     0.0000E+00
     535.500  3947.500     0.0000E+00
     536.500  3947.500     0.0000E+00
     537.500  3947.500     0.0000E+00
     538.500  3947.500     0.0000E+00
     539.500  3947.500     0.0000E+00
     540.500  3947.500     0.0000E+00
     541.500  3947.500     0.0000E+00
     542.500  3947.500     0.0000E+00
     543.500  3947.500     0.0000E+00
     544.500  3947.500     0.0000E+00
     495.500  3948.500     0.0000E+00
     496.500  3948.500     0.0000E+00
     497.500  3948.500     0.0000E+00
     498.500  3948.500     0.0000E+00
     499.500  3948.500     0.0000E+00
     500.500  3948.500     0.0000E+00
     501.500  3948.500     0.0000E+00
     502.500  3948.500     0.0000E+00
     503.500  3948.500     0.0000E+00
     504.500  3948.500     0.0000E+00
     505.500  3948.500     0.0000E+00
     506.500  3948.500     0.0000E+00
     507.500  3948.500     0.0000E+00
     508.500  3948.500     0.0000E+00
     509.500  3948.500     0.0000E+00
     510.500  3948.500     0.0000E+00
     511.500  3948.500     0.0000E+00
     512.500  3948.500     0.0000E+00
     513.500  3948.500     0.0000E+00
     514.500  3948.500     0.0000E+00
     515.500  3948.500     0.0000E+00
     516.500  3948.500     0.0000E+00
     517.500  3948.500     0.0000E+00
     518.500  3948.500     0.0000E+00
     519.500  3948.500     0.0000E+00
     520.500  3948.500     0.0000E+00
     521.500  3948.500     0.0000E+00
     522.500  3948.500     0.0000E+00
     523.500  3948.500     0.0000E+00
     524.500  3948.500     0.0000E+00
     525.500  3948.500     0.0000E+00
     526.500  3948.500     0.0000E+00
     527.500  3948.500     0.0000E+00
     528.500  3948.500     0.0000E+00
     529.500  3948.500     0.0000E+00
     530.500  3948.500     0.0000E+00
     531.500  3948.500     0.0000E+00
     532.500  3948.500     0.0000E+00
     533.500  3948.500     0.0000E+00
     534.500  3948.500     0.0000E+00
     535.500  3948.500     0.0000E+00
     536.500  3948.500     0.0000E+00
     537.500  3948.500     0.0000E+00
     538.500  3948.500     0.0000E+00
     539.500  3948.500     0.0000E+00
     540.500  3948.500     0.0000E+00
     541.500  3948.500     0.0000E+00
     542.500  3948.500     0.0000E+00
     543.500  3948.500     0.0000E+00
     544.500  3948.500     0.0000E+00
     495.500  3949.500     0.0000E+00
     496.500  3949.500     0.0000E+00
     497.500  3949.500     0.0000E+00
     498.500  3949.500     0.0000E+00
     499.500  3949.500     0.0000E+00
     500.500  3949.500     0.0000E+00
     501.500  3949.500     0.0000E+00
     502.500  3949.500     0.0000E+00
     503.500  3949.500     0.0000E+00
     504.500  3949.500     0.0000E+00
     505.500  3949.500     0.0000E+00
     506.500  3949.500     0.0000E+00
     507.500  3949.500     0.0000E+00
     508.500  3949.500     0.0000E+00
     509.500  3949.500     0.0000E+00
     510.500  3949.500     0.0000E+00
     511.500  3949.500     0.0000E+00
     512.500  3949.500     0.0000E+00
     513.500  3949.500     0.0000E+00
     514.500  3949.500     0.0000E+00
     515.500  3949.500     0.0000E+00
     516.500  3949.500     0.0000E+00
     517.500  3949.500     0.0000E+00
     518.500  3949.500     0.0000E+00
     519.500  3949.500     0.0000E+00
     520.500  3949.500     0.0000E+00
     521.500  3949.500     0.0000E+00
     522.500  3949.500     0.0000E+00
     523.500  3949.500     0.0000E+00
     524.500  3949.500     0.0000E+00
     525.500  3949.500     0.0000E+00
     526.500  3949.500     0.0000E+00
     527.500  3949.500     0.0000E+00
     528.500  3949.500     0.0000E+00
     529.500  3949.500     0.0000E+00
     530.500  3949.500     0.0000E+00
     531.500  3949.500     0.0000E+00
     532.500  3949.500     0.0000E+00
     533.500  3949.500     0.0000E+00
     534.500  3949.500     0.0000E+00
     535.500  3949.500     0.0000E+00
     536.500  3949.500     0.0000E+00
     537.500  3949.500     0.0000E+00
     538.500  3949.500     0.0000E+00
     539.500  3949.500     0.0000E+00
     540.500  3949.500     0.0000E+00
     541.500  3949.500     0.0000E+00
     542.500  3949.500     0.0000E+00
     543.500  3949.500     0.0000E+00
     544.500  3949.500     0.0000E+00
     495.500  3950.500     0.0000E+00
     496.500  3950.500     0.0000E+00
     497.500  3950.500     0.0000E+00
     498.500  3950.500     0.0000E+00
     499.500  3950.500     0.0000E+00
     500.500  3950.500     0.0000E+00
     501.500  3950.500     0.0000E+00
     502.500  3950.500     0.0000E+00
     503.500  3950.500     0.0000E+00
     504.500  3950.500     0.0000E+00
     505.500  3950.500     0.0000E+00
     506.500  3950.500     0.0000E+00
     507.500  3950.500     0.0000E+00
     508.500  3950.500     0.0000E+00
     509.500  3950.500     0.0000E+00
     510.500  3950.500     0.0000E+00
     511.500  3950.500     0.0000E+00
     512.500  3950.500     0.0000E+00
     513.500  3950.500     0.0000E+00
     514.500  3950.500     0.0000E+00
     515.500  3950.500     0.0000E+00
     516.500  3950.500     0.0000E+00
     517.500  3950.500     0.0000E+00
     518.500  3950.500     0.0000E+00
     519.500  3950.500     0.0000E+00
     520.500  3950.500     0.0000E+00
     521.500  3950.500     0.0000E+00
     522.500  3950.500     0.0000E+00
     523.500  3950.500     0.0000E+00
     524.500  3950.500     0.0000E+00
     525.500  3950.500     0.0000E+00
     526.500  3950.500     0.0000E+00
     527.500  3950.500     0.0000E+00
     528.500  3950.500     0.0000E+00
     529.500  3950.500     0.0000E+00
     530.500  3950.500     0.0000E+00
     531.500  3950.500     0.0000E+00
     532.500  3950.500     0.0000E+00
     533.500  3950.500     0.0000E+00
     534.500  3950.500     0.0000E+00
     535.500  3950.500     0.0000E+00
     536.500  3950.500     0.0000E+00
     537.500  3950.500     0.0000E+00
     538.500  3950.500     0.0000E+00
     539.500  3950.500     0.0000E+00
     540.500  3950.500     0.0000E+00
     541.500  3950.500     0.0000E+00
     542.500  3950.500     0.0000E+00
     543.500  3950.500     0.0000E+00
     544.500  3950.500     0.0000E+00
     495.500  3951.500     0.0000E+00
     496.500  3951.500     0.0000E+00
     497.500  3951.500     0.0000E+00
     498.500  3951.500     0.0000E+00
     499.500  3951.500     0.0000E+00
     500.500  3951.500     0.0000E+00
     501.500  3951.500     0.0000E+00
     502.500  3951.500     0.0000E+00
     503.500  3951.500     0.0000E+00
     504.500  3951.500     0.0000E+00
     505.500  3951.500     0.0000E+00
     506.500  3951.500     0.0000E+00
     507.500  3951.500     0.0000E+00
     508.500  3951.500     0.0000E+00
     509.500  3951.500     0.0000E+00
     510.500  3951.500     0.0000E+00
     511.500  3951.500     0.0000E+00
     512.500  3951.500     0.0000E+00
     513.500  3951.500     0.0000E+00
     514.500  3951.500     0.0000E+00
     515.500  3951.500     0.0000E+00
     516.500  3951.500     0.0000E+00
     517.500  3951.500     0.0000E+00
     518.500  3951.500     0.0000E+00
     519.500  3951.500     0.0000E+00
     520.500  3951.500     0.0000E+00
     521.500  3951.500     0.0000E+00
     522.500  3951.500     0.0000E+00
     523.500  3951.500     0.0000E+00
     524.500  3951.500     0.0000E+00
     525.500  3951.500     0.0000E+00
     526.500  3951.500     0.0000E+00
     527.500  3951.500     0.0000E+00
     528.500  3951.500     0.0000E+00
     529.500  3951.500     0.0000E+00
     530.500  3951.500     0.0000E+00
     531.500  3951.500     0.0000E+00
     532.500  3951.500     0.0000E+00
     533.500  3951.500     0.0000E+00
     534.500  3951.500     0.0000E+00
     535.500  3951.500     0.0000E+00
     536.500  3951.500     0.0000E+00
     537.500  3951.500     0.0000E+00
     538.500  3951.500     0.0000E+00
     539.500  3951.500     0.0000E+00
     540.500  3951.500     0.0000E+00
     541.500  3951.500     0.0000E+00
     542.500  3951.500     0.0000E+00
     543.500  3951.500     0.0000E+00
     544.500  3951.500     0.0000E+00
     495.500  3952.500     0.0000E+00
     496.500  3952.500     0.0000E+00
     497.500  3952.500     0.0000E+00
     498.500  3952.500     0.0000E+00
     499.500  3952.500     0.0000E+00
     500.500  3952.500     0.0000E+00
     501.500  3952.500     0.0000E+00
     502.500  3952.500     0.0000E+00
     503.500  3952.500     0.0000E+00
     504.500  3952.500     0.0000E+00
     505.500  3952.500     0.0000E+00
     506.500  3952.500     0.0000E+00
     507.500  3952.500     0.0000E+00
     508.500  3952.500     0.0000E+00
     509.500  3952.500     0.0000E+00
     510.500  3952.500     0.0000E+00
     511.500  3952.500     0.0000E+00
     512.500  3952.500     0.0000E+00
     513.500  3952.500     0.0000E+00
     514.500  3952.500     0.0000E+00
     515.500  3952.500     0.0000E+00
     516.500  3952.500     0.0000E+00
     517.500  3952.500     0.0000E+00
     518.500  3952.500     0.0000E+00
     519.500  3952.500     0.0000E+00
     520.500  3952.500     0.0000E+00
     521.500  3952.500     0.0000E+00
     522.500  3952.500     0.0000E+00
     523.500  3952.500     0.0000E+00
     524.500  3952.500     0.0000E+00
     525.500  3952.500     0.0000E+00
     526.500  3952.500     0.0000E+00
     527.500  3952.500     0.0000E+00
     528.500  3952.500     0.0000E+00
     529.500  3952.500     0.0000E+00
     530.500  3952.500     0.0000E+00
     531.500  3952.500     0.0000E+00
     532.500  3952.500     0.0000E+00
     533.500  3952.500     0.0000E+00
     534.500  3952.500     0.0000E+00
     535.500  3952.500     0.0000E+00
     536.500  3952.500     0.0000E+00
     537.500  3952.500     0.0000E+00
     538.500  3952.500     0.0000E+00
     539.500  3952.500     0.0000E+00
     540.500  3952.500     0.0000E+00
     541.500  3952.500     0.0000E+00
     542.500  3952.500     0.0000E+00
     543.500  3952.500     0.0000E+00
     544.500  3952.500     0.0000E+00
     495.500  3953.500     0.0000E+00
     496.500  3953.500     0.0000E+00
     497.500  3953.500     0.0000E+00
     498.500  3953.500     0.0000E+00
     499.500  3953.500     0.0000E+00
     500.500  3953.500     0.0000E+00
     501.500  3953.500     0.0000E+00
     502.500  3953.500     0.0000E+00
     503.500  3953.500     0.0000E+00
     504.500  3953.500     0.0000E+00
     505.500  3953.500     0.0000E+00
     506.500  3953.500     0.0000E+00
     507.500  3953.500     0.0000E+00
     508.500  3953.500     0.0000E+00
     509.500  3953.500     0.0000E+00
     510.500  3953.500     0.0000E+00
     511.500  3953.500     0.0000E+00
     512.500  3953.500     0.0000E+00
     513.500  3953.500     0.0000E+00
     514.500  3953.500     0.0000E+00
     515.500  3953.500     0.0000E+00
     516.500  3953.500     0.0000E+00
     517.500  3953.500     0.0000E+00
     518.500  3953.500     0.0000E+00
     519.500  3953.500     0.0000E+00
     520.500  3953.500     0.0000E+00
     521.500  3953.500     0.0000E+00
     522.500  3953.500     0.0000E+00
     523.500  3953.500     0.0000E+00
     524.500  3953.500     0.0000E+00
     525.500  3953.500     0.0000E+00
     526.500  3953.500     0.0000E+00
     527.500  3953.500     0.0000E+00
     528.500  3953.500     0.0000E+00
     529.500  3953.500     0.0000E+00
     530.500  3953.500     0.0000E+00
     531.500  3953.500     0.0000E+00
     532.500  3953.500     0.0000E+00
     533.500  3953.500     0.0000E+00
     534.500  3953.500     0.0000E+00
     535.500  3953.500     0.0000E+00
     536.500  3953.500     0.0000E+00
     537.500  3953.500     0.0000E+00
     538.500  3953.500     0.0000E+00
     539.500  3953.500     0.0000E+00
     540.500  3953.500     0.0000E+00
     541.500  3953.500     0.0000E+00
     542.500  3953.500     0.0000E+00
     543.500  3953.500     0.0000E+00
     544.500  3953.500     0.0000E+00
     495.500  3954.500     0.0000E+00
     496.500  3954.500     0.0000E+00
     497.500  3954.500     0.0000E+00
     498.500  3954.500     0.0000E+00
     499.500  3954.500     0.0000E+00
     500.500  3954.500     0.0000E+00
     501.500  3954.500     0.0000E+00
     502.500  3954.500     0.0000E+00
     503.500  3954.500     0.0000E+00
     504.500  3954.500     0.0000E+00
     505.500  3954.500     0.0000E+00
     506.500  3954.500     0.0000E+00
     507.500  3954.500     0.0000E+00
     508.500  3954.500     0.0000E+00
     509.500  3954.500     0.0000E+00
     510.500  3954.500     0.0000E+00
     511.500  3954.500     0.0000E+00
     512.500  3954.500     0.0000E+00
     513.500  3954.500     0.0000E+00
     514.500  3954.500     0.0000E+00
     515.500  3954.500     0.0000E+00
     516.500  3954.500     0.0000E+00
     517.500  3954.500     0.0000E+00
     518.500  3954.500     0.0000E+00
     519.500  3954.500     0.0000E+00
     520.500  3954.500     0.0000E+00
     521.500  3954.500     0.0000E+00
     522.500  3954.500     0.0000E+00
     523.500  3954.500     0.0000E+00
     524.500  3954.500     0.0000E+00
     525.500  3954.500     0.0000E+00
     526.500  3954.500     0.0000E+00
     527.500  3954.500     0.0000E+00
     528.500  3954.500     0.0000E+00
     529.500  3954.500     0.0000E+00
     530.500  3954.500     0.0000E+00
     531.500  3954.500     0.0000E+00
     532.500  3954.500     0.0000E+00
     533.500  3954.500     0.0000E+00
     534.500  3954.500     0.0000E+00
     535.500  3954.500     0.0000E+00
     536.500  3954.500     0.0000E+00
     537.500  3954.500     0.0000E+00
     538.500  3954.500     0.0000E+00
     539.500  3954.500     0.0000E+00
     540.500  3954.500     0.0000E+00
     541.500  3954.500     0.0000E+00
     542.500  3954.500     0.0000E+00
     543.500  3954.500     0.0000E+00
     544.500  3954.500     0.0000E+00
     523.642  3934.174     0.0000E+00
     533.661  3935.153     0.0000E+00
     534.934  3933.278     0.0000E+00
     537.941  3928.923     3.4719E-02
     539.209  3926.428     2.6663E-01
     530.687  3933.234     0.0000E+00
     528.743  3936.682     0.0000E+00
     529.379  3937.549     0.0000E+00
     527.900  3932.391     0.0000E+00
     529.626  3931.465     0.0000E+00
     530.937  3931.355     0.0000E+00
     534.513  3928.843     4.4748E-02
     530.716  3928.240     0.0000E+00
     527.755  3927.782     0.0000E+00
     530.426  3921.802     0.0000E+00
     528.551  3921.285     2.0945E-02
     529.374  3937.537     0.0000E+00
