        1   HOUR AVERAGE  CONCENTRATION VALUES AT EACH RECEPTOR  (ug/m**3)    

                   PM2.5         1

     RECEPTOR (x,y) km      VALUE
 
     495.500  3905.500     0.0000E+00
     496.500  3905.500     0.0000E+00
     497.500  3905.500     0.0000E+00
     498.500  3905.500     0.0000E+00
     499.500  3905.500     0.0000E+00
     500.500  3905.500     0.0000E+00
     501.500  3905.500     0.0000E+00
     502.500  3905.500     0.0000E+00
     503.500  3905.500     0.0000E+00
     504.500  3905.500     0.0000E+00
     505.500  3905.500     0.0000E+00
     506.500  3905.500     0.0000E+00
     507.500  3905.500     0.0000E+00
     508.500  3905.500     0.0000E+00
     509.500  3905.500     0.0000E+00
     510.500  3905.500     0.0000E+00
     511.500  3905.500     0.0000E+00
     512.500  3905.500     0.0000E+00
     513.500  3905.500     0.0000E+00
     514.500  3905.500     0.0000E+00
     515.500  3905.500     0.0000E+00
     516.500  3905.500     0.0000E+00
     517.500  3905.500     0.0000E+00
     518.500  3905.500     0.0000E+00
     519.500  3905.500     0.0000E+00
     520.500  3905.500     0.0000E+00
     521.500  3905.500     0.0000E+00
     522.500  3905.500     0.0000E+00
     523.500  3905.500     0.0000E+00
     524.500  3905.500     0.0000E+00
     525.500  3905.500     0.0000E+00
     526.500  3905.500     0.0000E+00
     527.500  3905.500     0.0000E+00
     528.500  3905.500     0.0000E+00
     529.500  3905.500     0.0000E+00
     530.500  3905.500     0.0000E+00
     531.500  3905.500     0.0000E+00
     532.500  3905.500     0.0000E+00
     533.500  3905.500     0.0000E+00
     534.500  3905.500     0.0000E+00
     535.500  3905.500     0.0000E+00
     536.500  3905.500     0.0000E+00
     537.500  3905.500     0.0000E+00
     538.500  3905.500     0.0000E+00
     539.500  3905.500     0.0000E+00
     540.500  3905.500     0.0000E+00
     541.500  3905.500     0.0000E+00
     542.500  3905.500     0.0000E+00
     543.500  3905.500     0.0000E+00
     544.500  3905.500     0.0000E+00
     495.500  3906.500     0.0000E+00
     496.500  3906.500     0.0000E+00
     497.500  3906.500     0.0000E+00
     498.500  3906.500     0.0000E+00
     499.500  3906.500     0.0000E+00
     500.500  3906.500     0.0000E+00
     501.500  3906.500     0.0000E+00
     502.500  3906.500     0.0000E+00
     503.500  3906.500     0.0000E+00
     504.500  3906.500     0.0000E+00
     505.500  3906.500     0.0000E+00
     506.500  3906.500     0.0000E+00
     507.500  3906.500     0.0000E+00
     508.500  3906.500     0.0000E+00
     509.500  3906.500     0.0000E+00
     510.500  3906.500     0.0000E+00
     511.500  3906.500     0.0000E+00
     512.500  3906.500     0.0000E+00
     513.500  3906.500     0.0000E+00
     514.500  3906.500     0.0000E+00
     515.500  3906.500     0.0000E+00
     516.500  3906.500     0.0000E+00
     517.500  3906.500     0.0000E+00
     518.500  3906.500     0.0000E+00
     519.500  3906.500     0.0000E+00
     520.500  3906.500     0.0000E+00
     521.500  3906.500     0.0000E+00
     522.500  3906.500     0.0000E+00
     523.500  3906.500     0.0000E+00
     524.500  3906.500     0.0000E+00
     525.500  3906.500     0.0000E+00
     526.500  3906.500     0.0000E+00
     527.500  3906.500     0.0000E+00
     528.500  3906.500     0.0000E+00
     529.500  3906.500     0.0000E+00
     530.500  3906.500     0.0000E+00
     531.500  3906.500     0.0000E+00
     532.500  3906.500     0.0000E+00
     533.500  3906.500     0.0000E+00
     534.500  3906.500     0.0000E+00
     535.500  3906.500     0.0000E+00
     536.500  3906.500     0.0000E+00
     537.500  3906.500     0.0000E+00
     538.500  3906.500     0.0000E+00
     539.500  3906.500     0.0000E+00
     540.500  3906.500     0.0000E+00
     541.500  3906.500     0.0000E+00
     542.500  3906.500     0.0000E+00
     543.500  3906.500     0.0000E+00
     544.500  3906.500     0.0000E+00
     495.500  3907.500     0.0000E+00
     496.500  3907.500     0.0000E+00
     497.500  3907.500     0.0000E+00
     498.500  3907.500     0.0000E+00
     499.500  3907.500     0.0000E+00
     500.500  3907.500     0.0000E+00
     501.500  3907.500     0.0000E+00
     502.500  3907.500     0.0000E+00
     503.500  3907.500     0.0000E+00
     504.500  3907.500     0.0000E+00
     505.500  3907.500     0.0000E+00
     506.500  3907.500     0.0000E+00
     507.500  3907.500     0.0000E+00
     508.500  3907.500     0.0000E+00
     509.500  3907.500     0.0000E+00
     510.500  3907.500     0.0000E+00
     511.500  3907.500     0.0000E+00
     512.500  3907.500     0.0000E+00
     513.500  3907.500     0.0000E+00
     514.500  3907.500     0.0000E+00
     515.500  3907.500     0.0000E+00
     516.500  3907.500     0.0000E+00
     517.500  3907.500     0.0000E+00
     518.500  3907.500     0.0000E+00
     519.500  3907.500     0.0000E+00
     520.500  3907.500     0.0000E+00
     521.500  3907.500     0.0000E+00
     522.500  3907.500     0.0000E+00
     523.500  3907.500     0.0000E+00
     524.500  3907.500     0.0000E+00
     525.500  3907.500     0.0000E+00
     526.500  3907.500     0.0000E+00
     527.500  3907.500     0.0000E+00
     528.500  3907.500     0.0000E+00
     529.500  3907.500     0.0000E+00
     530.500  3907.500     0.0000E+00
     531.500  3907.500     0.0000E+00
     532.500  3907.500     0.0000E+00
     533.500  3907.500     0.0000E+00
     534.500  3907.500     0.0000E+00
     535.500  3907.500     0.0000E+00
     536.500  3907.500     0.0000E+00
     537.500  3907.500     0.0000E+00
     538.500  3907.500     0.0000E+00
     539.500  3907.500     0.0000E+00
     540.500  3907.500     0.0000E+00
     541.500  3907.500     0.0000E+00
     542.500  3907.500     0.0000E+00
     543.500  3907.500     0.0000E+00
     544.500  3907.500     0.0000E+00
     495.500  3908.500     0.0000E+00
     496.500  3908.500     0.0000E+00
     497.500  3908.500     0.0000E+00
     498.500  3908.500     0.0000E+00
     499.500  3908.500     0.0000E+00
     500.500  3908.500     0.0000E+00
     501.500  3908.500     0.0000E+00
     502.500  3908.500     0.0000E+00
     503.500  3908.500     0.0000E+00
     504.500  3908.500     0.0000E+00
     505.500  3908.500     0.0000E+00
     506.500  3908.500     0.0000E+00
     507.500  3908.500     0.0000E+00
     508.500  3908.500     0.0000E+00
     509.500  3908.500     0.0000E+00
     510.500  3908.500     0.0000E+00
     511.500  3908.500     0.0000E+00
     512.500  3908.500     0.0000E+00
     513.500  3908.500     0.0000E+00
     514.500  3908.500     0.0000E+00
     515.500  3908.500     0.0000E+00
     516.500  3908.500     0.0000E+00
     517.500  3908.500     0.0000E+00
     518.500  3908.500     0.0000E+00
     519.500  3908.500     0.0000E+00
     520.500  3908.500     0.0000E+00
     521.500  3908.500     0.0000E+00
     522.500  3908.500     0.0000E+00
     523.500  3908.500     0.0000E+00
     524.500  3908.500     0.0000E+00
     525.500  3908.500     0.0000E+00
     526.500  3908.500     0.0000E+00
     527.500  3908.500     0.0000E+00
     528.500  3908.500     0.0000E+00
     529.500  3908.500     0.0000E+00
     530.500  3908.500     0.0000E+00
     531.500  3908.500     0.0000E+00
     532.500  3908.500     0.0000E+00
     533.500  3908.500     0.0000E+00
     534.500  3908.500     0.0000E+00
     535.500  3908.500     0.0000E+00
     536.500  3908.500     0.0000E+00
     537.500  3908.500     0.0000E+00
     538.500  3908.500     0.0000E+00
     539.500  3908.500     0.0000E+00
     540.500  3908.500     0.0000E+00
     541.500  3908.500     0.0000E+00
     542.500  3908.500     0.0000E+00
     543.500  3908.500     0.0000E+00
     544.500  3908.500     0.0000E+00
     495.500  3909.500     0.0000E+00
     496.500  3909.500     0.0000E+00
     497.500  3909.500     0.0000E+00
     498.500  3909.500     0.0000E+00
     499.500  3909.500     0.0000E+00
     500.500  3909.500     0.0000E+00
     501.500  3909.500     0.0000E+00
     502.500  3909.500     0.0000E+00
     503.500  3909.500     0.0000E+00
     504.500  3909.500     0.0000E+00
     505.500  3909.500     0.0000E+00
     506.500  3909.500     0.0000E+00
     507.500  3909.500     0.0000E+00
     508.500  3909.500     0.0000E+00
     509.500  3909.500     0.0000E+00
     510.500  3909.500     0.0000E+00
     511.500  3909.500     0.0000E+00
     512.500  3909.500     0.0000E+00
     513.500  3909.500     0.0000E+00
     514.500  3909.500     0.0000E+00
     515.500  3909.500     0.0000E+00
     516.500  3909.500     0.0000E+00
     517.500  3909.500     0.0000E+00
     518.500  3909.500     0.0000E+00
     519.500  3909.500     0.0000E+00
     520.500  3909.500     0.0000E+00
     521.500  3909.500     0.0000E+00
     522.500  3909.500     0.0000E+00
     523.500  3909.500     0.0000E+00
     524.500  3909.500     0.0000E+00
     525.500  3909.500     0.0000E+00
     526.500  3909.500     0.0000E+00
     527.500  3909.500     0.0000E+00
     528.500  3909.500     0.0000E+00
     529.500  3909.500     0.0000E+00
     530.500  3909.500     0.0000E+00
     531.500  3909.500     0.0000E+00
     532.500  3909.500     0.0000E+00
     533.500  3909.500     0.0000E+00
     534.500  3909.500     0.0000E+00
     535.500  3909.500     0.0000E+00
     536.500  3909.500     0.0000E+00
     537.500  3909.500     0.0000E+00
     538.500  3909.500     0.0000E+00
     539.500  3909.500     0.0000E+00
     540.500  3909.500     0.0000E+00
     541.500  3909.500     0.0000E+00
     542.500  3909.500     0.0000E+00
     543.500  3909.500     0.0000E+00
     544.500  3909.500     0.0000E+00
     495.500  3910.500     0.0000E+00
     496.500  3910.500     0.0000E+00
     497.500  3910.500     0.0000E+00
     498.500  3910.500     0.0000E+00
     499.500  3910.500     0.0000E+00
     500.500  3910.500     0.0000E+00
     501.500  3910.500     0.0000E+00
     502.500  3910.500     0.0000E+00
     503.500  3910.500     0.0000E+00
     504.500  3910.500     0.0000E+00
     505.500  3910.500     0.0000E+00
     506.500  3910.500     0.0000E+00
     507.500  3910.500     0.0000E+00
     508.500  3910.500     0.0000E+00
     509.500  3910.500     0.0000E+00
     510.500  3910.500     0.0000E+00
     511.500  3910.500     0.0000E+00
     512.500  3910.500     0.0000E+00
     513.500  3910.500     0.0000E+00
     514.500  3910.500     0.0000E+00
     515.500  3910.500     0.0000E+00
     516.500  3910.500     0.0000E+00
     517.500  3910.500     0.0000E+00
     518.500  3910.500     0.0000E+00
     519.500  3910.500     0.0000E+00
     520.500  3910.500     0.0000E+00
     521.500  3910.500     0.0000E+00
     522.500  3910.500     0.0000E+00
     523.500  3910.500     0.0000E+00
     524.500  3910.500     0.0000E+00
     525.500  3910.500     0.0000E+00
     526.500  3910.500     0.0000E+00
     527.500  3910.500     0.0000E+00
     528.500  3910.500     0.0000E+00
     529.500  3910.500     0.0000E+00
     530.500  3910.500     0.0000E+00
     531.500  3910.500     0.0000E+00
     532.500  3910.500     0.0000E+00
     533.500  3910.500     0.0000E+00
     534.500  3910.500     0.0000E+00
     535.500  3910.500     0.0000E+00
     536.500  3910.500     0.0000E+00
     537.500  3910.500     0.0000E+00
     538.500  3910.500     0.0000E+00
     539.500  3910.500     0.0000E+00
     540.500  3910.500     0.0000E+00
     541.500  3910.500     0.0000E+00
     542.500  3910.500     0.0000E+00
     543.500  3910.500     0.0000E+00
     544.500  3910.500     0.0000E+00
     495.500  3911.500     0.0000E+00
     496.500  3911.500     0.0000E+00
     497.500  3911.500     0.0000E+00
     498.500  3911.500     0.0000E+00
     499.500  3911.500     0.0000E+00
     500.500  3911.500     0.0000E+00
     501.500  3911.500     0.0000E+00
     502.500  3911.500     0.0000E+00
     503.500  3911.500     0.0000E+00
     504.500  3911.500     0.0000E+00
     505.500  3911.500     0.0000E+00
     506.500  3911.500     0.0000E+00
     507.500  3911.500     0.0000E+00
     508.500  3911.500     0.0000E+00
     509.500  3911.500     0.0000E+00
     510.500  3911.500     0.0000E+00
     511.500  3911.500     0.0000E+00
     512.500  3911.500     0.0000E+00
     513.500  3911.500     0.0000E+00
     514.500  3911.500     0.0000E+00
     515.500  3911.500     0.0000E+00
     516.500  3911.500     0.0000E+00
     517.500  3911.500     0.0000E+00
     518.500  3911.500     0.0000E+00
     519.500  3911.500     0.0000E+00
     520.500  3911.500     0.0000E+00
     521.500  3911.500     0.0000E+00
     522.500  3911.500     0.0000E+00
     523.500  3911.500     0.0000E+00
     524.500  3911.500     0.0000E+00
     525.500  3911.500     0.0000E+00
     526.500  3911.500     0.0000E+00
     527.500  3911.500     0.0000E+00
     528.500  3911.500     0.0000E+00
     529.500  3911.500     0.0000E+00
     530.500  3911.500     0.0000E+00
     531.500  3911.500     0.0000E+00
     532.500  3911.500     0.0000E+00
     533.500  3911.500     0.0000E+00
     534.500  3911.500     0.0000E+00
     535.500  3911.500     0.0000E+00
     536.500  3911.500     0.0000E+00
     537.500  3911.500     0.0000E+00
     538.500  3911.500     0.0000E+00
     539.500  3911.500     0.0000E+00
     540.500  3911.500     0.0000E+00
     541.500  3911.500     0.0000E+00
     542.500  3911.500     0.0000E+00
     543.500  3911.500     0.0000E+00
     544.500  3911.500     2.3390E-04
     495.500  3912.500     0.0000E+00
     496.500  3912.500     0.0000E+00
     497.500  3912.500     0.0000E+00
     498.500  3912.500     0.0000E+00
     499.500  3912.500     0.0000E+00
     500.500  3912.500     0.0000E+00
     501.500  3912.500     0.0000E+00
     502.500  3912.500     0.0000E+00
     503.500  3912.500     0.0000E+00
     504.500  3912.500     0.0000E+00
     505.500  3912.500     0.0000E+00
     506.500  3912.500     0.0000E+00
     507.500  3912.500     0.0000E+00
     508.500  3912.500     0.0000E+00
     509.500  3912.500     0.0000E+00
     510.500  3912.500     0.0000E+00
     511.500  3912.500     0.0000E+00
     512.500  3912.500     0.0000E+00
     513.500  3912.500     0.0000E+00
     514.500  3912.500     0.0000E+00
     515.500  3912.500     0.0000E+00
     516.500  3912.500     0.0000E+00
     517.500  3912.500     0.0000E+00
     518.500  3912.500     0.0000E+00
     519.500  3912.500     0.0000E+00
     520.500  3912.500     0.0000E+00
     521.500  3912.500     0.0000E+00
     522.500  3912.500     0.0000E+00
     523.500  3912.500     0.0000E+00
     524.500  3912.500     0.0000E+00
     525.500  3912.500     0.0000E+00
     526.500  3912.500     0.0000E+00
     527.500  3912.500     0.0000E+00
     528.500  3912.500     0.0000E+00
     529.500  3912.500     0.0000E+00
     530.500  3912.500     0.0000E+00
     531.500  3912.500     0.0000E+00
     532.500  3912.500     0.0000E+00
     533.500  3912.500     0.0000E+00
     534.500  3912.500     0.0000E+00
     535.500  3912.500     0.0000E+00
     536.500  3912.500     0.0000E+00
     537.500  3912.500     0.0000E+00
     538.500  3912.500     0.0000E+00
     539.500  3912.500     0.0000E+00
     540.500  3912.500     0.0000E+00
     541.500  3912.500     0.0000E+00
     542.500  3912.500     0.0000E+00
     543.500  3912.500     1.6522E-03
     544.500  3912.500     5.6269E-03
     495.500  3913.500     0.0000E+00
     496.500  3913.500     0.0000E+00
     497.500  3913.500     0.0000E+00
     498.500  3913.500     0.0000E+00
     499.500  3913.500     0.0000E+00
     500.500  3913.500     0.0000E+00
     501.500  3913.500     0.0000E+00
     502.500  3913.500     0.0000E+00
     503.500  3913.500     0.0000E+00
     504.500  3913.500     0.0000E+00
     505.500  3913.500     0.0000E+00
     506.500  3913.500     0.0000E+00
     507.500  3913.500     0.0000E+00
     508.500  3913.500     0.0000E+00
     509.500  3913.500     0.0000E+00
     510.500  3913.500     0.0000E+00
     511.500  3913.500     0.0000E+00
     512.500  3913.500     0.0000E+00
     513.500  3913.500     0.0000E+00
     514.500  3913.500     0.0000E+00
     515.500  3913.500     0.0000E+00
     516.500  3913.500     0.0000E+00
     517.500  3913.500     0.0000E+00
     518.500  3913.500     0.0000E+00
     519.500  3913.500     0.0000E+00
     520.500  3913.500     0.0000E+00
     521.500  3913.500     0.0000E+00
     522.500  3913.500     0.0000E+00
     523.500  3913.500     0.0000E+00
     524.500  3913.500     0.0000E+00
     525.500  3913.500     0.0000E+00
     526.500  3913.500     0.0000E+00
     527.500  3913.500     0.0000E+00
     528.500  3913.500     0.0000E+00
     529.500  3913.500     0.0000E+00
     530.500  3913.500     0.0000E+00
     531.500  3913.500     0.0000E+00
     532.500  3913.500     0.0000E+00
     533.500  3913.500     0.0000E+00
     534.500  3913.500     0.0000E+00
     535.500  3913.500     0.0000E+00
     536.500  3913.500     0.0000E+00
     537.500  3913.500     0.0000E+00
     538.500  3913.500     0.0000E+00
     539.500  3913.500     0.0000E+00
     540.500  3913.500     0.0000E+00
     541.500  3913.500     2.4326E-04
     542.500  3913.500     6.9369E-03
     543.500  3913.500     2.5358E-02
     544.500  3913.500     4.0743E-02
     495.500  3914.500     0.0000E+00
     496.500  3914.500     0.0000E+00
     497.500  3914.500     0.0000E+00
     498.500  3914.500     0.0000E+00
     499.500  3914.500     0.0000E+00
     500.500  3914.500     0.0000E+00
     501.500  3914.500     0.0000E+00
     502.500  3914.500     0.0000E+00
     503.500  3914.500     0.0000E+00
     504.500  3914.500     0.0000E+00
     505.500  3914.500     0.0000E+00
     506.500  3914.500     0.0000E+00
     507.500  3914.500     0.0000E+00
     508.500  3914.500     0.0000E+00
     509.500  3914.500     0.0000E+00
     510.500  3914.500     0.0000E+00
     511.500  3914.500     0.0000E+00
     512.500  3914.500     0.0000E+00
     513.500  3914.500     0.0000E+00
     514.500  3914.500     0.0000E+00
     515.500  3914.500     0.0000E+00
     516.500  3914.500     0.0000E+00
     517.500  3914.500     0.0000E+00
     518.500  3914.500     0.0000E+00
     519.500  3914.500     0.0000E+00
     520.500  3914.500     0.0000E+00
     521.500  3914.500     0.0000E+00
     522.500  3914.500     0.0000E+00
     523.500  3914.500     0.0000E+00
     524.500  3914.500     0.0000E+00
     525.500  3914.500     0.0000E+00
     526.500  3914.500     0.0000E+00
     527.500  3914.500     0.0000E+00
     528.500  3914.500     0.0000E+00
     529.500  3914.500     0.0000E+00
     530.500  3914.500     0.0000E+00
     531.500  3914.500     0.0000E+00
     532.500  3914.500     0.0000E+00
     533.500  3914.500     0.0000E+00
     534.500  3914.500     0.0000E+00
     535.500  3914.500     0.0000E+00
     536.500  3914.500     0.0000E+00
     537.500  3914.500     0.0000E+00
     538.500  3914.500     0.0000E+00
     539.500  3914.500     0.0000E+00
     540.500  3914.500     3.0597E-03
     541.500  3914.500     2.8266E-02
     542.500  3914.500     8.1891E-02
     543.500  3914.500     1.3970E-01
     544.500  3914.500     1.4940E-01
     495.500  3915.500     0.0000E+00
     496.500  3915.500     0.0000E+00
     497.500  3915.500     0.0000E+00
     498.500  3915.500     0.0000E+00
     499.500  3915.500     0.0000E+00
     500.500  3915.500     0.0000E+00
     501.500  3915.500     0.0000E+00
     502.500  3915.500     0.0000E+00
     503.500  3915.500     0.0000E+00
     504.500  3915.500     0.0000E+00
     505.500  3915.500     0.0000E+00
     506.500  3915.500     0.0000E+00
     507.500  3915.500     0.0000E+00
     508.500  3915.500     0.0000E+00
     509.500  3915.500     0.0000E+00
     510.500  3915.500     0.0000E+00
     511.500  3915.500     0.0000E+00
     512.500  3915.500     0.0000E+00
     513.500  3915.500     0.0000E+00
     514.500  3915.500     0.0000E+00
     515.500  3915.500     0.0000E+00
     516.500  3915.500     0.0000E+00
     517.500  3915.500     0.0000E+00
     518.500  3915.500     0.0000E+00
     519.500  3915.500     0.0000E+00
     520.500  3915.500     0.0000E+00
     521.500  3915.500     0.0000E+00
     522.500  3915.500     0.0000E+00
     523.500  3915.500     0.0000E+00
     524.500  3915.500     0.0000E+00
     525.500  3915.500     0.0000E+00
     526.500  3915.500     0.0000E+00
     527.500  3915.500     0.0000E+00
     528.500  3915.500     0.0000E+00
     529.500  3915.500     0.0000E+00
     530.500  3915.500     0.0000E+00
     531.500  3915.500     0.0000E+00
     532.500  3915.500     0.0000E+00
     533.500  3915.500     0.0000E+00
     534.500  3915.500     0.0000E+00
     535.500  3915.500     0.0000E+00
     536.500  3915.500     0.0000E+00
     537.500  3915.500     0.0000E+00
     538.500  3915.500     6.9283E-03
     539.500  3915.500     4.7128E-02
     540.500  3915.500     1.3360E-01
     541.500  3915.500     2.4569E-01
     542.500  3915.500     3.2248E-01
     543.500  3915.500     3.4830E-01
     544.500  3915.500     2.8731E-01
     495.500  3916.500     0.0000E+00
     496.500  3916.500     0.0000E+00
     497.500  3916.500     0.0000E+00
     498.500  3916.500     0.0000E+00
     499.500  3916.500     0.0000E+00
     500.500  3916.500     0.0000E+00
     501.500  3916.500     0.0000E+00
     502.500  3916.500     0.0000E+00
     503.500  3916.500     0.0000E+00
     504.500  3916.500     0.0000E+00
     505.500  3916.500     0.0000E+00
     506.500  3916.500     0.0000E+00
     507.500  3916.500     0.0000E+00
     508.500  3916.500     0.0000E+00
     509.500  3916.500     0.0000E+00
     510.500  3916.500     0.0000E+00
     511.500  3916.500     0.0000E+00
     512.500  3916.500     0.0000E+00
     513.500  3916.500     0.0000E+00
     514.500  3916.500     0.0000E+00
     515.500  3916.500     0.0000E+00
     516.500  3916.500     0.0000E+00
     517.500  3916.500     0.0000E+00
     518.500  3916.500     0.0000E+00
     519.500  3916.500     0.0000E+00
     520.500  3916.500     0.0000E+00
     521.500  3916.500     0.0000E+00
     522.500  3916.500     0.0000E+00
     523.500  3916.500     0.0000E+00
     524.500  3916.500     0.0000E+00
     525.500  3916.500     0.0000E+00
     526.500  3916.500     0.0000E+00
     527.500  3916.500     0.0000E+00
     528.500  3916.500     0.0000E+00
     529.500  3916.500     0.0000E+00
     530.500  3916.500     0.0000E+00
     531.500  3916.500     0.0000E+00
     532.500  3916.500     0.0000E+00
     533.500  3916.500     0.0000E+00
     534.500  3916.500     0.0000E+00
     535.500  3916.500     0.0000E+00
     536.500  3916.500     1.6463E-02
     537.500  3916.500     1.2614E-01
     538.500  3916.500     3.2133E-01
     539.500  3916.500     4.8571E-01
     540.500  3916.500     5.6925E-01
     541.500  3916.500     5.6183E-01
     542.500  3916.500     4.9520E-01
     543.500  3916.500     4.1519E-01
     544.500  3916.500     2.9967E-01
     495.500  3917.500     0.0000E+00
     496.500  3917.500     0.0000E+00
     497.500  3917.500     0.0000E+00
     498.500  3917.500     0.0000E+00
     499.500  3917.500     0.0000E+00
     500.500  3917.500     0.0000E+00
     501.500  3917.500     0.0000E+00
     502.500  3917.500     0.0000E+00
     503.500  3917.500     0.0000E+00
     504.500  3917.500     0.0000E+00
     505.500  3917.500     0.0000E+00
     506.500  3917.500     0.0000E+00
     507.500  3917.500     0.0000E+00
     508.500  3917.500     0.0000E+00
     509.500  3917.500     0.0000E+00
     510.500  3917.500     0.0000E+00
     511.500  3917.500     0.0000E+00
     512.500  3917.500     0.0000E+00
     513.500  3917.500     0.0000E+00
     514.500  3917.500     0.0000E+00
     515.500  3917.500     0.0000E+00
     516.500  3917.500     0.0000E+00
     517.500  3917.500     0.0000E+00
     518.500  3917.500     0.0000E+00
     519.500  3917.500     0.0000E+00
     520.500  3917.500     0.0000E+00
     521.500  3917.500     0.0000E+00
     522.500  3917.500     0.0000E+00
     523.500  3917.500     0.0000E+00
     524.500  3917.500     0.0000E+00
     525.500  3917.500     0.0000E+00
     526.500  3917.500     0.0000E+00
     527.500  3917.500     0.0000E+00
     528.500  3917.500     0.0000E+00
     529.500  3917.500     0.0000E+00
     530.500  3917.500     0.0000E+00
     531.500  3917.500     0.0000E+00
     532.500  3917.500     0.0000E+00
     533.500  3917.500     0.0000E+00
     534.500  3917.500     3.7662E-02
     535.500  3917.500     3.9596E-01
     536.500  3917.500     8.5943E-01
     537.500  3917.500     1.0569E+00
     538.500  3917.500     9.4234E-01
     539.500  3917.500     7.2232E-01
     540.500  3917.500     5.3142E-01
     541.500  3917.500     3.9845E-01
     542.500  3917.500     3.1781E-01
     543.500  3917.500     2.5700E-01
     544.500  3917.500     1.8614E-01
     495.500  3918.500     0.0000E+00
     496.500  3918.500     0.0000E+00
     497.500  3918.500     0.0000E+00
     498.500  3918.500     0.0000E+00
     499.500  3918.500     0.0000E+00
     500.500  3918.500     0.0000E+00
     501.500  3918.500     0.0000E+00
     502.500  3918.500     0.0000E+00
     503.500  3918.500     0.0000E+00
     504.500  3918.500     0.0000E+00
     505.500  3918.500     0.0000E+00
     506.500  3918.500     0.0000E+00
     507.500  3918.500     0.0000E+00
     508.500  3918.500     0.0000E+00
     509.500  3918.500     0.0000E+00
     510.500  3918.500     0.0000E+00
     511.500  3918.500     0.0000E+00
     512.500  3918.500     0.0000E+00
     513.500  3918.500     0.0000E+00
     514.500  3918.500     0.0000E+00
     515.500  3918.500     0.0000E+00
     516.500  3918.500     0.0000E+00
     517.500  3918.500     0.0000E+00
     518.500  3918.500     0.0000E+00
     519.500  3918.500     0.0000E+00
     520.500  3918.500     0.0000E+00
     521.500  3918.500     0.0000E+00
     522.500  3918.500     0.0000E+00
     523.500  3918.500     0.0000E+00
     524.500  3918.500     0.0000E+00
     525.500  3918.500     0.0000E+00
     526.500  3918.500     0.0000E+00
     527.500  3918.500     0.0000E+00
     528.500  3918.500     0.0000E+00
     529.500  3918.500     0.0000E+00
     530.500  3918.500     0.0000E+00
     531.500  3918.500     0.0000E+00
     532.500  3918.500     4.1130E-02
     533.500  3918.500     2.1274E+00
     534.500  3918.500     2.5260E+00
     535.500  3918.500     1.1586E+00
     536.500  3918.500     4.7614E-01
     537.500  3918.500     2.5690E-01
     538.500  3918.500     2.2125E-01
     539.500  3918.500     2.2313E-01
     540.500  3918.500     2.1493E-01
     541.500  3918.500     1.8870E-01
     542.500  3918.500     1.5381E-01
     543.500  3918.500     1.2388E-01
     544.500  3918.500     9.8108E-02
     495.500  3919.500     0.0000E+00
     496.500  3919.500     0.0000E+00
     497.500  3919.500     0.0000E+00
     498.500  3919.500     0.0000E+00
     499.500  3919.500     0.0000E+00
     500.500  3919.500     0.0000E+00
     501.500  3919.500     0.0000E+00
     502.500  3919.500     0.0000E+00
     503.500  3919.500     0.0000E+00
     504.500  3919.500     0.0000E+00
     505.500  3919.500     0.0000E+00
     506.500  3919.500     0.0000E+00
     507.500  3919.500     0.0000E+00
     508.500  3919.500     0.0000E+00
     509.500  3919.500     0.0000E+00
     510.500  3919.500     0.0000E+00
     511.500  3919.500     0.0000E+00
     512.500  3919.500     0.0000E+00
     513.500  3919.500     0.0000E+00
     514.500  3919.500     0.0000E+00
     515.500  3919.500     0.0000E+00
     516.500  3919.500     0.0000E+00
     517.500  3919.500     0.0000E+00
     518.500  3919.500     0.0000E+00
     519.500  3919.500     0.0000E+00
     520.500  3919.500     0.0000E+00
     521.500  3919.500     0.0000E+00
     522.500  3919.500     0.0000E+00
     523.500  3919.500     0.0000E+00
     524.500  3919.500     0.0000E+00
     525.500  3919.500     0.0000E+00
     526.500  3919.500     0.0000E+00
     527.500  3919.500     0.0000E+00
     528.500  3919.500     0.0000E+00
     529.500  3919.500     0.0000E+00
     530.500  3919.500     0.0000E+00
     531.500  3919.500     0.0000E+00
     532.500  3919.500     0.0000E+00
     533.500  3919.500     0.0000E+00
     534.500  3919.500     2.6475E-02
     535.500  3919.500     2.1257E-01
     536.500  3919.500     3.3744E-01
     537.500  3919.500     3.0916E-01
     538.500  3919.500     2.3629E-01
     539.500  3919.500     1.6745E-01
     540.500  3919.500     1.1332E-01
     541.500  3919.500     8.0562E-02
     542.500  3919.500     8.1699E-02
     543.500  3919.500     9.7919E-02
     544.500  3919.500     1.2302E-01
     495.500  3920.500     0.0000E+00
     496.500  3920.500     0.0000E+00
     497.500  3920.500     0.0000E+00
     498.500  3920.500     0.0000E+00
     499.500  3920.500     0.0000E+00
     500.500  3920.500     0.0000E+00
     501.500  3920.500     0.0000E+00
     502.500  3920.500     0.0000E+00
     503.500  3920.500     0.0000E+00
     504.500  3920.500     0.0000E+00
     505.500  3920.500     0.0000E+00
     506.500  3920.500     0.0000E+00
     507.500  3920.500     0.0000E+00
     508.500  3920.500     0.0000E+00
     509.500  3920.500     0.0000E+00
     510.500  3920.500     0.0000E+00
     511.500  3920.500     0.0000E+00
     512.500  3920.500     0.0000E+00
     513.500  3920.500     0.0000E+00
     514.500  3920.500     0.0000E+00
     515.500  3920.500     0.0000E+00
     516.500  3920.500     0.0000E+00
     517.500  3920.500     0.0000E+00
     518.500  3920.500     0.0000E+00
     519.500  3920.500     0.0000E+00
     520.500  3920.500     0.0000E+00
     521.500  3920.500     0.0000E+00
     522.500  3920.500     0.0000E+00
     523.500  3920.500     0.0000E+00
     524.500  3920.500     0.0000E+00
     525.500  3920.500     0.0000E+00
     526.500  3920.500     0.0000E+00
     527.500  3920.500     0.0000E+00
     528.500  3920.500     0.0000E+00
     529.500  3920.500     0.0000E+00
     530.500  3920.500     0.0000E+00
     531.500  3920.500     0.0000E+00
     532.500  3920.500     2.1825E-01
     533.500  3920.500     4.0720E-01
     534.500  3920.500     2.5126E-01
     535.500  3920.500     2.0866E-01
     536.500  3920.500     1.2456E-01
     537.500  3920.500     6.6262E-02
     538.500  3920.500     3.4063E-02
     539.500  3920.500     2.0387E-02
     540.500  3920.500     2.1713E-02
     541.500  3920.500     6.1364E-02
     542.500  3920.500     1.2008E-01
     543.500  3920.500     2.2774E-01
     544.500  3920.500     3.9223E-01
     495.500  3921.500     0.0000E+00
     496.500  3921.500     0.0000E+00
     497.500  3921.500     0.0000E+00
     498.500  3921.500     0.0000E+00
     499.500  3921.500     0.0000E+00
     500.500  3921.500     0.0000E+00
     501.500  3921.500     0.0000E+00
     502.500  3921.500     0.0000E+00
     503.500  3921.500     0.0000E+00
     504.500  3921.500     0.0000E+00
     505.500  3921.500     0.0000E+00
     506.500  3921.500     0.0000E+00
     507.500  3921.500     0.0000E+00
     508.500  3921.500     0.0000E+00
     509.500  3921.500     0.0000E+00
     510.500  3921.500     0.0000E+00
     511.500  3921.500     0.0000E+00
     512.500  3921.500     0.0000E+00
     513.500  3921.500     0.0000E+00
     514.500  3921.500     0.0000E+00
     515.500  3921.500     0.0000E+00
     516.500  3921.500     0.0000E+00
     517.500  3921.500     0.0000E+00
     518.500  3921.500     0.0000E+00
     519.500  3921.500     0.0000E+00
     520.500  3921.500     0.0000E+00
     521.500  3921.500     0.0000E+00
     522.500  3921.500     0.0000E+00
     523.500  3921.500     0.0000E+00
     524.500  3921.500     0.0000E+00
     525.500  3921.500     0.0000E+00
     526.500  3921.500     0.0000E+00
     527.500  3921.500     0.0000E+00
     528.500  3921.500     0.0000E+00
     529.500  3921.500     0.0000E+00
     530.500  3921.500     1.0299E-02
     531.500  3921.500     2.9890E-01
     532.500  3921.500     9.7896E-02
     533.500  3921.500     3.4008E-02
     534.500  3921.500     1.8670E-02
     535.500  3921.500     8.2428E-03
     536.500  3921.500     4.2176E-03
     537.500  3921.500     8.0236E-03
     538.500  3921.500     1.6844E-02
     539.500  3921.500     2.6574E-02
     540.500  3921.500     4.3954E-02
     541.500  3921.500     1.2253E-01
     542.500  3921.500     5.5055E-01
     543.500  3921.500     1.4294E+00
     544.500  3921.500     2.0205E+00
     495.500  3922.500     0.0000E+00
     496.500  3922.500     0.0000E+00
     497.500  3922.500     0.0000E+00
     498.500  3922.500     0.0000E+00
     499.500  3922.500     0.0000E+00
     500.500  3922.500     0.0000E+00
     501.500  3922.500     0.0000E+00
     502.500  3922.500     0.0000E+00
     503.500  3922.500     0.0000E+00
     504.500  3922.500     0.0000E+00
     505.500  3922.500     0.0000E+00
     506.500  3922.500     0.0000E+00
     507.500  3922.500     0.0000E+00
     508.500  3922.500     0.0000E+00
     509.500  3922.500     0.0000E+00
     510.500  3922.500     0.0000E+00
     511.500  3922.500     0.0000E+00
     512.500  3922.500     0.0000E+00
     513.500  3922.500     0.0000E+00
     514.500  3922.500     0.0000E+00
     515.500  3922.500     0.0000E+00
     516.500  3922.500     0.0000E+00
     517.500  3922.500     0.0000E+00
     518.500  3922.500     0.0000E+00
     519.500  3922.500     0.0000E+00
     520.500  3922.500     0.0000E+00
     521.500  3922.500     0.0000E+00
     522.500  3922.500     0.0000E+00
     523.500  3922.500     0.0000E+00
     524.500  3922.500     0.0000E+00
     525.500  3922.500     0.0000E+00
     526.500  3922.500     0.0000E+00
     527.500  3922.500     3.9492E-03
     528.500  3922.500     5.2667E-01
     529.500  3922.500     8.9621E-02
     530.500  3922.500     7.6815E-03
     531.500  3922.500     8.6712E-04
     532.500  3922.500     0.0000E+00
     533.500  3922.500     0.0000E+00
     534.500  3922.500     3.7554E-03
     535.500  3922.500     2.1378E-02
     536.500  3922.500     3.2818E-02
     537.500  3922.500     4.3352E-02
     538.500  3922.500     7.3195E-02
     539.500  3922.500     1.5580E-01
     540.500  3922.500     7.5336E-01
     541.500  3922.500     2.4286E+00
     542.500  3922.500     4.7199E+00
     543.500  3922.500     6.3421E+00
     544.500  3922.500     5.8959E+00
     495.500  3923.500     0.0000E+00
     496.500  3923.500     0.0000E+00
     497.500  3923.500     0.0000E+00
     498.500  3923.500     0.0000E+00
     499.500  3923.500     0.0000E+00
     500.500  3923.500     0.0000E+00
     501.500  3923.500     0.0000E+00
     502.500  3923.500     0.0000E+00
     503.500  3923.500     0.0000E+00
     504.500  3923.500     0.0000E+00
     505.500  3923.500     0.0000E+00
     506.500  3923.500     0.0000E+00
     507.500  3923.500     0.0000E+00
     508.500  3923.500     0.0000E+00
     509.500  3923.500     0.0000E+00
     510.500  3923.500     0.0000E+00
     511.500  3923.500     0.0000E+00
     512.500  3923.500     0.0000E+00
     513.500  3923.500     0.0000E+00
     514.500  3923.500     0.0000E+00
     515.500  3923.500     0.0000E+00
     516.500  3923.500     0.0000E+00
     517.500  3923.500     0.0000E+00
     518.500  3923.500     0.0000E+00
     519.500  3923.500     0.0000E+00
     520.500  3923.500     0.0000E+00
     521.500  3923.500     0.0000E+00
     522.500  3923.500     0.0000E+00
     523.500  3923.500     0.0000E+00
     524.500  3923.500     0.0000E+00
     525.500  3923.500     0.0000E+00
     526.500  3923.500     0.0000E+00
     527.500  3923.500     0.0000E+00
     528.500  3923.500     0.0000E+00
     529.500  3923.500     0.0000E+00
     530.500  3923.500     0.0000E+00
     531.500  3923.500     1.9835E-05
     532.500  3923.500     8.9798E-03
     533.500  3923.500     1.1414E-02
     534.500  3923.500     1.2038E-02
     535.500  3923.500     7.0467E-02
     536.500  3923.500     1.8073E-01
     537.500  3923.500     3.2435E-01
     538.500  3923.500     2.1196E+00
     539.500  3923.500     5.8942E+00
     540.500  3923.500     9.7427E+00
     541.500  3923.500     1.1763E+01
     542.500  3923.500     1.1728E+01
     543.500  3923.500     1.0284E+01
     544.500  3923.500     7.3552E+00
     495.500  3924.500     0.0000E+00
     496.500  3924.500     0.0000E+00
     497.500  3924.500     0.0000E+00
     498.500  3924.500     0.0000E+00
     499.500  3924.500     0.0000E+00
     500.500  3924.500     0.0000E+00
     501.500  3924.500     0.0000E+00
     502.500  3924.500     0.0000E+00
     503.500  3924.500     0.0000E+00
     504.500  3924.500     0.0000E+00
     505.500  3924.500     0.0000E+00
     506.500  3924.500     0.0000E+00
     507.500  3924.500     0.0000E+00
     508.500  3924.500     0.0000E+00
     509.500  3924.500     0.0000E+00
     510.500  3924.500     0.0000E+00
     511.500  3924.500     0.0000E+00
     512.500  3924.500     0.0000E+00
     513.500  3924.500     0.0000E+00
     514.500  3924.500     0.0000E+00
     515.500  3924.500     0.0000E+00
     516.500  3924.500     0.0000E+00
     517.500  3924.500     0.0000E+00
     518.500  3924.500     0.0000E+00
     519.500  3924.500     0.0000E+00
     520.500  3924.500     0.0000E+00
     521.500  3924.500     0.0000E+00
     522.500  3924.500     0.0000E+00
     523.500  3924.500     0.0000E+00
     524.500  3924.500     0.0000E+00
     525.500  3924.500     0.0000E+00
     526.500  3924.500     0.0000E+00
     527.500  3924.500     0.0000E+00
     528.500  3924.500     0.0000E+00
     529.500  3924.500     0.0000E+00
     530.500  3924.500     0.0000E+00
     531.500  3924.500     0.0000E+00
     532.500  3924.500     0.0000E+00
     533.500  3924.500     7.9548E-05
     534.500  3924.500     1.4955E-03
     535.500  3924.500     4.9910E-01
     536.500  3924.500     6.1778E+00
     537.500  3924.500     1.5897E+01
     538.500  3924.500     1.8619E+01
     539.500  3924.500     1.7498E+01
     540.500  3924.500     1.4945E+01
     541.500  3924.500     1.1801E+01
     542.500  3924.500     8.4951E+00
     543.500  3924.500     5.9732E+00
     544.500  3924.500     3.9297E+00
     495.500  3925.500     0.0000E+00
     496.500  3925.500     0.0000E+00
     497.500  3925.500     0.0000E+00
     498.500  3925.500     0.0000E+00
     499.500  3925.500     0.0000E+00
     500.500  3925.500     0.0000E+00
     501.500  3925.500     0.0000E+00
     502.500  3925.500     0.0000E+00
     503.500  3925.500     0.0000E+00
     504.500  3925.500     0.0000E+00
     505.500  3925.500     0.0000E+00
     506.500  3925.500     0.0000E+00
     507.500  3925.500     0.0000E+00
     508.500  3925.500     0.0000E+00
     509.500  3925.500     0.0000E+00
     510.500  3925.500     0.0000E+00
     511.500  3925.500     0.0000E+00
     512.500  3925.500     0.0000E+00
     513.500  3925.500     0.0000E+00
     514.500  3925.500     0.0000E+00
     515.500  3925.500     0.0000E+00
     516.500  3925.500     0.0000E+00
     517.500  3925.500     0.0000E+00
     518.500  3925.500     0.0000E+00
     519.500  3925.500     0.0000E+00
     520.500  3925.500     0.0000E+00
     521.500  3925.500     0.0000E+00
     522.500  3925.500     0.0000E+00
     523.500  3925.500     0.0000E+00
     524.500  3925.500     0.0000E+00
     525.500  3925.500     0.0000E+00
     526.500  3925.500     0.0000E+00
     527.500  3925.500     0.0000E+00
     528.500  3925.500     0.0000E+00
     529.500  3925.500     0.0000E+00
     530.500  3925.500     0.0000E+00
     531.500  3925.500     0.0000E+00
     532.500  3925.500     0.0000E+00
     533.500  3925.500     2.0133E-04
     534.500  3925.500     3.0538E+00
     535.500  3925.500     1.6318E+01
     536.500  3925.500     2.3428E+01
     537.500  3925.500     2.4234E+01
     538.500  3925.500     1.6717E+01
     539.500  3925.500     9.2859E+00
     540.500  3925.500     4.8200E+00
     541.500  3925.500     2.6646E+00
     542.500  3925.500     1.8296E+00
     543.500  3925.500     1.4625E+00
     544.500  3925.500     1.0978E+00
     495.500  3926.500     0.0000E+00
     496.500  3926.500     0.0000E+00
     497.500  3926.500     0.0000E+00
     498.500  3926.500     0.0000E+00
     499.500  3926.500     0.0000E+00
     500.500  3926.500     0.0000E+00
     501.500  3926.500     0.0000E+00
     502.500  3926.500     0.0000E+00
     503.500  3926.500     0.0000E+00
     504.500  3926.500     0.0000E+00
     505.500  3926.500     0.0000E+00
     506.500  3926.500     0.0000E+00
     507.500  3926.500     0.0000E+00
     508.500  3926.500     0.0000E+00
     509.500  3926.500     0.0000E+00
     510.500  3926.500     0.0000E+00
     511.500  3926.500     0.0000E+00
     512.500  3926.500     0.0000E+00
     513.500  3926.500     0.0000E+00
     514.500  3926.500     0.0000E+00
     515.500  3926.500     0.0000E+00
     516.500  3926.500     0.0000E+00
     517.500  3926.500     0.0000E+00
     518.500  3926.500     0.0000E+00
     519.500  3926.500     0.0000E+00
     520.500  3926.500     0.0000E+00
     521.500  3926.500     0.0000E+00
     522.500  3926.500     0.0000E+00
     523.500  3926.500     0.0000E+00
     524.500  3926.500     0.0000E+00
     525.500  3926.500     0.0000E+00
     526.500  3926.500     0.0000E+00
     527.500  3926.500     0.0000E+00
     528.500  3926.500     0.0000E+00
     529.500  3926.500     0.0000E+00
     530.500  3926.500     0.0000E+00
     531.500  3926.500     0.0000E+00
     532.500  3926.500     2.1516E+01
     533.500  3926.500     8.7254E+01
     534.500  3926.500     6.4229E+01
     535.500  3926.500     8.1712E+00
     536.500  3926.500     2.2684E+00
     537.500  3926.500     1.1993E+00
     538.500  3926.500     6.9500E-01
     539.500  3926.500     5.0996E-01
     540.500  3926.500     4.8435E-01
     541.500  3926.500     4.3575E-01
     542.500  3926.500     3.6418E-01
     543.500  3926.500     3.0124E-01
     544.500  3926.500     2.5047E-01
     495.500  3927.500     0.0000E+00
     496.500  3927.500     0.0000E+00
     497.500  3927.500     0.0000E+00
     498.500  3927.500     0.0000E+00
     499.500  3927.500     0.0000E+00
     500.500  3927.500     0.0000E+00
     501.500  3927.500     0.0000E+00
     502.500  3927.500     0.0000E+00
     503.500  3927.500     0.0000E+00
     504.500  3927.500     0.0000E+00
     505.500  3927.500     0.0000E+00
     506.500  3927.500     0.0000E+00
     507.500  3927.500     0.0000E+00
     508.500  3927.500     0.0000E+00
     509.500  3927.500     0.0000E+00
     510.500  3927.500     0.0000E+00
     511.500  3927.500     0.0000E+00
     512.500  3927.500     0.0000E+00
     513.500  3927.500     0.0000E+00
     514.500  3927.500     0.0000E+00
     515.500  3927.500     0.0000E+00
     516.500  3927.500     0.0000E+00
     517.500  3927.500     0.0000E+00
     518.500  3927.500     0.0000E+00
     519.500  3927.500     0.0000E+00
     520.500  3927.500     0.0000E+00
     521.500  3927.500     0.0000E+00
     522.500  3927.500     0.0000E+00
     523.500  3927.500     0.0000E+00
     524.500  3927.500     0.0000E+00
     525.500  3927.500     0.0000E+00
     526.500  3927.500     0.0000E+00
     527.500  3927.500     0.0000E+00
     528.500  3927.500     0.0000E+00
     529.500  3927.500     5.0685E-01
     530.500  3927.500     2.6713E+00
     531.500  3927.500     3.4965E-01
     532.500  3927.500     3.6060E-01
     533.500  3927.500     8.4093E-01
     534.500  3927.500     3.0505E-01
     535.500  3927.500     1.6518E-01
     536.500  3927.500     1.2081E-01
     537.500  3927.500     3.8734E-01
     538.500  3927.500     4.0966E-01
     539.500  3927.500     2.8973E-01
     540.500  3927.500     1.9089E-01
     541.500  3927.500     1.6857E-01
     542.500  3927.500     1.6969E-01
     543.500  3927.500     1.7266E-01
     544.500  3927.500     1.6845E-01
     495.500  3928.500     0.0000E+00
     496.500  3928.500     0.0000E+00
     497.500  3928.500     0.0000E+00
     498.500  3928.500     0.0000E+00
     499.500  3928.500     0.0000E+00
     500.500  3928.500     0.0000E+00
     501.500  3928.500     0.0000E+00
     502.500  3928.500     0.0000E+00
     503.500  3928.500     0.0000E+00
     504.500  3928.500     0.0000E+00
     505.500  3928.500     0.0000E+00
     506.500  3928.500     0.0000E+00
     507.500  3928.500     0.0000E+00
     508.500  3928.500     0.0000E+00
     509.500  3928.500     0.0000E+00
     510.500  3928.500     0.0000E+00
     511.500  3928.500     0.0000E+00
     512.500  3928.500     0.0000E+00
     513.500  3928.500     0.0000E+00
     514.500  3928.500     0.0000E+00
     515.500  3928.500     0.0000E+00
     516.500  3928.500     0.0000E+00
     517.500  3928.500     0.0000E+00
     518.500  3928.500     0.0000E+00
     519.500  3928.500     0.0000E+00
     520.500  3928.500     0.0000E+00
     521.500  3928.500     0.0000E+00
     522.500  3928.500     0.0000E+00
     523.500  3928.500     0.0000E+00
     524.500  3928.500     0.0000E+00
     525.500  3928.500     0.0000E+00
     526.500  3928.500     0.0000E+00
     527.500  3928.500     0.0000E+00
     528.500  3928.500     0.0000E+00
     529.500  3928.500     0.0000E+00
     530.500  3928.500     0.0000E+00
     531.500  3928.500     0.0000E+00
     532.500  3928.500     4.7626E-03
     533.500  3928.500     1.0128E-02
     534.500  3928.500     2.3486E-02
     535.500  3928.500     5.4952E-01
     536.500  3928.500     3.0852E-01
     537.500  3928.500     2.4437E-01
     538.500  3928.500     2.1376E-01
     539.500  3928.500     2.0298E-01
     540.500  3928.500     1.9987E-01
     541.500  3928.500     1.7502E-01
     542.500  3928.500     1.6009E-01
     543.500  3928.500     1.5732E-01
     544.500  3928.500     1.5876E-01
     495.500  3929.500     0.0000E+00
     496.500  3929.500     0.0000E+00
     497.500  3929.500     0.0000E+00
     498.500  3929.500     0.0000E+00
     499.500  3929.500     0.0000E+00
     500.500  3929.500     0.0000E+00
     501.500  3929.500     0.0000E+00
     502.500  3929.500     0.0000E+00
     503.500  3929.500     0.0000E+00
     504.500  3929.500     0.0000E+00
     505.500  3929.500     0.0000E+00
     506.500  3929.500     0.0000E+00
     507.500  3929.500     0.0000E+00
     508.500  3929.500     0.0000E+00
     509.500  3929.500     0.0000E+00
     510.500  3929.500     0.0000E+00
     511.500  3929.500     0.0000E+00
     512.500  3929.500     0.0000E+00
     513.500  3929.500     0.0000E+00
     514.500  3929.500     0.0000E+00
     515.500  3929.500     0.0000E+00
     516.500  3929.500     0.0000E+00
     517.500  3929.500     0.0000E+00
     518.500  3929.500     0.0000E+00
     519.500  3929.500     0.0000E+00
     520.500  3929.500     0.0000E+00
     521.500  3929.500     0.0000E+00
     522.500  3929.500     0.0000E+00
     523.500  3929.500     0.0000E+00
     524.500  3929.500     0.0000E+00
     525.500  3929.500     0.0000E+00
     526.500  3929.500     0.0000E+00
     527.500  3929.500     0.0000E+00
     528.500  3929.500     0.0000E+00
     529.500  3929.500     0.0000E+00
     530.500  3929.500     0.0000E+00
     531.500  3929.500     0.0000E+00
     532.500  3929.500     0.0000E+00
     533.500  3929.500     1.2167E-01
     534.500  3929.500     5.9622E-01
     535.500  3929.500     2.0264E-01
     536.500  3929.500     3.5550E-01
     537.500  3929.500     2.0282E-01
     538.500  3929.500     9.9438E-02
     539.500  3929.500     6.3666E-02
     540.500  3929.500     6.1592E-02
     541.500  3929.500     7.1780E-02
     542.500  3929.500     8.9387E-02
     543.500  3929.500     1.0523E-01
     544.500  3929.500     1.1479E-01
     495.500  3930.500     0.0000E+00
     496.500  3930.500     0.0000E+00
     497.500  3930.500     0.0000E+00
     498.500  3930.500     0.0000E+00
     499.500  3930.500     0.0000E+00
     500.500  3930.500     0.0000E+00
     501.500  3930.500     0.0000E+00
     502.500  3930.500     0.0000E+00
     503.500  3930.500     0.0000E+00
     504.500  3930.500     0.0000E+00
     505.500  3930.500     0.0000E+00
     506.500  3930.500     0.0000E+00
     507.500  3930.500     0.0000E+00
     508.500  3930.500     0.0000E+00
     509.500  3930.500     0.0000E+00
     510.500  3930.500     0.0000E+00
     511.500  3930.500     0.0000E+00
     512.500  3930.500     0.0000E+00
     513.500  3930.500     0.0000E+00
     514.500  3930.500     0.0000E+00
     515.500  3930.500     0.0000E+00
     516.500  3930.500     0.0000E+00
     517.500  3930.500     0.0000E+00
     518.500  3930.500     0.0000E+00
     519.500  3930.500     0.0000E+00
     520.500  3930.500     0.0000E+00
     521.500  3930.500     0.0000E+00
     522.500  3930.500     0.0000E+00
     523.500  3930.500     0.0000E+00
     524.500  3930.500     0.0000E+00
     525.500  3930.500     0.0000E+00
     526.500  3930.500     0.0000E+00
     527.500  3930.500     0.0000E+00
     528.500  3930.500     0.0000E+00
     529.500  3930.500     0.0000E+00
     530.500  3930.500     0.0000E+00
     531.500  3930.500     0.0000E+00
     532.500  3930.500     0.0000E+00
     533.500  3930.500     9.8101E-03
     534.500  3930.500     1.3569E-01
     535.500  3930.500     3.9164E-02
     536.500  3930.500     9.8916E-02
     537.500  3930.500     7.5105E-02
     538.500  3930.500     1.7862E-02
     539.500  3930.500     2.0844E-02
     540.500  3930.500     3.1579E-02
     541.500  3930.500     4.4711E-02
     542.500  3930.500     5.4312E-02
     543.500  3930.500     5.7493E-02
     544.500  3930.500     5.7070E-02
     495.500  3931.500     0.0000E+00
     496.500  3931.500     0.0000E+00
     497.500  3931.500     0.0000E+00
     498.500  3931.500     0.0000E+00
     499.500  3931.500     0.0000E+00
     500.500  3931.500     0.0000E+00
     501.500  3931.500     0.0000E+00
     502.500  3931.500     0.0000E+00
     503.500  3931.500     0.0000E+00
     504.500  3931.500     0.0000E+00
     505.500  3931.500     0.0000E+00
     506.500  3931.500     0.0000E+00
     507.500  3931.500     0.0000E+00
     508.500  3931.500     0.0000E+00
     509.500  3931.500     0.0000E+00
     510.500  3931.500     0.0000E+00
     511.500  3931.500     0.0000E+00
     512.500  3931.500     0.0000E+00
     513.500  3931.500     0.0000E+00
     514.500  3931.500     0.0000E+00
     515.500  3931.500     0.0000E+00
     516.500  3931.500     0.0000E+00
     517.500  3931.500     0.0000E+00
     518.500  3931.500     0.0000E+00
     519.500  3931.500     0.0000E+00
     520.500  3931.500     0.0000E+00
     521.500  3931.500     0.0000E+00
     522.500  3931.500     0.0000E+00
     523.500  3931.500     0.0000E+00
     524.500  3931.500     0.0000E+00
     525.500  3931.500     0.0000E+00
     526.500  3931.500     0.0000E+00
     527.500  3931.500     0.0000E+00
     528.500  3931.500     0.0000E+00
     529.500  3931.500     0.0000E+00
     530.500  3931.500     0.0000E+00
     531.500  3931.500     0.0000E+00
     532.500  3931.500     0.0000E+00
     533.500  3931.500     0.0000E+00
     534.500  3931.500     0.0000E+00
     535.500  3931.500     0.0000E+00
     536.500  3931.500     3.0606E-02
     537.500  3931.500     1.4223E-01
     538.500  3931.500     1.0242E-01
     539.500  3931.500     4.2350E-02
     540.500  3931.500     3.2489E-02
     541.500  3931.500     1.7350E-02
     542.500  3931.500     1.0918E-02
     543.500  3931.500     8.0629E-03
     544.500  3931.500     6.2785E-03
     495.500  3932.500     0.0000E+00
     496.500  3932.500     0.0000E+00
     497.500  3932.500     0.0000E+00
     498.500  3932.500     0.0000E+00
     499.500  3932.500     0.0000E+00
     500.500  3932.500     0.0000E+00
     501.500  3932.500     0.0000E+00
     502.500  3932.500     0.0000E+00
     503.500  3932.500     0.0000E+00
     504.500  3932.500     0.0000E+00
     505.500  3932.500     0.0000E+00
     506.500  3932.500     0.0000E+00
     507.500  3932.500     0.0000E+00
     508.500  3932.500     0.0000E+00
     509.500  3932.500     0.0000E+00
     510.500  3932.500     0.0000E+00
     511.500  3932.500     0.0000E+00
     512.500  3932.500     0.0000E+00
     513.500  3932.500     0.0000E+00
     514.500  3932.500     0.0000E+00
     515.500  3932.500     0.0000E+00
     516.500  3932.500     0.0000E+00
     517.500  3932.500     0.0000E+00
     518.500  3932.500     0.0000E+00
     519.500  3932.500     0.0000E+00
     520.500  3932.500     0.0000E+00
     521.500  3932.500     0.0000E+00
     522.500  3932.500     0.0000E+00
     523.500  3932.500     0.0000E+00
     524.500  3932.500     0.0000E+00
     525.500  3932.500     0.0000E+00
     526.500  3932.500     0.0000E+00
     527.500  3932.500     0.0000E+00
     528.500  3932.500     0.0000E+00
     529.500  3932.500     0.0000E+00
     530.500  3932.500     0.0000E+00
     531.500  3932.500     0.0000E+00
     532.500  3932.500     0.0000E+00
     533.500  3932.500     0.0000E+00
     534.500  3932.500     4.3601E-02
     535.500  3932.500     0.0000E+00
     536.500  3932.500     0.0000E+00
     537.500  3932.500     0.0000E+00
     538.500  3932.500     0.0000E+00
     539.500  3932.500     0.0000E+00
     540.500  3932.500     0.0000E+00
     541.500  3932.500     0.0000E+00
     542.500  3932.500     0.0000E+00
     543.500  3932.500     0.0000E+00
     544.500  3932.500     0.0000E+00
     495.500  3933.500     0.0000E+00
     496.500  3933.500     0.0000E+00
     497.500  3933.500     0.0000E+00
     498.500  3933.500     0.0000E+00
     499.500  3933.500     0.0000E+00
     500.500  3933.500     0.0000E+00
     501.500  3933.500     0.0000E+00
     502.500  3933.500     0.0000E+00
     503.500  3933.500     0.0000E+00
     504.500  3933.500     0.0000E+00
     505.500  3933.500     0.0000E+00
     506.500  3933.500     0.0000E+00
     507.500  3933.500     0.0000E+00
     508.500  3933.500     0.0000E+00
     509.500  3933.500     0.0000E+00
     510.500  3933.500     0.0000E+00
     511.500  3933.500     0.0000E+00
     512.500  3933.500     0.0000E+00
     513.500  3933.500     0.0000E+00
     514.500  3933.500     0.0000E+00
     515.500  3933.500     0.0000E+00
     516.500  3933.500     0.0000E+00
     517.500  3933.500     0.0000E+00
     518.500  3933.500     0.0000E+00
     519.500  3933.500     0.0000E+00
     520.500  3933.500     0.0000E+00
     521.500  3933.500     0.0000E+00
     522.500  3933.500     0.0000E+00
     523.500  3933.500     0.0000E+00
     524.500  3933.500     0.0000E+00
     525.500  3933.500     0.0000E+00
     526.500  3933.500     0.0000E+00
     527.500  3933.500     0.0000E+00
     528.500  3933.500     0.0000E+00
     529.500  3933.500     0.0000E+00
     530.500  3933.500     0.0000E+00
     531.500  3933.500     0.0000E+00
     532.500  3933.500     0.0000E+00
     533.500  3933.500     0.0000E+00
     534.500  3933.500     0.0000E+00
     535.500  3933.500     0.0000E+00
     536.500  3933.500     0.0000E+00
     537.500  3933.500     0.0000E+00
     538.500  3933.500     0.0000E+00
     539.500  3933.500     0.0000E+00
     540.500  3933.500     0.0000E+00
     541.500  3933.500     0.0000E+00
     542.500  3933.500     0.0000E+00
     543.500  3933.500     0.0000E+00
     544.500  3933.500     0.0000E+00
     495.500  3934.500     0.0000E+00
     496.500  3934.500     0.0000E+00
     497.500  3934.500     0.0000E+00
     498.500  3934.500     0.0000E+00
     499.500  3934.500     0.0000E+00
     500.500  3934.500     0.0000E+00
     501.500  3934.500     0.0000E+00
     502.500  3934.500     0.0000E+00
     503.500  3934.500     0.0000E+00
     504.500  3934.500     0.0000E+00
     505.500  3934.500     0.0000E+00
     506.500  3934.500     0.0000E+00
     507.500  3934.500     0.0000E+00
     508.500  3934.500     0.0000E+00
     509.500  3934.500     0.0000E+00
     510.500  3934.500     0.0000E+00
     511.500  3934.500     0.0000E+00
     512.500  3934.500     0.0000E+00
     513.500  3934.500     0.0000E+00
     514.500  3934.500     0.0000E+00
     515.500  3934.500     0.0000E+00
     516.500  3934.500     0.0000E+00
     517.500  3934.500     0.0000E+00
     518.500  3934.500     0.0000E+00
     519.500  3934.500     0.0000E+00
     520.500  3934.500     0.0000E+00
     521.500  3934.500     0.0000E+00
     522.500  3934.500     0.0000E+00
     523.500  3934.500     0.0000E+00
     524.500  3934.500     0.0000E+00
     525.500  3934.500     0.0000E+00
     526.500  3934.500     0.0000E+00
     527.500  3934.500     0.0000E+00
     528.500  3934.500     0.0000E+00
     529.500  3934.500     0.0000E+00
     530.500  3934.500     0.0000E+00
     531.500  3934.500     0.0000E+00
     532.500  3934.500     0.0000E+00
     533.500  3934.500     0.0000E+00
     534.500  3934.500     0.0000E+00
     535.500  3934.500     0.0000E+00
     536.500  3934.500     0.0000E+00
     537.500  3934.500     0.0000E+00
     538.500  3934.500     0.0000E+00
     539.500  3934.500     0.0000E+00
     540.500  3934.500     0.0000E+00
     541.500  3934.500     0.0000E+00
     542.500  3934.500     0.0000E+00
     543.500  3934.500     0.0000E+00
     544.500  3934.500     0.0000E+00
     495.500  3935.500     0.0000E+00
     496.500  3935.500     0.0000E+00
     497.500  3935.500     0.0000E+00
     498.500  3935.500     0.0000E+00
     499.500  3935.500     0.0000E+00
     500.500  3935.500     0.0000E+00
     501.500  3935.500     0.0000E+00
     502.500  3935.500     0.0000E+00
     503.500  3935.500     0.0000E+00
     504.500  3935.500     0.0000E+00
     505.500  3935.500     0.0000E+00
     506.500  3935.500     0.0000E+00
     507.500  3935.500     0.0000E+00
     508.500  3935.500     0.0000E+00
     509.500  3935.500     0.0000E+00
     510.500  3935.500     0.0000E+00
     511.500  3935.500     0.0000E+00
     512.500  3935.500     0.0000E+00
     513.500  3935.500     0.0000E+00
     514.500  3935.500     0.0000E+00
     515.500  3935.500     0.0000E+00
     516.500  3935.500     0.0000E+00
     517.500  3935.500     0.0000E+00
     518.500  3935.500     0.0000E+00
     519.500  3935.500     0.0000E+00
     520.500  3935.500     0.0000E+00
     521.500  3935.500     0.0000E+00
     522.500  3935.500     0.0000E+00
     523.500  3935.500     0.0000E+00
     524.500  3935.500     0.0000E+00
     525.500  3935.500     0.0000E+00
     526.500  3935.500     0.0000E+00
     527.500  3935.500     0.0000E+00
     528.500  3935.500     0.0000E+00
     529.500  3935.500     0.0000E+00
     530.500  3935.500     0.0000E+00
     531.500  3935.500     0.0000E+00
     532.500  3935.500     0.0000E+00
     533.500  3935.500     0.0000E+00
     534.500  3935.500     0.0000E+00
     535.500  3935.500     0.0000E+00
     536.500  3935.500     0.0000E+00
     537.500  3935.500     0.0000E+00
     538.500  3935.500     0.0000E+00
     539.500  3935.500     0.0000E+00
     540.500  3935.500     0.0000E+00
     541.500  3935.500     0.0000E+00
     542.500  3935.500     0.0000E+00
     543.500  3935.500     0.0000E+00
     544.500  3935.500     0.0000E+00
     495.500  3936.500     0.0000E+00
     496.500  3936.500     0.0000E+00
     497.500  3936.500     0.0000E+00
     498.500  3936.500     0.0000E+00
     499.500  3936.500     0.0000E+00
     500.500  3936.500     0.0000E+00
     501.500  3936.500     0.0000E+00
     502.500  3936.500     0.0000E+00
     503.500  3936.500     0.0000E+00
     504.500  3936.500     0.0000E+00
     505.500  3936.500     0.0000E+00
     506.500  3936.500     0.0000E+00
     507.500  3936.500     0.0000E+00
     508.500  3936.500     0.0000E+00
     509.500  3936.500     0.0000E+00
     510.500  3936.500     0.0000E+00
     511.500  3936.500     0.0000E+00
     512.500  3936.500     0.0000E+00
     513.500  3936.500     0.0000E+00
     514.500  3936.500     0.0000E+00
     515.500  3936.500     0.0000E+00
     516.500  3936.500     0.0000E+00
     517.500  3936.500     0.0000E+00
     518.500  3936.500     0.0000E+00
     519.500  3936.500     0.0000E+00
     520.500  3936.500     0.0000E+00
     521.500  3936.500     0.0000E+00
     522.500  3936.500     0.0000E+00
     523.500  3936.500     0.0000E+00
     524.500  3936.500     0.0000E+00
     525.500  3936.500     0.0000E+00
     526.500  3936.500     0.0000E+00
     527.500  3936.500     0.0000E+00
     528.500  3936.500     0.0000E+00
     529.500  3936.500     0.0000E+00
     530.500  3936.500     0.0000E+00
     531.500  3936.500     0.0000E+00
     532.500  3936.500     0.0000E+00
     533.500  3936.500     0.0000E+00
     534.500  3936.500     0.0000E+00
     535.500  3936.500     0.0000E+00
     536.500  3936.500     0.0000E+00
     537.500  3936.500     0.0000E+00
     538.500  3936.500     0.0000E+00
     539.500  3936.500     0.0000E+00
     540.500  3936.500     0.0000E+00
     541.500  3936.500     0.0000E+00
     542.500  3936.500     0.0000E+00
     543.500  3936.500     0.0000E+00
     544.500  3936.500     0.0000E+00
     495.500  3937.500     0.0000E+00
     496.500  3937.500     0.0000E+00
     497.500  3937.500     0.0000E+00
     498.500  3937.500     0.0000E+00
     499.500  3937.500     0.0000E+00
     500.500  3937.500     0.0000E+00
     501.500  3937.500     0.0000E+00
     502.500  3937.500     0.0000E+00
     503.500  3937.500     0.0000E+00
     504.500  3937.500     0.0000E+00
     505.500  3937.500     0.0000E+00
     506.500  3937.500     0.0000E+00
     507.500  3937.500     0.0000E+00
     508.500  3937.500     0.0000E+00
     509.500  3937.500     0.0000E+00
     510.500  3937.500     0.0000E+00
     511.500  3937.500     0.0000E+00
     512.500  3937.500     0.0000E+00
     513.500  3937.500     0.0000E+00
     514.500  3937.500     0.0000E+00
     515.500  3937.500     0.0000E+00
     516.500  3937.500     0.0000E+00
     517.500  3937.500     0.0000E+00
     518.500  3937.500     0.0000E+00
     519.500  3937.500     0.0000E+00
     520.500  3937.500     0.0000E+00
     521.500  3937.500     0.0000E+00
     522.500  3937.500     0.0000E+00
     523.500  3937.500     0.0000E+00
     524.500  3937.500     0.0000E+00
     525.500  3937.500     0.0000E+00
     526.500  3937.500     0.0000E+00
     527.500  3937.500     0.0000E+00
     528.500  3937.500     0.0000E+00
     529.500  3937.500     0.0000E+00
     530.500  3937.500     0.0000E+00
     531.500  3937.500     0.0000E+00
     532.500  3937.500     0.0000E+00
     533.500  3937.500     0.0000E+00
     534.500  3937.500     0.0000E+00
     535.500  3937.500     0.0000E+00
     536.500  3937.500     0.0000E+00
     537.500  3937.500     0.0000E+00
     538.500  3937.500     0.0000E+00
     539.500  3937.500     0.0000E+00
     540.500  3937.500     0.0000E+00
     541.500  3937.500     0.0000E+00
     542.500  3937.500     0.0000E+00
     543.500  3937.500     0.0000E+00
     544.500  3937.500     0.0000E+00
     495.500  3938.500     0.0000E+00
     496.500  3938.500     0.0000E+00
     497.500  3938.500     0.0000E+00
     498.500  3938.500     0.0000E+00
     499.500  3938.500     0.0000E+00
     500.500  3938.500     0.0000E+00
     501.500  3938.500     0.0000E+00
     502.500  3938.500     0.0000E+00
     503.500  3938.500     0.0000E+00
     504.500  3938.500     0.0000E+00
     505.500  3938.500     0.0000E+00
     506.500  3938.500     0.0000E+00
     507.500  3938.500     0.0000E+00
     508.500  3938.500     0.0000E+00
     509.500  3938.500     0.0000E+00
     510.500  3938.500     0.0000E+00
     511.500  3938.500     0.0000E+00
     512.500  3938.500     0.0000E+00
     513.500  3938.500     0.0000E+00
     514.500  3938.500     0.0000E+00
     515.500  3938.500     0.0000E+00
     516.500  3938.500     0.0000E+00
     517.500  3938.500     0.0000E+00
     518.500  3938.500     0.0000E+00
     519.500  3938.500     0.0000E+00
     520.500  3938.500     0.0000E+00
     521.500  3938.500     0.0000E+00
     522.500  3938.500     0.0000E+00
     523.500  3938.500     0.0000E+00
     524.500  3938.500     0.0000E+00
     525.500  3938.500     0.0000E+00
     526.500  3938.500     0.0000E+00
     527.500  3938.500     0.0000E+00
     528.500  3938.500     0.0000E+00
     529.500  3938.500     0.0000E+00
     530.500  3938.500     0.0000E+00
     531.500  3938.500     0.0000E+00
     532.500  3938.500     0.0000E+00
     533.500  3938.500     0.0000E+00
     534.500  3938.500     0.0000E+00
     535.500  3938.500     0.0000E+00
     536.500  3938.500     0.0000E+00
     537.500  3938.500     0.0000E+00
     538.500  3938.500     0.0000E+00
     539.500  3938.500     0.0000E+00
     540.500  3938.500     0.0000E+00
     541.500  3938.500     0.0000E+00
     542.500  3938.500     0.0000E+00
     543.500  3938.500     0.0000E+00
     544.500  3938.500     0.0000E+00
     495.500  3939.500     0.0000E+00
     496.500  3939.500     0.0000E+00
     497.500  3939.500     0.0000E+00
     498.500  3939.500     0.0000E+00
     499.500  3939.500     0.0000E+00
     500.500  3939.500     0.0000E+00
     501.500  3939.500     0.0000E+00
     502.500  3939.500     0.0000E+00
     503.500  3939.500     0.0000E+00
     504.500  3939.500     0.0000E+00
     505.500  3939.500     0.0000E+00
     506.500  3939.500     0.0000E+00
     507.500  3939.500     0.0000E+00
     508.500  3939.500     0.0000E+00
     509.500  3939.500     0.0000E+00
     510.500  3939.500     0.0000E+00
     511.500  3939.500     0.0000E+00
     512.500  3939.500     0.0000E+00
     513.500  3939.500     0.0000E+00
     514.500  3939.500     0.0000E+00
     515.500  3939.500     0.0000E+00
     516.500  3939.500     0.0000E+00
     517.500  3939.500     0.0000E+00
     518.500  3939.500     0.0000E+00
     519.500  3939.500     0.0000E+00
     520.500  3939.500     0.0000E+00
     521.500  3939.500     0.0000E+00
     522.500  3939.500     0.0000E+00
     523.500  3939.500     0.0000E+00
     524.500  3939.500     0.0000E+00
     525.500  3939.500     0.0000E+00
     526.500  3939.500     0.0000E+00
     527.500  3939.500     0.0000E+00
     528.500  3939.500     0.0000E+00
     529.500  3939.500     0.0000E+00
     530.500  3939.500     0.0000E+00
     531.500  3939.500     0.0000E+00
     532.500  3939.500     0.0000E+00
     533.500  3939.500     0.0000E+00
     534.500  3939.500     0.0000E+00
     535.500  3939.500     0.0000E+00
     536.500  3939.500     0.0000E+00
     537.500  3939.500     0.0000E+00
     538.500  3939.500     0.0000E+00
     539.500  3939.500     0.0000E+00
     540.500  3939.500     0.0000E+00
     541.500  3939.500     0.0000E+00
     542.500  3939.500     0.0000E+00
     543.500  3939.500     0.0000E+00
     544.500  3939.500     0.0000E+00
     495.500  3940.500     0.0000E+00
     496.500  3940.500     0.0000E+00
     497.500  3940.500     0.0000E+00
     498.500  3940.500     0.0000E+00
     499.500  3940.500     0.0000E+00
     500.500  3940.500     0.0000E+00
     501.500  3940.500     0.0000E+00
     502.500  3940.500     0.0000E+00
     503.500  3940.500     0.0000E+00
     504.500  3940.500     0.0000E+00
     505.500  3940.500     0.0000E+00
     506.500  3940.500     0.0000E+00
     507.500  3940.500     0.0000E+00
     508.500  3940.500     0.0000E+00
     509.500  3940.500     0.0000E+00
     510.500  3940.500     0.0000E+00
     511.500  3940.500     0.0000E+00
     512.500  3940.500     0.0000E+00
     513.500  3940.500     0.0000E+00
     514.500  3940.500     0.0000E+00
     515.500  3940.500     0.0000E+00
     516.500  3940.500     0.0000E+00
     517.500  3940.500     0.0000E+00
     518.500  3940.500     0.0000E+00
     519.500  3940.500     0.0000E+00
     520.500  3940.500     0.0000E+00
     521.500  3940.500     0.0000E+00
     522.500  3940.500     0.0000E+00
     523.500  3940.500     0.0000E+00
     524.500  3940.500     0.0000E+00
     525.500  3940.500     0.0000E+00
     526.500  3940.500     0.0000E+00
     527.500  3940.500     0.0000E+00
     528.500  3940.500     0.0000E+00
     529.500  3940.500     0.0000E+00
     530.500  3940.500     0.0000E+00
     531.500  3940.500     0.0000E+00
     532.500  3940.500     0.0000E+00
     533.500  3940.500     0.0000E+00
     534.500  3940.500     0.0000E+00
     535.500  3940.500     0.0000E+00
     536.500  3940.500     0.0000E+00
     537.500  3940.500     0.0000E+00
     538.500  3940.500     0.0000E+00
     539.500  3940.500     0.0000E+00
     540.500  3940.500     0.0000E+00
     541.500  3940.500     0.0000E+00
     542.500  3940.500     0.0000E+00
     543.500  3940.500     0.0000E+00
     544.500  3940.500     0.0000E+00
     495.500  3941.500     0.0000E+00
     496.500  3941.500     0.0000E+00
     497.500  3941.500     0.0000E+00
     498.500  3941.500     0.0000E+00
     499.500  3941.500     0.0000E+00
     500.500  3941.500     0.0000E+00
     501.500  3941.500     0.0000E+00
     502.500  3941.500     0.0000E+00
     503.500  3941.500     0.0000E+00
     504.500  3941.500     0.0000E+00
     505.500  3941.500     0.0000E+00
     506.500  3941.500     0.0000E+00
     507.500  3941.500     0.0000E+00
     508.500  3941.500     0.0000E+00
     509.500  3941.500     0.0000E+00
     510.500  3941.500     0.0000E+00
     511.500  3941.500     0.0000E+00
     512.500  3941.500     0.0000E+00
     513.500  3941.500     0.0000E+00
     514.500  3941.500     0.0000E+00
     515.500  3941.500     0.0000E+00
     516.500  3941.500     0.0000E+00
     517.500  3941.500     0.0000E+00
     518.500  3941.500     0.0000E+00
     519.500  3941.500     0.0000E+00
     520.500  3941.500     0.0000E+00
     521.500  3941.500     0.0000E+00
     522.500  3941.500     0.0000E+00
     523.500  3941.500     0.0000E+00
     524.500  3941.500     0.0000E+00
     525.500  3941.500     0.0000E+00
     526.500  3941.500     0.0000E+00
     527.500  3941.500     0.0000E+00
     528.500  3941.500     0.0000E+00
     529.500  3941.500     0.0000E+00
     530.500  3941.500     0.0000E+00
     531.500  3941.500     0.0000E+00
     532.500  3941.500     0.0000E+00
     533.500  3941.500     0.0000E+00
     534.500  3941.500     0.0000E+00
     535.500  3941.500     0.0000E+00
     536.500  3941.500     0.0000E+00
     537.500  3941.500     0.0000E+00
     538.500  3941.500     0.0000E+00
     539.500  3941.500     0.0000E+00
     540.500  3941.500     0.0000E+00
     541.500  3941.500     0.0000E+00
     542.500  3941.500     0.0000E+00
     543.500  3941.500     0.0000E+00
     544.500  3941.500     0.0000E+00
     495.500  3942.500     0.0000E+00
     496.500  3942.500     0.0000E+00
     497.500  3942.500     0.0000E+00
     498.500  3942.500     0.0000E+00
     499.500  3942.500     0.0000E+00
     500.500  3942.500     0.0000E+00
     501.500  3942.500     0.0000E+00
     502.500  3942.500     0.0000E+00
     503.500  3942.500     0.0000E+00
     504.500  3942.500     0.0000E+00
     505.500  3942.500     0.0000E+00
     506.500  3942.500     0.0000E+00
     507.500  3942.500     0.0000E+00
     508.500  3942.500     0.0000E+00
     509.500  3942.500     0.0000E+00
     510.500  3942.500     0.0000E+00
     511.500  3942.500     0.0000E+00
     512.500  3942.500     0.0000E+00
     513.500  3942.500     0.0000E+00
     514.500  3942.500     0.0000E+00
     515.500  3942.500     0.0000E+00
     516.500  3942.500     0.0000E+00
     517.500  3942.500     0.0000E+00
     518.500  3942.500     0.0000E+00
     519.500  3942.500     0.0000E+00
     520.500  3942.500     0.0000E+00
     521.500  3942.500     0.0000E+00
     522.500  3942.500     0.0000E+00
     523.500  3942.500     0.0000E+00
     524.500  3942.500     0.0000E+00
     525.500  3942.500     0.0000E+00
     526.500  3942.500     0.0000E+00
     527.500  3942.500     0.0000E+00
     528.500  3942.500     0.0000E+00
     529.500  3942.500     0.0000E+00
     530.500  3942.500     0.0000E+00
     531.500  3942.500     0.0000E+00
     532.500  3942.500     0.0000E+00
     533.500  3942.500     0.0000E+00
     534.500  3942.500     0.0000E+00
     535.500  3942.500     0.0000E+00
     536.500  3942.500     0.0000E+00
     537.500  3942.500     0.0000E+00
     538.500  3942.500     0.0000E+00
     539.500  3942.500     0.0000E+00
     540.500  3942.500     0.0000E+00
     541.500  3942.500     0.0000E+00
     542.500  3942.500     0.0000E+00
     543.500  3942.500     0.0000E+00
     544.500  3942.500     0.0000E+00
     495.500  3943.500     0.0000E+00
     496.500  3943.500     0.0000E+00
     497.500  3943.500     0.0000E+00
     498.500  3943.500     0.0000E+00
     499.500  3943.500     0.0000E+00
     500.500  3943.500     0.0000E+00
     501.500  3943.500     0.0000E+00
     502.500  3943.500     0.0000E+00
     503.500  3943.500     0.0000E+00
     504.500  3943.500     0.0000E+00
     505.500  3943.500     0.0000E+00
     506.500  3943.500     0.0000E+00
     507.500  3943.500     0.0000E+00
     508.500  3943.500     0.0000E+00
     509.500  3943.500     0.0000E+00
     510.500  3943.500     0.0000E+00
     511.500  3943.500     0.0000E+00
     512.500  3943.500     0.0000E+00
     513.500  3943.500     0.0000E+00
     514.500  3943.500     0.0000E+00
     515.500  3943.500     0.0000E+00
     516.500  3943.500     0.0000E+00
     517.500  3943.500     0.0000E+00
     518.500  3943.500     0.0000E+00
     519.500  3943.500     0.0000E+00
     520.500  3943.500     0.0000E+00
     521.500  3943.500     0.0000E+00
     522.500  3943.500     0.0000E+00
     523.500  3943.500     0.0000E+00
     524.500  3943.500     0.0000E+00
     525.500  3943.500     0.0000E+00
     526.500  3943.500     0.0000E+00
     527.500  3943.500     0.0000E+00
     528.500  3943.500     0.0000E+00
     529.500  3943.500     0.0000E+00
     530.500  3943.500     0.0000E+00
     531.500  3943.500     0.0000E+00
     532.500  3943.500     0.0000E+00
     533.500  3943.500     0.0000E+00
     534.500  3943.500     0.0000E+00
     535.500  3943.500     0.0000E+00
     536.500  3943.500     0.0000E+00
     537.500  3943.500     0.0000E+00
     538.500  3943.500     0.0000E+00
     539.500  3943.500     0.0000E+00
     540.500  3943.500     0.0000E+00
     541.500  3943.500     0.0000E+00
     542.500  3943.500     0.0000E+00
     543.500  3943.500     0.0000E+00
     544.500  3943.500     0.0000E+00
     495.500  3944.500     0.0000E+00
     496.500  3944.500     0.0000E+00
     497.500  3944.500     0.0000E+00
     498.500  3944.500     0.0000E+00
     499.500  3944.500     0.0000E+00
     500.500  3944.500     0.0000E+00
     501.500  3944.500     0.0000E+00
     502.500  3944.500     0.0000E+00
     503.500  3944.500     0.0000E+00
     504.500  3944.500     0.0000E+00
     505.500  3944.500     0.0000E+00
     506.500  3944.500     0.0000E+00
     507.500  3944.500     0.0000E+00
     508.500  3944.500     0.0000E+00
     509.500  3944.500     0.0000E+00
     510.500  3944.500     0.0000E+00
     511.500  3944.500     0.0000E+00
     512.500  3944.500     0.0000E+00
     513.500  3944.500     0.0000E+00
     514.500  3944.500     0.0000E+00
     515.500  3944.500     0.0000E+00
     516.500  3944.500     0.0000E+00
     517.500  3944.500     0.0000E+00
     518.500  3944.500     0.0000E+00
     519.500  3944.500     0.0000E+00
     520.500  3944.500     0.0000E+00
     521.500  3944.500     0.0000E+00
     522.500  3944.500     0.0000E+00
     523.500  3944.500     0.0000E+00
     524.500  3944.500     0.0000E+00
     525.500  3944.500     0.0000E+00
     526.500  3944.500     0.0000E+00
     527.500  3944.500     0.0000E+00
     528.500  3944.500     0.0000E+00
     529.500  3944.500     0.0000E+00
     530.500  3944.500     0.0000E+00
     531.500  3944.500     0.0000E+00
     532.500  3944.500     0.0000E+00
     533.500  3944.500     0.0000E+00
     534.500  3944.500     0.0000E+00
     535.500  3944.500     0.0000E+00
     536.500  3944.500     0.0000E+00
     537.500  3944.500     0.0000E+00
     538.500  3944.500     0.0000E+00
     539.500  3944.500     0.0000E+00
     540.500  3944.500     0.0000E+00
     541.500  3944.500     0.0000E+00
     542.500  3944.500     0.0000E+00
     543.500  3944.500     0.0000E+00
     544.500  3944.500     0.0000E+00
     495.500  3945.500     0.0000E+00
     496.500  3945.500     0.0000E+00
     497.500  3945.500     0.0000E+00
     498.500  3945.500     0.0000E+00
     499.500  3945.500     0.0000E+00
     500.500  3945.500     0.0000E+00
     501.500  3945.500     0.0000E+00
     502.500  3945.500     0.0000E+00
     503.500  3945.500     0.0000E+00
     504.500  3945.500     0.0000E+00
     505.500  3945.500     0.0000E+00
     506.500  3945.500     0.0000E+00
     507.500  3945.500     0.0000E+00
     508.500  3945.500     0.0000E+00
     509.500  3945.500     0.0000E+00
     510.500  3945.500     0.0000E+00
     511.500  3945.500     0.0000E+00
     512.500  3945.500     0.0000E+00
     513.500  3945.500     0.0000E+00
     514.500  3945.500     0.0000E+00
     515.500  3945.500     0.0000E+00
     516.500  3945.500     0.0000E+00
     517.500  3945.500     0.0000E+00
     518.500  3945.500     0.0000E+00
     519.500  3945.500     0.0000E+00
     520.500  3945.500     0.0000E+00
     521.500  3945.500     0.0000E+00
     522.500  3945.500     0.0000E+00
     523.500  3945.500     0.0000E+00
     524.500  3945.500     0.0000E+00
     525.500  3945.500     0.0000E+00
     526.500  3945.500     0.0000E+00
     527.500  3945.500     0.0000E+00
     528.500  3945.500     0.0000E+00
     529.500  3945.500     0.0000E+00
     530.500  3945.500     0.0000E+00
     531.500  3945.500     0.0000E+00
     532.500  3945.500     0.0000E+00
     533.500  3945.500     0.0000E+00
     534.500  3945.500     0.0000E+00
     535.500  3945.500     0.0000E+00
     536.500  3945.500     0.0000E+00
     537.500  3945.500     0.0000E+00
     538.500  3945.500     0.0000E+00
     539.500  3945.500     0.0000E+00
     540.500  3945.500     0.0000E+00
     541.500  3945.500     0.0000E+00
     542.500  3945.500     0.0000E+00
     543.500  3945.500     0.0000E+00
     544.500  3945.500     0.0000E+00
     495.500  3946.500     0.0000E+00
     496.500  3946.500     0.0000E+00
     497.500  3946.500     0.0000E+00
     498.500  3946.500     0.0000E+00
     499.500  3946.500     0.0000E+00
     500.500  3946.500     0.0000E+00
     501.500  3946.500     0.0000E+00
     502.500  3946.500     0.0000E+00
     503.500  3946.500     0.0000E+00
     504.500  3946.500     0.0000E+00
     505.500  3946.500     0.0000E+00
     506.500  3946.500     0.0000E+00
     507.500  3946.500     0.0000E+00
     508.500  3946.500     0.0000E+00
     509.500  3946.500     0.0000E+00
     510.500  3946.500     0.0000E+00
     511.500  3946.500     0.0000E+00
     512.500  3946.500     0.0000E+00
     513.500  3946.500     0.0000E+00
     514.500  3946.500     0.0000E+00
     515.500  3946.500     0.0000E+00
     516.500  3946.500     0.0000E+00
     517.500  3946.500     0.0000E+00
     518.500  3946.500     0.0000E+00
     519.500  3946.500     0.0000E+00
     520.500  3946.500     0.0000E+00
     521.500  3946.500     0.0000E+00
     522.500  3946.500     0.0000E+00
     523.500  3946.500     0.0000E+00
     524.500  3946.500     0.0000E+00
     525.500  3946.500     0.0000E+00
     526.500  3946.500     0.0000E+00
     527.500  3946.500     0.0000E+00
     528.500  3946.500     0.0000E+00
     529.500  3946.500     0.0000E+00
     530.500  3946.500     0.0000E+00
     531.500  3946.500     0.0000E+00
     532.500  3946.500     0.0000E+00
     533.500  3946.500     0.0000E+00
     534.500  3946.500     0.0000E+00
     535.500  3946.500     0.0000E+00
     536.500  3946.500     0.0000E+00
     537.500  3946.500     0.0000E+00
     538.500  3946.500     0.0000E+00
     539.500  3946.500     0.0000E+00
     540.500  3946.500     0.0000E+00
     541.500  3946.500     0.0000E+00
     542.500  3946.500     0.0000E+00
     543.500  3946.500     0.0000E+00
     544.500  3946.500     0.0000E+00
     495.500  3947.500     0.0000E+00
     496.500  3947.500     0.0000E+00
     497.500  3947.500     0.0000E+00
     498.500  3947.500     0.0000E+00
     499.500  3947.500     0.0000E+00
     500.500  3947.500     0.0000E+00
     501.500  3947.500     0.0000E+00
     502.500  3947.500     0.0000E+00
     503.500  3947.500     0.0000E+00
     504.500  3947.500     0.0000E+00
     505.500  3947.500     0.0000E+00
     506.500  3947.500     0.0000E+00
     507.500  3947.500     0.0000E+00
     508.500  3947.500     0.0000E+00
     509.500  3947.500     0.0000E+00
     510.500  3947.500     0.0000E+00
     511.500  3947.500     0.0000E+00
     512.500  3947.500     0.0000E+00
     513.500  3947.500     0.0000E+00
     514.500  3947.500     0.0000E+00
     515.500  3947.500     0.0000E+00
     516.500  3947.500     0.0000E+00
     517.500  3947.500     0.0000E+00
     518.500  3947.500     0.0000E+00
     519.500  3947.500     0.0000E+00
     520.500  3947.500     0.0000E+00
     521.500  3947.500     0.0000E+00
     522.500  3947.500     0.0000E+00
     523.500  3947.500     0.0000E+00
     524.500  3947.500     0.0000E+00
     525.500  3947.500     0.0000E+00
     526.500  3947.500     0.0000E+00
     527.500  3947.500     0.0000E+00
     528.500  3947.500     0.0000E+00
     529.500  3947.500     0.0000E+00
     530.500  3947.500     0.0000E+00
     531.500  3947.500     0.0000E+00
     532.500  3947.500     0.0000E+00
     533.500  3947.500     0.0000E+00
     534.500  3947.500     0.0000E+00
     535.500  3947.500     0.0000E+00
     536.500  3947.500     0.0000E+00
     537.500  3947.500     0.0000E+00
     538.500  3947.500     0.0000E+00
     539.500  3947.500     0.0000E+00
     540.500  3947.500     0.0000E+00
     541.500  3947.500     0.0000E+00
     542.500  3947.500     0.0000E+00
     543.500  3947.500     0.0000E+00
     544.500  3947.500     0.0000E+00
     495.500  3948.500     0.0000E+00
     496.500  3948.500     0.0000E+00
     497.500  3948.500     0.0000E+00
     498.500  3948.500     0.0000E+00
     499.500  3948.500     0.0000E+00
     500.500  3948.500     0.0000E+00
     501.500  3948.500     0.0000E+00
     502.500  3948.500     0.0000E+00
     503.500  3948.500     0.0000E+00
     504.500  3948.500     0.0000E+00
     505.500  3948.500     0.0000E+00
     506.500  3948.500     0.0000E+00
     507.500  3948.500     0.0000E+00
     508.500  3948.500     0.0000E+00
     509.500  3948.500     0.0000E+00
     510.500  3948.500     0.0000E+00
     511.500  3948.500     0.0000E+00
     512.500  3948.500     0.0000E+00
     513.500  3948.500     0.0000E+00
     514.500  3948.500     0.0000E+00
     515.500  3948.500     0.0000E+00
     516.500  3948.500     0.0000E+00
     517.500  3948.500     0.0000E+00
     518.500  3948.500     0.0000E+00
     519.500  3948.500     0.0000E+00
     520.500  3948.500     0.0000E+00
     521.500  3948.500     0.0000E+00
     522.500  3948.500     0.0000E+00
     523.500  3948.500     0.0000E+00
     524.500  3948.500     0.0000E+00
     525.500  3948.500     0.0000E+00
     526.500  3948.500     0.0000E+00
     527.500  3948.500     0.0000E+00
     528.500  3948.500     0.0000E+00
     529.500  3948.500     0.0000E+00
     530.500  3948.500     0.0000E+00
     531.500  3948.500     0.0000E+00
     532.500  3948.500     0.0000E+00
     533.500  3948.500     0.0000E+00
     534.500  3948.500     0.0000E+00
     535.500  3948.500     0.0000E+00
     536.500  3948.500     0.0000E+00
     537.500  3948.500     0.0000E+00
     538.500  3948.500     0.0000E+00
     539.500  3948.500     0.0000E+00
     540.500  3948.500     0.0000E+00
     541.500  3948.500     0.0000E+00
     542.500  3948.500     0.0000E+00
     543.500  3948.500     0.0000E+00
     544.500  3948.500     0.0000E+00
     495.500  3949.500     0.0000E+00
     496.500  3949.500     0.0000E+00
     497.500  3949.500     0.0000E+00
     498.500  3949.500     0.0000E+00
     499.500  3949.500     0.0000E+00
     500.500  3949.500     0.0000E+00
     501.500  3949.500     0.0000E+00
     502.500  3949.500     0.0000E+00
     503.500  3949.500     0.0000E+00
     504.500  3949.500     0.0000E+00
     505.500  3949.500     0.0000E+00
     506.500  3949.500     0.0000E+00
     507.500  3949.500     0.0000E+00
     508.500  3949.500     0.0000E+00
     509.500  3949.500     0.0000E+00
     510.500  3949.500     0.0000E+00
     511.500  3949.500     0.0000E+00
     512.500  3949.500     0.0000E+00
     513.500  3949.500     0.0000E+00
     514.500  3949.500     0.0000E+00
     515.500  3949.500     0.0000E+00
     516.500  3949.500     0.0000E+00
     517.500  3949.500     0.0000E+00
     518.500  3949.500     0.0000E+00
     519.500  3949.500     0.0000E+00
     520.500  3949.500     0.0000E+00
     521.500  3949.500     0.0000E+00
     522.500  3949.500     0.0000E+00
     523.500  3949.500     0.0000E+00
     524.500  3949.500     0.0000E+00
     525.500  3949.500     0.0000E+00
     526.500  3949.500     0.0000E+00
     527.500  3949.500     0.0000E+00
     528.500  3949.500     0.0000E+00
     529.500  3949.500     0.0000E+00
     530.500  3949.500     0.0000E+00
     531.500  3949.500     0.0000E+00
     532.500  3949.500     0.0000E+00
     533.500  3949.500     0.0000E+00
     534.500  3949.500     0.0000E+00
     535.500  3949.500     0.0000E+00
     536.500  3949.500     0.0000E+00
     537.500  3949.500     0.0000E+00
     538.500  3949.500     0.0000E+00
     539.500  3949.500     0.0000E+00
     540.500  3949.500     0.0000E+00
     541.500  3949.500     0.0000E+00
     542.500  3949.500     0.0000E+00
     543.500  3949.500     0.0000E+00
     544.500  3949.500     0.0000E+00
     495.500  3950.500     0.0000E+00
     496.500  3950.500     0.0000E+00
     497.500  3950.500     0.0000E+00
     498.500  3950.500     0.0000E+00
     499.500  3950.500     0.0000E+00
     500.500  3950.500     0.0000E+00
     501.500  3950.500     0.0000E+00
     502.500  3950.500     0.0000E+00
     503.500  3950.500     0.0000E+00
     504.500  3950.500     0.0000E+00
     505.500  3950.500     0.0000E+00
     506.500  3950.500     0.0000E+00
     507.500  3950.500     0.0000E+00
     508.500  3950.500     0.0000E+00
     509.500  3950.500     0.0000E+00
     510.500  3950.500     0.0000E+00
     511.500  3950.500     0.0000E+00
     512.500  3950.500     0.0000E+00
     513.500  3950.500     0.0000E+00
     514.500  3950.500     0.0000E+00
     515.500  3950.500     0.0000E+00
     516.500  3950.500     0.0000E+00
     517.500  3950.500     0.0000E+00
     518.500  3950.500     0.0000E+00
     519.500  3950.500     0.0000E+00
     520.500  3950.500     0.0000E+00
     521.500  3950.500     0.0000E+00
     522.500  3950.500     0.0000E+00
     523.500  3950.500     0.0000E+00
     524.500  3950.500     0.0000E+00
     525.500  3950.500     0.0000E+00
     526.500  3950.500     0.0000E+00
     527.500  3950.500     0.0000E+00
     528.500  3950.500     0.0000E+00
     529.500  3950.500     0.0000E+00
     530.500  3950.500     0.0000E+00
     531.500  3950.500     0.0000E+00
     532.500  3950.500     0.0000E+00
     533.500  3950.500     0.0000E+00
     534.500  3950.500     0.0000E+00
     535.500  3950.500     0.0000E+00
     536.500  3950.500     0.0000E+00
     537.500  3950.500     0.0000E+00
     538.500  3950.500     0.0000E+00
     539.500  3950.500     0.0000E+00
     540.500  3950.500     0.0000E+00
     541.500  3950.500     0.0000E+00
     542.500  3950.500     0.0000E+00
     543.500  3950.500     0.0000E+00
     544.500  3950.500     0.0000E+00
     495.500  3951.500     0.0000E+00
     496.500  3951.500     0.0000E+00
     497.500  3951.500     0.0000E+00
     498.500  3951.500     0.0000E+00
     499.500  3951.500     0.0000E+00
     500.500  3951.500     0.0000E+00
     501.500  3951.500     0.0000E+00
     502.500  3951.500     0.0000E+00
     503.500  3951.500     0.0000E+00
     504.500  3951.500     0.0000E+00
     505.500  3951.500     0.0000E+00
     506.500  3951.500     0.0000E+00
     507.500  3951.500     0.0000E+00
     508.500  3951.500     0.0000E+00
     509.500  3951.500     0.0000E+00
     510.500  3951.500     0.0000E+00
     511.500  3951.500     0.0000E+00
     512.500  3951.500     0.0000E+00
     513.500  3951.500     0.0000E+00
     514.500  3951.500     0.0000E+00
     515.500  3951.500     0.0000E+00
     516.500  3951.500     0.0000E+00
     517.500  3951.500     0.0000E+00
     518.500  3951.500     0.0000E+00
     519.500  3951.500     0.0000E+00
     520.500  3951.500     0.0000E+00
     521.500  3951.500     0.0000E+00
     522.500  3951.500     0.0000E+00
     523.500  3951.500     0.0000E+00
     524.500  3951.500     0.0000E+00
     525.500  3951.500     0.0000E+00
     526.500  3951.500     0.0000E+00
     527.500  3951.500     0.0000E+00
     528.500  3951.500     0.0000E+00
     529.500  3951.500     0.0000E+00
     530.500  3951.500     0.0000E+00
     531.500  3951.500     0.0000E+00
     532.500  3951.500     0.0000E+00
     533.500  3951.500     0.0000E+00
     534.500  3951.500     0.0000E+00
     535.500  3951.500     0.0000E+00
     536.500  3951.500     0.0000E+00
     537.500  3951.500     0.0000E+00
     538.500  3951.500     0.0000E+00
     539.500  3951.500     0.0000E+00
     540.500  3951.500     0.0000E+00
     541.500  3951.500     0.0000E+00
     542.500  3951.500     0.0000E+00
     543.500  3951.500     0.0000E+00
     544.500  3951.500     0.0000E+00
     495.500  3952.500     0.0000E+00
     496.500  3952.500     0.0000E+00
     497.500  3952.500     0.0000E+00
     498.500  3952.500     0.0000E+00
     499.500  3952.500     0.0000E+00
     500.500  3952.500     0.0000E+00
     501.500  3952.500     0.0000E+00
     502.500  3952.500     0.0000E+00
     503.500  3952.500     0.0000E+00
     504.500  3952.500     0.0000E+00
     505.500  3952.500     0.0000E+00
     506.500  3952.500     0.0000E+00
     507.500  3952.500     0.0000E+00
     508.500  3952.500     0.0000E+00
     509.500  3952.500     0.0000E+00
     510.500  3952.500     0.0000E+00
     511.500  3952.500     0.0000E+00
     512.500  3952.500     0.0000E+00
     513.500  3952.500     0.0000E+00
     514.500  3952.500     0.0000E+00
     515.500  3952.500     0.0000E+00
     516.500  3952.500     0.0000E+00
     517.500  3952.500     0.0000E+00
     518.500  3952.500     0.0000E+00
     519.500  3952.500     0.0000E+00
     520.500  3952.500     0.0000E+00
     521.500  3952.500     0.0000E+00
     522.500  3952.500     0.0000E+00
     523.500  3952.500     0.0000E+00
     524.500  3952.500     0.0000E+00
     525.500  3952.500     0.0000E+00
     526.500  3952.500     0.0000E+00
     527.500  3952.500     0.0000E+00
     528.500  3952.500     0.0000E+00
     529.500  3952.500     0.0000E+00
     530.500  3952.500     0.0000E+00
     531.500  3952.500     0.0000E+00
     532.500  3952.500     0.0000E+00
     533.500  3952.500     0.0000E+00
     534.500  3952.500     0.0000E+00
     535.500  3952.500     0.0000E+00
     536.500  3952.500     0.0000E+00
     537.500  3952.500     0.0000E+00
     538.500  3952.500     0.0000E+00
     539.500  3952.500     0.0000E+00
     540.500  3952.500     0.0000E+00
     541.500  3952.500     0.0000E+00
     542.500  3952.500     0.0000E+00
     543.500  3952.500     0.0000E+00
     544.500  3952.500     0.0000E+00
     495.500  3953.500     0.0000E+00
     496.500  3953.500     0.0000E+00
     497.500  3953.500     0.0000E+00
     498.500  3953.500     0.0000E+00
     499.500  3953.500     0.0000E+00
     500.500  3953.500     0.0000E+00
     501.500  3953.500     0.0000E+00
     502.500  3953.500     0.0000E+00
     503.500  3953.500     0.0000E+00
     504.500  3953.500     0.0000E+00
     505.500  3953.500     0.0000E+00
     506.500  3953.500     0.0000E+00
     507.500  3953.500     0.0000E+00
     508.500  3953.500     0.0000E+00
     509.500  3953.500     0.0000E+00
     510.500  3953.500     0.0000E+00
     511.500  3953.500     0.0000E+00
     512.500  3953.500     0.0000E+00
     513.500  3953.500     0.0000E+00
     514.500  3953.500     0.0000E+00
     515.500  3953.500     0.0000E+00
     516.500  3953.500     0.0000E+00
     517.500  3953.500     0.0000E+00
     518.500  3953.500     0.0000E+00
     519.500  3953.500     0.0000E+00
     520.500  3953.500     0.0000E+00
     521.500  3953.500     0.0000E+00
     522.500  3953.500     0.0000E+00
     523.500  3953.500     0.0000E+00
     524.500  3953.500     0.0000E+00
     525.500  3953.500     0.0000E+00
     526.500  3953.500     0.0000E+00
     527.500  3953.500     0.0000E+00
     528.500  3953.500     0.0000E+00
     529.500  3953.500     0.0000E+00
     530.500  3953.500     0.0000E+00
     531.500  3953.500     0.0000E+00
     532.500  3953.500     0.0000E+00
     533.500  3953.500     0.0000E+00
     534.500  3953.500     0.0000E+00
     535.500  3953.500     0.0000E+00
     536.500  3953.500     0.0000E+00
     537.500  3953.500     0.0000E+00
     538.500  3953.500     0.0000E+00
     539.500  3953.500     0.0000E+00
     540.500  3953.500     0.0000E+00
     541.500  3953.500     0.0000E+00
     542.500  3953.500     0.0000E+00
     543.500  3953.500     0.0000E+00
     544.500  3953.500     0.0000E+00
     495.500  3954.500     0.0000E+00
     496.500  3954.500     0.0000E+00
     497.500  3954.500     0.0000E+00
     498.500  3954.500     0.0000E+00
     499.500  3954.500     0.0000E+00
     500.500  3954.500     0.0000E+00
     501.500  3954.500     0.0000E+00
     502.500  3954.500     0.0000E+00
     503.500  3954.500     0.0000E+00
     504.500  3954.500     0.0000E+00
     505.500  3954.500     0.0000E+00
     506.500  3954.500     0.0000E+00
     507.500  3954.500     0.0000E+00
     508.500  3954.500     0.0000E+00
     509.500  3954.500     0.0000E+00
     510.500  3954.500     0.0000E+00
     511.500  3954.500     0.0000E+00
     512.500  3954.500     0.0000E+00
     513.500  3954.500     0.0000E+00
     514.500  3954.500     0.0000E+00
     515.500  3954.500     0.0000E+00
     516.500  3954.500     0.0000E+00
     517.500  3954.500     0.0000E+00
     518.500  3954.500     0.0000E+00
     519.500  3954.500     0.0000E+00
     520.500  3954.500     0.0000E+00
     521.500  3954.500     0.0000E+00
     522.500  3954.500     0.0000E+00
     523.500  3954.500     0.0000E+00
     524.500  3954.500     0.0000E+00
     525.500  3954.500     0.0000E+00
     526.500  3954.500     0.0000E+00
     527.500  3954.500     0.0000E+00
     528.500  3954.500     0.0000E+00
     529.500  3954.500     0.0000E+00
     530.500  3954.500     0.0000E+00
     531.500  3954.500     0.0000E+00
     532.500  3954.500     0.0000E+00
     533.500  3954.500     0.0000E+00
     534.500  3954.500     0.0000E+00
     535.500  3954.500     0.0000E+00
     536.500  3954.500     0.0000E+00
     537.500  3954.500     0.0000E+00
     538.500  3954.500     0.0000E+00
     539.500  3954.500     0.0000E+00
     540.500  3954.500     0.0000E+00
     541.500  3954.500     0.0000E+00
     542.500  3954.500     0.0000E+00
     543.500  3954.500     0.0000E+00
     544.500  3954.500     0.0000E+00
     523.642  3934.174     0.0000E+00
     533.661  3935.153     0.0000E+00
     534.934  3933.278     0.0000E+00
     537.941  3928.923     3.9767E-01
     539.209  3926.428     6.5623E-01
     530.687  3933.234     0.0000E+00
     528.743  3936.682     0.0000E+00
     529.379  3937.549     0.0000E+00
     527.900  3932.391     0.0000E+00
     529.626  3931.465     0.0000E+00
     530.937  3931.355     0.0000E+00
     534.513  3928.843     6.9522E-01
     530.716  3928.240     2.0374E-03
     527.755  3927.782     0.0000E+00
     530.426  3921.802     2.2160E-02
     528.551  3921.285     0.0000E+00
     529.374  3937.537     0.0000E+00
