        1   HOUR AVERAGE  CONCENTRATION VALUES AT EACH RECEPTOR  (ug/m**3)    

                   PM2.5         1

     RECEPTOR (x,y) km      VALUE
 
     495.500  3905.500     1.2261E+00
     496.500  3905.500     1.3216E+00
     497.500  3905.500     1.4136E+00
     498.500  3905.500     1.4183E+00
     499.500  3905.500     1.4391E+00
     500.500  3905.500     1.4635E+00
     501.500  3905.500     1.4730E+00
     502.500  3905.500     1.5696E+00
     503.500  3905.500     1.5630E+00
     504.500  3905.500     1.5051E+00
     505.500  3905.500     1.4257E+00
     506.500  3905.500     1.3369E+00
     507.500  3905.500     1.2223E+00
     508.500  3905.500     1.0732E+00
     509.500  3905.500     9.0225E-01
     510.500  3905.500     9.4637E-01
     511.500  3905.500     9.8842E-01
     512.500  3905.500     8.9803E-01
     513.500  3905.500     7.0087E-01
     514.500  3905.500     6.1105E-01
     515.500  3905.500     5.9836E-01
     516.500  3905.500     7.6050E-01
     517.500  3905.500     6.0105E-01
     518.500  3905.500     5.3980E-01
     519.500  3905.500     1.3944E+00
     520.500  3905.500     9.9435E-01
     521.500  3905.500     3.6878E-01
     522.500  3905.500     9.8946E-02
     523.500  3905.500     8.3992E-02
     524.500  3905.500     9.1442E-02
     525.500  3905.500     5.4997E-02
     526.500  3905.500     7.1162E-03
     527.500  3905.500     8.1175E-04
     528.500  3905.500     1.8175E-04
     529.500  3905.500     1.3843E-04
     530.500  3905.500     1.0895E-04
     531.500  3905.500     8.6864E-05
     532.500  3905.500     7.1980E-05
     533.500  3905.500     5.9100E-05
     534.500  3905.500     4.6658E-05
     535.500  3905.500     3.6238E-05
     536.500  3905.500     2.7415E-05
     537.500  3905.500     1.8153E-05
     538.500  3905.500     1.2090E-05
     539.500  3905.500     6.4816E-06
     540.500  3905.500     3.3861E-06
     541.500  3905.500     8.2202E-07
     542.500  3905.500     1.5355E-07
     543.500  3905.500     5.3418E-08
     544.500  3905.500     2.0321E-08
     495.500  3906.500     1.3588E+00
     496.500  3906.500     1.4834E+00
     497.500  3906.500     1.5715E+00
     498.500  3906.500     1.5722E+00
     499.500  3906.500     1.6639E+00
     500.500  3906.500     1.6721E+00
     501.500  3906.500     1.6820E+00
     502.500  3906.500     1.7534E+00
     503.500  3906.500     1.8137E+00
     504.500  3906.500     1.7526E+00
     505.500  3906.500     1.6721E+00
     506.500  3906.500     1.5653E+00
     507.500  3906.500     1.4406E+00
     508.500  3906.500     1.2989E+00
     509.500  3906.500     1.1045E+00
     510.500  3906.500     1.0249E+00
     511.500  3906.500     1.1225E+00
     512.500  3906.500     1.1770E+00
     513.500  3906.500     9.9432E-01
     514.500  3906.500     6.9636E-01
     515.500  3906.500     6.8746E-01
     516.500  3906.500     6.8848E-01
     517.500  3906.500     8.4716E-01
     518.500  3906.500     7.2178E-01
     519.500  3906.500     1.2782E+00
     520.500  3906.500     1.6694E+00
     521.500  3906.500     7.6827E-01
     522.500  3906.500     4.2470E-01
     523.500  3906.500     9.2269E-02
     524.500  3906.500     9.3169E-02
     525.500  3906.500     1.0240E-01
     526.500  3906.500     3.6258E-02
     527.500  3906.500     1.8411E-03
     528.500  3906.500     1.7739E-04
     529.500  3906.500     1.3963E-04
     530.500  3906.500     1.1048E-04
     531.500  3906.500     9.0897E-05
     532.500  3906.500     7.4080E-05
     533.500  3906.500     5.9615E-05
     534.500  3906.500     4.8495E-05
     535.500  3906.500     3.7521E-05
     536.500  3906.500     2.8037E-05
     537.500  3906.500     2.0022E-05
     538.500  3906.500     1.2242E-05
     539.500  3906.500     7.3673E-06
     540.500  3906.500     3.2663E-06
     541.500  3906.500     1.1207E-06
     542.500  3906.500     1.6394E-07
     543.500  3906.500     7.0887E-08
     544.500  3906.500     1.9471E-08
     495.500  3907.500     1.5020E+00
     496.500  3907.500     1.6113E+00
     497.500  3907.500     1.6808E+00
     498.500  3907.500     1.8202E+00
     499.500  3907.500     1.8672E+00
     500.500  3907.500     1.9071E+00
     501.500  3907.500     1.9132E+00
     502.500  3907.500     1.9364E+00
     503.500  3907.500     2.0775E+00
     504.500  3907.500     2.0081E+00
     505.500  3907.500     1.8973E+00
     506.500  3907.500     1.7045E+00
     507.500  3907.500     1.6024E+00
     508.500  3907.500     1.3944E+00
     509.500  3907.500     1.2033E+00
     510.500  3907.500     9.8227E-01
     511.500  3907.500     9.6238E-01
     512.500  3907.500     1.0158E+00
     513.500  3907.500     1.1484E+00
     514.500  3907.500     1.0461E+00
     515.500  3907.500     7.5279E-01
     516.500  3907.500     7.0131E-01
     517.500  3907.500     7.0699E-01
     518.500  3907.500     9.0047E-01
     519.500  3907.500     9.1123E-01
     520.500  3907.500     1.9655E+00
     521.500  3907.500     6.5963E-01
     522.500  3907.500     5.7321E-01
     523.500  3907.500     3.3226E-01
     524.500  3907.500     1.6830E-01
     525.500  3907.500     1.2180E-01
     526.500  3907.500     9.4454E-02
     527.500  3907.500     1.8293E-02
     528.500  3907.500     1.7713E-04
     529.500  3907.500     1.3945E-04
     530.500  3907.500     1.1444E-04
     531.500  3907.500     9.2184E-05
     532.500  3907.500     7.6385E-05
     533.500  3907.500     6.1189E-05
     534.500  3907.500     4.9409E-05
     535.500  3907.500     3.8041E-05
     536.500  3907.500     2.8952E-05
     537.500  3907.500     2.0439E-05
     538.500  3907.500     1.2176E-05
     539.500  3907.500     7.2813E-06
     540.500  3907.500     3.4967E-06
     541.500  3907.500     1.4356E-06
     542.500  3907.500     3.2874E-07
     543.500  3907.500     8.3115E-08
     544.500  3907.500     2.5312E-08
     495.500  3908.500     1.5938E+00
     496.500  3908.500     1.7326E+00
     497.500  3908.500     1.8858E+00
     498.500  3908.500     2.1247E+00
     499.500  3908.500     2.0986E+00
     500.500  3908.500     2.1245E+00
     501.500  3908.500     2.1435E+00
     502.500  3908.500     2.1344E+00
     503.500  3908.500     2.3265E+00
     504.500  3908.500     2.2515E+00
     505.500  3908.500     1.9723E+00
     506.500  3908.500     1.8525E+00
     507.500  3908.500     1.6990E+00
     508.500  3908.500     1.4575E+00
     509.500  3908.500     1.2354E+00
     510.500  3908.500     9.5872E-01
     511.500  3908.500     8.1840E-01
     512.500  3908.500     6.7078E-01
     513.500  3908.500     6.2117E-01
     514.500  3908.500     6.3740E-01
     515.500  3908.500     5.2788E-01
     516.500  3908.500     2.7600E-01
     517.500  3908.500     2.2201E-01
     518.500  3908.500     2.1989E-01
     519.500  3908.500     4.8712E-01
     520.500  3908.500     9.6323E-01
     521.500  3908.500     7.5675E-01
     522.500  3908.500     6.9519E-01
     523.500  3908.500     5.6420E-01
     524.500  3908.500     2.8896E-01
     525.500  3908.500     1.5550E-01
     526.500  3908.500     1.3654E-01
     527.500  3908.500     8.6099E-02
     528.500  3908.500     3.5007E-03
     529.500  3908.500     1.4025E-04
     530.500  3908.500     1.1472E-04
     531.500  3908.500     9.3645E-05
     532.500  3908.500     7.5823E-05
     533.500  3908.500     6.0131E-05
     534.500  3908.500     4.9319E-05
     535.500  3908.500     3.7617E-05
     536.500  3908.500     2.8953E-05
     537.500  3908.500     1.9519E-05
     538.500  3908.500     1.3887E-05
     539.500  3908.500     7.5121E-06
     540.500  3908.500     3.7632E-06
     541.500  3908.500     1.3843E-06
     542.500  3908.500     3.6437E-07
     543.500  3908.500     8.4111E-08
     544.500  3908.500     3.6055E-08
     495.500  3909.500     1.7901E+00
     496.500  3909.500     1.9123E+00
     497.500  3909.500     2.0602E+00
     498.500  3909.500     2.3619E+00
     499.500  3909.500     2.4680E+00
     500.500  3909.500     2.3881E+00
     501.500  3909.500     2.3927E+00
     502.500  3909.500     2.3725E+00
     503.500  3909.500     2.4313E+00
     504.500  3909.500     2.3525E+00
     505.500  3909.500     2.2855E+00
     506.500  3909.500     2.0669E+00
     507.500  3909.500     1.8584E+00
     508.500  3909.500     1.6380E+00
     509.500  3909.500     1.4166E+00
     510.500  3909.500     1.1710E+00
     511.500  3909.500     9.4138E-01
     512.500  3909.500     7.1810E-01
     513.500  3909.500     5.2311E-01
     514.500  3909.500     3.9581E-01
     515.500  3909.500     2.6888E-01
     516.500  3909.500     2.3727E-01
     517.500  3909.500     2.7831E-01
     518.500  3909.500     2.1660E-01
     519.500  3909.500     2.7026E-01
     520.500  3909.500     3.4718E-01
     521.500  3909.500     6.3400E-01
     522.500  3909.500     1.1338E+00
     523.500  3909.500     1.0601E+00
     524.500  3909.500     5.4281E-01
     525.500  3909.500     4.9178E-01
     526.500  3909.500     1.7261E-01
     527.500  3909.500     1.7187E-01
     528.500  3909.500     3.3796E-02
     529.500  3909.500     1.4122E-04
     530.500  3909.500     1.1460E-04
     531.500  3909.500     9.3129E-05
     532.500  3909.500     7.5053E-05
     533.500  3909.500     6.1168E-05
     534.500  3909.500     4.8632E-05
     535.500  3909.500     3.7455E-05
     536.500  3909.500     2.7892E-05
     537.500  3909.500     1.9961E-05
     538.500  3909.500     1.3003E-05
     539.500  3909.500     6.9379E-06
     540.500  3909.500     3.8417E-06
     541.500  3909.500     1.8564E-06
     542.500  3909.500     6.0561E-07
     543.500  3909.500     9.8889E-08
     544.500  3909.500     3.7784E-08
     495.500  3910.500     1.8047E+00
     496.500  3910.500     1.9815E+00
     497.500  3910.500     2.2171E+00
     498.500  3910.500     2.5519E+00
     499.500  3910.500     2.7489E+00
     500.500  3910.500     2.8595E+00
     501.500  3910.500     2.7317E+00
     502.500  3910.500     2.6281E+00
     503.500  3910.500     2.6042E+00
     504.500  3910.500     2.7457E+00
     505.500  3910.500     2.5333E+00
     506.500  3910.500     2.3173E+00
     507.500  3910.500     2.1634E+00
     508.500  3910.500     1.9637E+00
     509.500  3910.500     1.7506E+00
     510.500  3910.500     1.4499E+00
     511.500  3910.500     1.1159E+00
     512.500  3910.500     8.3987E-01
     513.500  3910.500     5.7891E-01
     514.500  3910.500     3.8539E-01
     515.500  3910.500     2.8403E-01
     516.500  3910.500     2.9027E-01
     517.500  3910.500     3.0209E-01
     518.500  3910.500     2.8734E-01
     519.500  3910.500     3.2241E-01
     520.500  3910.500     3.7084E-01
     521.500  3910.500     3.8578E-01
     522.500  3910.500     4.8448E-01
     523.500  3910.500     7.4730E-01
     524.500  3910.500     5.3753E-01
     525.500  3910.500     7.8631E-01
     526.500  3910.500     5.5560E-01
     527.500  3910.500     1.7032E-01
     528.500  3910.500     1.8673E-01
     529.500  3910.500     9.6463E-04
     530.500  3910.500     1.1405E-04
     531.500  3910.500     9.2158E-05
     532.500  3910.500     7.5711E-05
     533.500  3910.500     6.0045E-05
     534.500  3910.500     4.6700E-05
     535.500  3910.500     3.6809E-05
     536.500  3910.500     2.7013E-05
     537.500  3910.500     1.9093E-05
     538.500  3910.500     1.3238E-05
     539.500  3910.500     7.4836E-06
     540.500  3910.500     3.9152E-06
     541.500  3910.500     1.6688E-06
     542.500  3910.500     4.6707E-07
     543.500  3910.500     9.8772E-08
     544.500  3910.500     4.2159E-08
     495.500  3911.500     2.0040E+00
     496.500  3911.500     2.2288E+00
     497.500  3911.500     2.3716E+00
     498.500  3911.500     2.5741E+00
     499.500  3911.500     2.9382E+00
     500.500  3911.500     3.1415E+00
     501.500  3911.500     3.1401E+00
     502.500  3911.500     2.9552E+00
     503.500  3911.500     2.8098E+00
     504.500  3911.500     2.9103E+00
     505.500  3911.500     2.8409E+00
     506.500  3911.500     2.6601E+00
     507.500  3911.500     2.5249E+00
     508.500  3911.500     2.4448E+00
     509.500  3911.500     2.3017E+00
     510.500  3911.500     2.0201E+00
     511.500  3911.500     1.6035E+00
     512.500  3911.500     1.1203E+00
     513.500  3911.500     6.5104E-01
     514.500  3911.500     3.3841E-01
     515.500  3911.500     2.3793E-01
     516.500  3911.500     2.0477E-01
     517.500  3911.500     2.4828E-01
     518.500  3911.500     4.2553E-01
     519.500  3911.500     4.4002E-01
     520.500  3911.500     3.8219E-01
     521.500  3911.500     3.7478E-01
     522.500  3911.500     1.9766E-01
     523.500  3911.500     2.6316E-01
     524.500  3911.500     1.2430E+00
     525.500  3911.500     5.9460E-01
     526.500  3911.500     1.1407E+00
     527.500  3911.500     1.7237E-01
     528.500  3911.500     2.5210E-01
     529.500  3911.500     3.8098E-02
     530.500  3911.500     1.1291E-04
     531.500  3911.500     9.1319E-05
     532.500  3911.500     7.3154E-05
     533.500  3911.500     5.8076E-05
     534.500  3911.500     4.5408E-05
     535.500  3911.500     3.4390E-05
     536.500  3911.500     2.4943E-05
     537.500  3911.500     1.7215E-05
     538.500  3911.500     1.2391E-05
     539.500  3911.500     7.4408E-06
     540.500  3911.500     3.8743E-06
     541.500  3911.500     2.0043E-06
     542.500  3911.500     4.1359E-07
     543.500  3911.500     1.0754E-07
     544.500  3911.500     4.0814E-08
     495.500  3912.500     2.0962E+00
     496.500  3912.500     2.3781E+00
     497.500  3912.500     2.5580E+00
     498.500  3912.500     2.7524E+00
     499.500  3912.500     3.1386E+00
     500.500  3912.500     3.3827E+00
     501.500  3912.500     3.5166E+00
     502.500  3912.500     3.4158E+00
     503.500  3912.500     3.0573E+00
     504.500  3912.500     3.2633E+00
     505.500  3912.500     3.2919E+00
     506.500  3912.500     3.1141E+00
     507.500  3912.500     3.0406E+00
     508.500  3912.500     3.0045E+00
     509.500  3912.500     3.0409E+00
     510.500  3912.500     3.0574E+00
     511.500  3912.500     2.6329E+00
     512.500  3912.500     1.7873E+00
     513.500  3912.500     1.0652E+00
     514.500  3912.500     8.0502E-01
     515.500  3912.500     9.3950E-01
     516.500  3912.500     8.6117E-01
     517.500  3912.500     1.3347E+00
     518.500  3912.500     2.9300E+00
     519.500  3912.500     3.8993E+00
     520.500  3912.500     3.2514E+00
     521.500  3912.500     1.7257E+00
     522.500  3912.500     3.1867E-01
     523.500  3912.500     2.0247E-01
     524.500  3912.500     5.1952E-01
     525.500  3912.500     1.3563E+00
     526.500  3912.500     1.0929E+00
     527.500  3912.500     8.5157E-01
     528.500  3912.500     2.1088E-01
     529.500  3912.500     2.3627E-01
     530.500  3912.500     1.0968E-04
     531.500  3912.500     8.7539E-05
     532.500  3912.500     6.8808E-05
     533.500  3912.500     5.5349E-05
     534.500  3912.500     4.2753E-05
     535.500  3912.500     3.2058E-05
     536.500  3912.500     2.2802E-05
     537.500  3912.500     1.6658E-05
     538.500  3912.500     1.1719E-05
     539.500  3912.500     8.1493E-06
     540.500  3912.500     4.0785E-06
     541.500  3912.500     1.7940E-06
     542.500  3912.500     5.4389E-07
     543.500  3912.500     9.3520E-08
     544.500  3912.500     3.8333E-08
     495.500  3913.500     2.1118E+00
     496.500  3913.500     2.4120E+00
     497.500  3913.500     2.6633E+00
     498.500  3913.500     2.9533E+00
     499.500  3913.500     3.2757E+00
     500.500  3913.500     3.5796E+00
     501.500  3913.500     3.7176E+00
     502.500  3913.500     3.6467E+00
     503.500  3913.500     3.3460E+00
     504.500  3913.500     3.3762E+00
     505.500  3913.500     3.4193E+00
     506.500  3913.500     3.4271E+00
     507.500  3913.500     3.4651E+00
     508.500  3913.500     3.5912E+00
     509.500  3913.500     3.9903E+00
     510.500  3913.500     4.5628E+00
     511.500  3913.500     4.4447E+00
     512.500  3913.500     3.3233E+00
     513.500  3913.500     2.3432E+00
     514.500  3913.500     2.3190E+00
     515.500  3913.500     3.9180E+00
     516.500  3913.500     4.2918E+00
     517.500  3913.500     4.3647E+00
     518.500  3913.500     5.4226E+00
     519.500  3913.500     7.1383E+00
     520.500  3913.500     9.7903E+00
     521.500  3913.500     8.9976E+00
     522.500  3913.500     2.9674E+00
     523.500  3913.500     8.2956E-01
     524.500  3913.500     2.9859E-01
     525.500  3913.500     6.3586E-01
     526.500  3913.500     6.7602E-01
     527.500  3913.500     1.2372E+00
     528.500  3913.500     7.1210E-01
     529.500  3913.500     3.7865E-01
     530.500  3913.500     1.2925E-02
     531.500  3913.500     8.3062E-05
     532.500  3913.500     6.4502E-05
     533.500  3913.500     5.1500E-05
     534.500  3913.500     3.9282E-05
     535.500  3913.500     2.9248E-05
     536.500  3913.500     2.0396E-05
     537.500  3913.500     1.5347E-05
     538.500  3913.500     1.0949E-05
     539.500  3913.500     7.3436E-06
     540.500  3913.500     3.5279E-06
     541.500  3913.500     1.5758E-06
     542.500  3913.500     4.9241E-07
     543.500  3913.500     8.4707E-08
     544.500  3913.500     3.2302E-08
     495.500  3914.500     2.0516E+00
     496.500  3914.500     2.3697E+00
     497.500  3914.500     2.6983E+00
     498.500  3914.500     3.0275E+00
     499.500  3914.500     3.3530E+00
     500.500  3914.500     3.6546E+00
     501.500  3914.500     3.8064E+00
     502.500  3914.500     3.7034E+00
     503.500  3914.500     3.9180E+00
     504.500  3914.500     3.5814E+00
     505.500  3914.500     3.8362E+00
     506.500  3914.500     3.8481E+00
     507.500  3914.500     3.8065E+00
     508.500  3914.500     3.9879E+00
     509.500  3914.500     4.8169E+00
     510.500  3914.500     6.4319E+00
     511.500  3914.500     7.8464E+00
     512.500  3914.500     7.1328E+00
     513.500  3914.500     5.6960E+00
     514.500  3914.500     4.7342E+00
     515.500  3914.500     3.6215E+00
     516.500  3914.500     5.4048E+00
     517.500  3914.500     5.6362E+00
     518.500  3914.500     5.4100E+00
     519.500  3914.500     6.0970E+00
     520.500  3914.500     8.7723E+00
     521.500  3914.500     1.0957E+01
     522.500  3914.500     8.1297E+00
     523.500  3914.500     5.2470E+00
     524.500  3914.500     1.6268E+00
     525.500  3914.500     4.7235E-01
     526.500  3914.500     9.5989E-01
     527.500  3914.500     1.5444E+00
     528.500  3914.500     5.0693E+00
     529.500  3914.500     6.6580E-01
     530.500  3914.500     1.8549E-01
     531.500  3914.500     7.6443E-05
     532.500  3914.500     5.9930E-05
     533.500  3914.500     4.6228E-05
     534.500  3914.500     3.5358E-05
     535.500  3914.500     2.5273E-05
     536.500  3914.500     1.9036E-05
     537.500  3914.500     1.3764E-05
     538.500  3914.500     9.7990E-06
     539.500  3914.500     6.5346E-06
     540.500  3914.500     3.1932E-06
     541.500  3914.500     1.3384E-06
     542.500  3914.500     1.7499E-07
     543.500  3914.500     9.2711E-08
     544.500  3914.500     3.3405E-08
     495.500  3915.500     1.9080E+00
     496.500  3915.500     2.2214E+00
     497.500  3915.500     2.5566E+00
     498.500  3915.500     2.8988E+00
     499.500  3915.500     3.2433E+00
     500.500  3915.500     3.5792E+00
     501.500  3915.500     3.7926E+00
     502.500  3915.500     4.0024E+00
     503.500  3915.500     4.2430E+00
     504.500  3915.500     3.7911E+00
     505.500  3915.500     4.3438E+00
     506.500  3915.500     4.4159E+00
     507.500  3915.500     4.0427E+00
     508.500  3915.500     3.8293E+00
     509.500  3915.500     4.5856E+00
     510.500  3915.500     7.3862E+00
     511.500  3915.500     1.1770E+01
     512.500  3915.500     1.4406E+01
     513.500  3915.500     1.1529E+01
     514.500  3915.500     6.9192E+00
     515.500  3915.500     4.9947E+00
     516.500  3915.500     3.6882E+00
     517.500  3915.500     5.9520E+00
     518.500  3915.500     6.1390E+00
     519.500  3915.500     5.6975E+00
     520.500  3915.500     7.1391E+00
     521.500  3915.500     1.0862E+01
     522.500  3915.500     1.1817E+01
     523.500  3915.500     1.1116E+01
     524.500  3915.500     1.1054E+01
     525.500  3915.500     3.0345E+00
     526.500  3915.500     1.0352E+00
     527.500  3915.500     8.8088E-01
     528.500  3915.500     5.4316E+00
     529.500  3915.500     1.0474E+01
     530.500  3915.500     3.5568E-01
     531.500  3915.500     6.9166E-05
     532.500  3915.500     5.3743E-05
     533.500  3915.500     4.1367E-05
     534.500  3915.500     3.1010E-05
     535.500  3915.500     2.2916E-05
     536.500  3915.500     1.7483E-05
     537.500  3915.500     1.1456E-05
     538.500  3915.500     8.5970E-06
     539.500  3915.500     6.2399E-06
     540.500  3915.500     2.6660E-06
     541.500  3915.500     9.3297E-07
     542.500  3915.500     1.5866E-07
     543.500  3915.500     7.8382E-08
     544.500  3915.500     3.1120E-08
     495.500  3916.500     1.6830E+00
     496.500  3916.500     1.9750E+00
     497.500  3916.500     2.2901E+00
     498.500  3916.500     2.6161E+00
     499.500  3916.500     2.9577E+00
     500.500  3916.500     3.2696E+00
     501.500  3916.500     3.5630E+00
     502.500  3916.500     4.0127E+00
     503.500  3916.500     4.3131E+00
     504.500  3916.500     4.1896E+00
     505.500  3916.500     4.5280E+00
     506.500  3916.500     4.8251E+00
     507.500  3916.500     4.2626E+00
     508.500  3916.500     3.1510E+00
     509.500  3916.500     2.6754E+00
     510.500  3916.500     4.8162E+00
     511.500  3916.500     1.2576E+01
     512.500  3916.500     1.9993E+01
     513.500  3916.500     2.1793E+01
     514.500  3916.500     1.2027E+01
     515.500  3916.500     7.0186E+00
     516.500  3916.500     5.5636E+00
     517.500  3916.500     4.5323E+00
     518.500  3916.500     7.1148E+00
     519.500  3916.500     6.8547E+00
     520.500  3916.500     6.1425E+00
     521.500  3916.500     7.5036E+00
     522.500  3916.500     1.1456E+01
     523.500  3916.500     1.0238E+01
     524.500  3916.500     1.5122E+01
     525.500  3916.500     1.0246E+01
     526.500  3916.500     2.6170E+00
     527.500  3916.500     1.2203E+00
     528.500  3916.500     4.8675E-01
     529.500  3916.500     2.5721E+00
     530.500  3916.500     3.1943E-01
     531.500  3916.500     1.0373E-02
     532.500  3916.500     4.7524E-05
     533.500  3916.500     3.5740E-05
     534.500  3916.500     2.6484E-05
     535.500  3916.500     2.0104E-05
     536.500  3916.500     1.4263E-05
     537.500  3916.500     9.9629E-06
     538.500  3916.500     7.4929E-06
     539.500  3916.500     4.7917E-06
     540.500  3916.500     1.8677E-06
     541.500  3916.500     6.9961E-07
     542.500  3916.500     1.5972E-07
     543.500  3916.500     7.4119E-08
     544.500  3916.500     2.5251E-08
     495.500  3917.500     1.4023E+00
     496.500  3917.500     1.6478E+00
     497.500  3917.500     1.9138E+00
     498.500  3917.500     2.2001E+00
     499.500  3917.500     2.5053E+00
     500.500  3917.500     2.8018E+00
     501.500  3917.500     3.2146E+00
     502.500  3917.500     3.6221E+00
     503.500  3917.500     4.0575E+00
     504.500  3917.500     4.4931E+00
     505.500  3917.500     4.6210E+00
     506.500  3917.500     5.6031E+00
     507.500  3917.500     5.1968E+00
     508.500  3917.500     3.3717E+00
     509.500  3917.500     1.1866E+00
     510.500  3917.500     1.1959E+00
     511.500  3917.500     8.6356E+00
     512.500  3917.500     1.9108E+01
     513.500  3917.500     2.7501E+01
     514.500  3917.500     2.7525E+01
     515.500  3917.500     2.1685E+01
     516.500  3917.500     8.0393E+00
     517.500  3917.500     5.0637E+00
     518.500  3917.500     2.6779E+00
     519.500  3917.500     2.1471E+00
     520.500  3917.500     1.9669E+00
     521.500  3917.500     2.2135E+00
     522.500  3917.500     1.4801E+00
     523.500  3917.500     2.9049E+00
     524.500  3917.500     1.1016E+01
     525.500  3917.500     8.5673E+00
     526.500  3917.500     3.8110E+00
     527.500  3917.500     2.0496E+00
     528.500  3917.500     2.9147E-01
     529.500  3917.500     2.0963E-01
     530.500  3917.500     3.5410E-01
     531.500  3917.500     1.1691E-01
     532.500  3917.500     4.1037E-05
     533.500  3917.500     3.0238E-05
     534.500  3917.500     2.2646E-05
     535.500  3917.500     1.6991E-05
     536.500  3917.500     1.2414E-05
     537.500  3917.500     8.4840E-06
     538.500  3917.500     5.6374E-06
     539.500  3917.500     3.6079E-06
     540.500  3917.500     1.3488E-06
     541.500  3917.500     4.7177E-07
     542.500  3917.500     1.3879E-07
     543.500  3917.500     6.2557E-08
     544.500  3917.500     2.6872E-08
     495.500  3918.500     1.0857E+00
     496.500  3918.500     1.2712E+00
     497.500  3918.500     1.4736E+00
     498.500  3918.500     1.6950E+00
     499.500  3918.500     1.9304E+00
     500.500  3918.500     2.2144E+00
     501.500  3918.500     2.5373E+00
     502.500  3918.500     2.9122E+00
     503.500  3918.500     3.3178E+00
     504.500  3918.500     3.8468E+00
     505.500  3918.500     4.1772E+00
     506.500  3918.500     5.8763E+00
     507.500  3918.500     6.5971E+00
     508.500  3918.500     5.0510E+00
     509.500  3918.500     1.2470E+00
     510.500  3918.500     6.7001E-01
     511.500  3918.500     3.6883E+00
     512.500  3918.500     1.4168E+01
     513.500  3918.500     2.3854E+01
     514.500  3918.500     2.7423E+01
     515.500  3918.500     4.1989E+01
     516.500  3918.500     2.8116E+01
     517.500  3918.500     6.7896E+00
     518.500  3918.500     2.6056E+00
     519.500  3918.500     8.1384E+00
     520.500  3918.500     1.8555E+01
     521.500  3918.500     3.1938E+01
     522.500  3918.500     2.9640E+01
     523.500  3918.500     7.2977E+00
     524.500  3918.500     1.1098E+00
     525.500  3918.500     3.3441E+00
     526.500  3918.500     1.9635E+00
     527.500  3918.500     2.5116E+00
     528.500  3918.500     5.1979E-01
     529.500  3918.500     2.9067E-01
     530.500  3918.500     1.9857E-01
     531.500  3918.500     1.4510E+00
     532.500  3918.500     3.5080E-05
     533.500  3918.500     2.5717E-05
     534.500  3918.500     1.9295E-05
     535.500  3918.500     1.4310E-05
     536.500  3918.500     1.0073E-05
     537.500  3918.500     6.7366E-06
     538.500  3918.500     4.2369E-06
     539.500  3918.500     2.9279E-06
     540.500  3918.500     9.1287E-07
     541.500  3918.500     3.8570E-07
     542.500  3918.500     1.3625E-07
     543.500  3918.500     5.1185E-08
     544.500  3918.500     2.4866E-08
     495.500  3919.500     7.7765E-01
     496.500  3919.500     9.0318E-01
     497.500  3919.500     1.0416E+00
     498.500  3919.500     1.1910E+00
     499.500  3919.500     1.3608E+00
     500.500  3919.500     1.5613E+00
     501.500  3919.500     1.7877E+00
     502.500  3919.500     2.0600E+00
     503.500  3919.500     2.3481E+00
     504.500  3919.500     2.6904E+00
     505.500  3919.500     2.8611E+00
     506.500  3919.500     4.7816E+00
     507.500  3919.500     6.6166E+00
     508.500  3919.500     6.8590E+00
     509.500  3919.500     2.0359E+00
     510.500  3919.500     7.4752E-01
     511.500  3919.500     1.1155E+00
     512.500  3919.500     3.7816E+00
     513.500  3919.500     1.2929E+01
     514.500  3919.500     2.3293E+01
     515.500  3919.500     2.8679E+01
     516.500  3919.500     4.8694E+01
     517.500  3919.500     4.3733E+01
     518.500  3919.500     3.0448E+01
     519.500  3919.500     2.3093E+01
     520.500  3919.500     3.9278E+01
     521.500  3919.500     5.5983E+01
     522.500  3919.500     6.0291E+01
     523.500  3919.500     4.3535E+01
     524.500  3919.500     8.8730E+00
     525.500  3919.500     4.2325E+00
     526.500  3919.500     1.2268E+00
     527.500  3919.500     3.4043E+00
     528.500  3919.500     8.0350E+00
     529.500  3919.500     5.7021E-01
     530.500  3919.500     3.0660E-01
     531.500  3919.500     6.2639E-02
     532.500  3919.500     2.8984E-05
     533.500  3919.500     2.1424E-05
     534.500  3919.500     1.5831E-05
     535.500  3919.500     1.1458E-05
     536.500  3919.500     8.0058E-06
     537.500  3919.500     4.7945E-06
     538.500  3919.500     3.3689E-06
     539.500  3919.500     2.1001E-06
     540.500  3919.500     6.2134E-07
     541.500  3919.500     2.2955E-07
     542.500  3919.500     1.0282E-07
     543.500  3919.500     4.7638E-08
     544.500  3919.500     1.9393E-08
     495.500  3920.500     4.9927E-01
     496.500  3920.500     6.0112E-01
     497.500  3920.500     6.9227E-01
     498.500  3920.500     7.9746E-01
     499.500  3920.500     9.1226E-01
     500.500  3920.500     1.0455E+00
     501.500  3920.500     1.1773E+00
     502.500  3920.500     1.3195E+00
     503.500  3920.500     1.4232E+00
     504.500  3920.500     1.3332E+00
     505.500  3920.500     1.3422E+00
     506.500  3920.500     2.0198E+00
     507.500  3920.500     2.7232E+00
     508.500  3920.500     2.3386E+00
     509.500  3920.500     1.4242E+00
     510.500  3920.500     9.2871E-01
     511.500  3920.500     1.0429E+00
     512.500  3920.500     1.4923E+00
     513.500  3920.500     2.1389E+00
     514.500  3920.500     4.9300E+00
     515.500  3920.500     7.4102E+00
     516.500  3920.500     1.3575E+01
     517.500  3920.500     3.0366E+01
     518.500  3920.500     4.4120E+01
     519.500  3920.500     4.1398E+01
     520.500  3920.500     3.5378E+01
     521.500  3920.500     4.7551E+01
     522.500  3920.500     5.9849E+01
     523.500  3920.500     3.4265E+01
     524.500  3920.500     1.9225E+01
     525.500  3920.500     3.9445E+01
     526.500  3920.500     7.8071E-01
     527.500  3920.500     2.7488E+00
     528.500  3920.500     6.5398E+00
     529.500  3920.500     5.1166E+00
     530.500  3920.500     3.4101E-01
     531.500  3920.500     1.2422E-01
     532.500  3920.500     4.1381E-04
     533.500  3920.500     1.7225E-05
     534.500  3920.500     1.2602E-05
     535.500  3920.500     9.0443E-06
     536.500  3920.500     5.9518E-06
     537.500  3920.500     3.8209E-06
     538.500  3920.500     2.5340E-06
     539.500  3920.500     1.6595E-06
     540.500  3920.500     4.0975E-07
     541.500  3920.500     1.9619E-07
     542.500  3920.500     9.7975E-08
     543.500  3920.500     4.4016E-08
     544.500  3920.500     1.4502E-08
     495.500  3921.500     3.2866E-01
     496.500  3921.500     3.9685E-01
     497.500  3921.500     4.6712E-01
     498.500  3921.500     5.4084E-01
     499.500  3921.500     6.2147E-01
     500.500  3921.500     7.0835E-01
     501.500  3921.500     7.9746E-01
     502.500  3921.500     8.7389E-01
     503.500  3921.500     8.5786E-01
     504.500  3921.500     6.9909E-01
     505.500  3921.500     7.0450E-01
     506.500  3921.500     5.8966E-01
     507.500  3921.500     9.5551E-01
     508.500  3921.500     1.0267E+00
     509.500  3921.500     9.9970E-01
     510.500  3921.500     1.0205E+00
     511.500  3921.500     1.0189E+00
     512.500  3921.500     1.3546E+00
     513.500  3921.500     1.9423E+00
     514.500  3921.500     2.0955E+00
     515.500  3921.500     1.5373E+00
     516.500  3921.500     1.0486E+00
     517.500  3921.500     1.0067E+00
     518.500  3921.500     2.4657E+00
     519.500  3921.500     4.0215E+00
     520.500  3921.500     2.9323E+00
     521.500  3921.500     2.3003E+00
     522.500  3921.500     4.8567E+00
     523.500  3921.500     3.4404E+01
     524.500  3921.500     2.8703E+01
     525.500  3921.500     2.0192E+01
     526.500  3921.500     2.2124E+01
     527.500  3921.500     8.6921E-02
     528.500  3921.500     2.3611E+00
     529.500  3921.500     1.0812E+01
     530.500  3921.500     1.4875E+00
     531.500  3921.500     3.0327E-01
     532.500  3921.500     1.1854E-02
     533.500  3921.500     1.3870E-05
     534.500  3921.500     9.6946E-06
     535.500  3921.500     6.7530E-06
     536.500  3921.500     4.5742E-06
     537.500  3921.500     2.8405E-06
     538.500  3921.500     2.0281E-06
     539.500  3921.500     1.2941E-06
     540.500  3921.500     3.6508E-07
     541.500  3921.500     1.6172E-07
     542.500  3921.500     9.0740E-08
     543.500  3921.500     3.3565E-08
     544.500  3921.500     1.3242E-08
     495.500  3922.500     2.2021E-01
     496.500  3922.500     2.6607E-01
     497.500  3922.500     3.1836E-01
     498.500  3922.500     3.7467E-01
     499.500  3922.500     4.4006E-01
     500.500  3922.500     5.0714E-01
     501.500  3922.500     5.5273E-01
     502.500  3922.500     5.5706E-01
     503.500  3922.500     5.5820E-01
     504.500  3922.500     6.4333E-01
     505.500  3922.500     7.1041E-01
     506.500  3922.500     4.4060E-01
     507.500  3922.500     6.4232E-01
     508.500  3922.500     8.9597E-01
     509.500  3922.500     9.4391E-01
     510.500  3922.500     8.6481E-01
     511.500  3922.500     8.8440E-01
     512.500  3922.500     9.5753E-01
     513.500  3922.500     1.4086E+00
     514.500  3922.500     1.6781E+00
     515.500  3922.500     1.1454E+00
     516.500  3922.500     1.2809E+00
     517.500  3922.500     6.7684E-01
     518.500  3922.500     4.8628E-01
     519.500  3922.500     1.6604E+00
     520.500  3922.500     1.2067E+00
     521.500  3922.500     6.5718E-01
     522.500  3922.500     5.6540E-01
     523.500  3922.500     7.0690E-01
     524.500  3922.500     2.0865E+01
     525.500  3922.500     2.0633E+01
     526.500  3922.500     4.7592E+01
     527.500  3922.500     8.2784E-01
     528.500  3922.500     1.2534E-01
     529.500  3922.500     5.1068E+00
     530.500  3922.500     3.7130E+00
     531.500  3922.500     5.8987E-01
     532.500  3922.500     6.0777E-02
     533.500  3922.500     1.0324E-05
     534.500  3922.500     7.1699E-06
     535.500  3922.500     5.1638E-06
     536.500  3922.500     3.4498E-06
     537.500  3922.500     2.0810E-06
     538.500  3922.500     1.6230E-06
     539.500  3922.500     1.1061E-06
     540.500  3922.500     2.7714E-07
     541.500  3922.500     1.4563E-07
     542.500  3922.500     6.9328E-08
     543.500  3922.500     3.0752E-08
     544.500  3922.500     8.5213E-09
     495.500  3923.500     1.4105E-01
     496.500  3923.500     1.7528E-01
     497.500  3923.500     2.1365E-01
     498.500  3923.500     2.5729E-01
     499.500  3923.500     3.1001E-01
     500.500  3923.500     3.7025E-01
     501.500  3923.500     4.1855E-01
     502.500  3923.500     5.0714E-01
     503.500  3923.500     5.3226E-01
     504.500  3923.500     7.1621E-01
     505.500  3923.500     7.5940E-01
     506.500  3923.500     4.7730E-01
     507.500  3923.500     5.3733E-01
     508.500  3923.500     1.1040E+00
     509.500  3923.500     1.2064E+00
     510.500  3923.500     9.7605E-01
     511.500  3923.500     7.0498E-01
     512.500  3923.500     4.9232E-01
     513.500  3923.500     4.5779E-01
     514.500  3923.500     4.7362E-01
     515.500  3923.500     4.4265E-01
     516.500  3923.500     5.0569E-01
     517.500  3923.500     5.1007E-01
     518.500  3923.500     3.0338E-01
     519.500  3923.500     6.2697E-01
     520.500  3923.500     1.9240E+00
     521.500  3923.500     2.1062E+00
     522.500  3923.500     1.6246E+00
     523.500  3923.500     1.0161E+00
     524.500  3923.500     5.0104E-01
     525.500  3923.500     1.8663E+01
     526.500  3923.500     2.3667E+01
     527.500  3923.500     3.2821E+01
     528.500  3923.500     2.4558E-01
     529.500  3923.500     1.9721E-01
     530.500  3923.500     1.3106E+00
     531.500  3923.500     1.2845E+00
     532.500  3923.500     1.1445E-01
     533.500  3923.500     7.5530E-06
     534.500  3923.500     5.0068E-06
     535.500  3923.500     3.8536E-06
     536.500  3923.500     2.2693E-06
     537.500  3923.500     1.7829E-06
     538.500  3923.500     1.4160E-06
     539.500  3923.500     8.7987E-07
     540.500  3923.500     2.4972E-07
     541.500  3923.500     1.3641E-07
     542.500  3923.500     6.0342E-08
     543.500  3923.500     2.7937E-08
     544.500  3923.500     4.4208E-09
     495.500  3924.500     8.7665E-02
     496.500  3924.500     1.0959E-01
     497.500  3924.500     1.3791E-01
     498.500  3924.500     1.7186E-01
     499.500  3924.500     2.1457E-01
     500.500  3924.500     2.6739E-01
     501.500  3924.500     3.2901E-01
     502.500  3924.500     4.0975E-01
     503.500  3924.500     5.0136E-01
     504.500  3924.500     6.2210E-01
     505.500  3924.500     7.6183E-01
     506.500  3924.500     5.8435E-01
     507.500  3924.500     4.7291E-01
     508.500  3924.500     9.2896E-01
     509.500  3924.500     1.3339E+00
     510.500  3924.500     1.2768E+00
     511.500  3924.500     9.6937E-01
     512.500  3924.500     6.2488E-01
     513.500  3924.500     6.2184E-01
     514.500  3924.500     2.7823E-01
     515.500  3924.500     1.1183E-01
     516.500  3924.500     1.6906E-01
     517.500  3924.500     2.0106E-01
     518.500  3924.500     1.1219E-01
     519.500  3924.500     9.9895E-02
     520.500  3924.500     2.8696E-01
     521.500  3924.500     6.7128E-01
     522.500  3924.500     2.1283E-01
     523.500  3924.500     2.0013E-01
     524.500  3924.500     2.5830E-01
     525.500  3924.500     2.3725E-01
     526.500  3924.500     9.7087E-02
     527.500  3924.500     6.5931E+01
     528.500  3924.500     2.3831E+01
     529.500  3924.500     1.8319E-01
     530.500  3924.500     1.5405E-01
     531.500  3924.500     5.7748E-01
     532.500  3924.500     9.7923E-02
     533.500  3924.500     5.0344E-06
     534.500  3924.500     3.6534E-06
     535.500  3924.500     2.4133E-06
     536.500  3924.500     1.8895E-06
     537.500  3924.500     1.5474E-06
     538.500  3924.500     1.1347E-06
     539.500  3924.500     5.7123E-07
     540.500  3924.500     2.1616E-07
     541.500  3924.500     1.1154E-07
     542.500  3924.500     5.5125E-08
     543.500  3924.500     1.8392E-08
     544.500  3924.500     3.9892E-09
     495.500  3925.500     5.0975E-02
     496.500  3925.500     6.6999E-02
     497.500  3925.500     8.6838E-02
     498.500  3925.500     1.1167E-01
     499.500  3925.500     1.4410E-01
     500.500  3925.500     1.8286E-01
     501.500  3925.500     2.3482E-01
     502.500  3925.500     3.0189E-01
     503.500  3925.500     3.7951E-01
     504.500  3925.500     4.8907E-01
     505.500  3925.500     6.2596E-01
     506.500  3925.500     7.1709E-01
     507.500  3925.500     4.6818E-01
     508.500  3925.500     9.6093E-01
     509.500  3925.500     1.6937E+00
     510.500  3925.500     2.1425E+00
     511.500  3925.500     2.0959E+00
     512.500  3925.500     1.6480E+00
     513.500  3925.500     1.4703E+00
     514.500  3925.500     1.1850E+00
     515.500  3925.500     2.4468E-01
     516.500  3925.500     6.5727E-01
     517.500  3925.500     1.2192E+00
     518.500  3925.500     1.1050E+00
     519.500  3925.500     1.4454E-01
     520.500  3925.500     8.2283E-02
     521.500  3925.500     5.8611E-02
     522.500  3925.500     4.2841E-02
     523.500  3925.500     5.1124E-02
     524.500  3925.500     3.9633E-02
     525.500  3925.500     6.2865E-02
     526.500  3925.500     1.3590E-01
     527.500  3925.500     1.2241E+01
     528.500  3925.500     7.5330E+01
     529.500  3925.500     1.4270E-01
     530.500  3925.500     5.2221E-02
     531.500  3925.500     4.1673E-01
     532.500  3925.500     2.3859E-01
     533.500  3925.500     5.0177E-05
     534.500  3925.500     2.5432E-06
     535.500  3925.500     2.0030E-06
     536.500  3925.500     1.6194E-06
     537.500  3925.500     1.2399E-06
     538.500  3925.500     7.8975E-07
     539.500  3925.500     3.4482E-07
     540.500  3925.500     1.6702E-07
     541.500  3925.500     1.0199E-07
     542.500  3925.500     3.8904E-08
     543.500  3925.500     1.6520E-08
     544.500  3925.500     3.5660E-09
     495.500  3926.500     2.9660E-02
     496.500  3926.500     3.8962E-02
     497.500  3926.500     5.1729E-02
     498.500  3926.500     6.7468E-02
     499.500  3926.500     9.0003E-02
     500.500  3926.500     1.1638E-01
     501.500  3926.500     1.5356E-01
     502.500  3926.500     2.0143E-01
     503.500  3926.500     2.5729E-01
     504.500  3926.500     3.4082E-01
     505.500  3926.500     4.4159E-01
     506.500  3926.500     5.9122E-01
     507.500  3926.500     4.7182E-01
     508.500  3926.500     8.0259E-01
     509.500  3926.500     1.7006E+00
     510.500  3926.500     2.7880E+00
     511.500  3926.500     2.9647E+00
     512.500  3926.500     2.8876E+00
     513.500  3926.500     3.1583E+00
     514.500  3926.500     3.1374E+00
     515.500  3926.500     2.9877E+00
     516.500  3926.500     1.3809E+00
     517.500  3926.500     9.3619E-01
     518.500  3926.500     9.6159E-01
     519.500  3926.500     3.5747E-01
     520.500  3926.500     3.2824E-01
     521.500  3926.500     4.1960E-01
     522.500  3926.500     8.9679E-02
     523.500  3926.500     1.9817E-01
     524.500  3926.500     8.6613E-02
     525.500  3926.500     7.0587E-02
     526.500  3926.500     2.7675E-02
     527.500  3926.500     3.9681E-02
     528.500  3926.500     1.0700E-01
     529.500  3926.500     1.1961E-01
     530.500  3926.500     9.8065E-02
     531.500  3926.500     6.7530E-02
     532.500  3926.500     5.2050E-01
     533.500  3926.500     2.6655E-06
     534.500  3926.500     2.1017E-06
     535.500  3926.500     1.7029E-06
     536.500  3926.500     1.1232E-06
     537.500  3926.500     7.1226E-07
     538.500  3926.500     5.1402E-07
     539.500  3926.500     2.5137E-07
     540.500  3926.500     1.4615E-07
     541.500  3926.500     7.2751E-08
     542.500  3926.500     3.5185E-08
     543.500  3926.500     7.5544E-09
     544.500  3926.500     0.0000E+00
     495.500  3927.500     1.5893E-02
     496.500  3927.500     2.1424E-02
     497.500  3927.500     2.9193E-02
     498.500  3927.500     3.8924E-02
     499.500  3927.500     5.2106E-02
     500.500  3927.500     6.8685E-02
     501.500  3927.500     9.0438E-02
     502.500  3927.500     1.1817E-01
     503.500  3927.500     1.5234E-01
     504.500  3927.500     2.0100E-01
     505.500  3927.500     2.4681E-01
     506.500  3927.500     3.0595E-01
     507.500  3927.500     3.2696E-01
     508.500  3927.500     4.1190E-01
     509.500  3927.500     8.7569E-01
     510.500  3927.500     1.2995E+00
     511.500  3927.500     2.1828E+00
     512.500  3927.500     1.8174E+00
     513.500  3927.500     1.9579E+00
     514.500  3927.500     2.2406E+00
     515.500  3927.500     2.3049E+00
     516.500  3927.500     1.1485E+00
     517.500  3927.500     1.3915E+00
     518.500  3927.500     9.7871E-01
     519.500  3927.500     2.4574E-01
     520.500  3927.500     4.7194E-01
     521.500  3927.500     1.0909E+00
     522.500  3927.500     4.7859E-01
     523.500  3927.500     1.0639E-01
     524.500  3927.500     4.3312E-02
     525.500  3927.500     4.1425E-02
     526.500  3927.500     1.3862E-02
     527.500  3927.500     1.2714E-02
     528.500  3927.500     5.0494E-02
     529.500  3927.500     8.3169E-02
     530.500  3927.500     1.6035E-01
     531.500  3927.500     1.0830E-01
     532.500  3927.500     6.0582E-01
     533.500  3927.500     2.1824E-06
     534.500  3927.500     1.7634E-06
     535.500  3927.500     1.1747E-06
     536.500  3927.500     7.5956E-07
     537.500  3927.500     6.2528E-07
     538.500  3927.500     3.6220E-07
     539.500  3927.500     2.0969E-07
     540.500  3927.500     1.1168E-07
     541.500  3927.500     5.2136E-08
     542.500  3927.500     1.8060E-08
     543.500  3927.500     0.0000E+00
     544.500  3927.500     0.0000E+00
     495.500  3928.500     9.1322E-03
     496.500  3928.500     1.2198E-02
     497.500  3928.500     1.6072E-02
     498.500  3928.500     2.0891E-02
     499.500  3928.500     2.7958E-02
     500.500  3928.500     3.6435E-02
     501.500  3928.500     4.7086E-02
     502.500  3928.500     6.0904E-02
     503.500  3928.500     7.7086E-02
     504.500  3928.500     9.7322E-02
     505.500  3928.500     1.1784E-01
     506.500  3928.500     1.4071E-01
     507.500  3928.500     1.3470E-01
     508.500  3928.500     1.3838E-01
     509.500  3928.500     1.6218E-01
     510.500  3928.500     2.0105E-01
     511.500  3928.500     2.5567E-01
     512.500  3928.500     3.7675E-01
     513.500  3928.500     5.5546E-01
     514.500  3928.500     5.0846E-01
     515.500  3928.500     5.6759E-01
     516.500  3928.500     4.8029E-01
     517.500  3928.500     4.3587E-01
     518.500  3928.500     3.1150E-01
     519.500  3928.500     2.9971E-01
     520.500  3928.500     3.8056E-01
     521.500  3928.500     2.7394E-01
     522.500  3928.500     1.0443E-01
     523.500  3928.500     2.2864E-02
     524.500  3928.500     1.2113E-02
     525.500  3928.500     8.8686E-03
     526.500  3928.500     5.6738E-03
     527.500  3928.500     3.3348E-03
     528.500  3928.500     4.4887E-03
     529.500  3928.500     5.2438E-02
     530.500  3928.500     1.2029E-01
     531.500  3928.500     1.1886E-01
     532.500  3928.500     1.0774E-01
     533.500  3928.500     1.2481E-04
     534.500  3928.500     1.0452E-06
     535.500  3928.500     8.0682E-07
     536.500  3928.500     6.6315E-07
     537.500  3928.500     4.8143E-07
     538.500  3928.500     2.7092E-07
     539.500  3928.500     1.7518E-07
     540.500  3928.500     8.2443E-08
     541.500  3928.500     4.6827E-08
     542.500  3928.500     9.0040E-09
     543.500  3928.500     0.0000E+00
     544.500  3928.500     0.0000E+00
     495.500  3929.500     5.6270E-03
     496.500  3929.500     7.5194E-03
     497.500  3929.500     9.6278E-03
     498.500  3929.500     1.2503E-02
     499.500  3929.500     1.6133E-02
     500.500  3929.500     2.0229E-02
     501.500  3929.500     2.5616E-02
     502.500  3929.500     3.1927E-02
     503.500  3929.500     3.9476E-02
     504.500  3929.500     4.8695E-02
     505.500  3929.500     5.8067E-02
     506.500  3929.500     6.8594E-02
     507.500  3929.500     7.3882E-02
     508.500  3929.500     7.7140E-02
     509.500  3929.500     8.8264E-02
     510.500  3929.500     8.3577E-02
     511.500  3929.500     6.8756E-02
     512.500  3929.500     4.2219E-02
     513.500  3929.500     4.1744E-02
     514.500  3929.500     5.8165E-02
     515.500  3929.500     4.9998E-02
     516.500  3929.500     3.7691E-02
     517.500  3929.500     2.5815E-02
     518.500  3929.500     1.6842E-02
     519.500  3929.500     5.8043E-03
     520.500  3929.500     2.9688E-04
     521.500  3929.500     2.0948E-04
     522.500  3929.500     1.3903E-03
     523.500  3929.500     7.3926E-04
     524.500  3929.500     4.3414E-04
     525.500  3929.500     5.0718E-04
     526.500  3929.500     2.0423E-03
     527.500  3929.500     1.3244E-03
     528.500  3929.500     1.2422E-03
     529.500  3929.500     1.1705E-03
     530.500  3929.500     5.6429E-02
     531.500  3929.500     1.2900E-01
     532.500  3929.500     4.6165E-02
     533.500  3929.500     2.5893E-03
     534.500  3929.500     8.5410E-07
     535.500  3929.500     7.0023E-07
     536.500  3929.500     5.0799E-07
     537.500  3929.500     3.7729E-07
     538.500  3929.500     2.3299E-07
     539.500  3929.500     1.2415E-07
     540.500  3929.500     7.3633E-08
     541.500  3929.500     2.7407E-08
     542.500  3929.500     7.9761E-09
     543.500  3929.500     0.0000E+00
     544.500  3929.500     0.0000E+00
     495.500  3930.500     3.2761E-03
     496.500  3930.500     4.3055E-03
     497.500  3930.500     5.6076E-03
     498.500  3930.500     7.1418E-03
     499.500  3930.500     8.8616E-03
     500.500  3930.500     1.1131E-02
     501.500  3930.500     1.3996E-02
     502.500  3930.500     1.6893E-02
     503.500  3930.500     2.0351E-02
     504.500  3930.500     2.3840E-02
     505.500  3930.500     2.7476E-02
     506.500  3930.500     3.0585E-02
     507.500  3930.500     3.2574E-02
     508.500  3930.500     2.8090E-02
     509.500  3930.500     2.1101E-02
     510.500  3930.500     1.5082E-02
     511.500  3930.500     8.9562E-03
     512.500  3930.500     4.3995E-03
     513.500  3930.500     2.2384E-03
     514.500  3930.500     1.5499E-03
     515.500  3930.500     1.1507E-03
     516.500  3930.500     8.7083E-04
     517.500  3930.500     6.5184E-04
     518.500  3930.500     4.8247E-04
     519.500  3930.500     3.5129E-04
     520.500  3930.500     2.5190E-04
     521.500  3930.500     1.7698E-04
     522.500  3930.500     1.1905E-04
     523.500  3930.500     7.6861E-05
     524.500  3930.500     4.4723E-05
     525.500  3930.500     2.6822E-05
     526.500  3930.500     1.6328E-05
     527.500  3930.500     9.1959E-06
     528.500  3930.500     6.2178E-06
     529.500  3930.500     3.1573E-06
     530.500  3930.500     4.0218E-05
     531.500  3930.500     7.2015E-02
     532.500  3930.500     5.7702E-02
     533.500  3930.500     3.7065E-02
     534.500  3930.500     7.3570E-07
     535.500  3930.500     5.3348E-07
     536.500  3930.500     3.9587E-07
     537.500  3930.500     2.8701E-07
     538.500  3930.500     1.5327E-07
     539.500  3930.500     9.9897E-08
     540.500  3930.500     3.5733E-08
     541.500  3930.500     2.4443E-08
     542.500  3930.500     0.0000E+00
     543.500  3930.500     0.0000E+00
     544.500  3930.500     0.0000E+00
     495.500  3931.500     1.8468E-03
     496.500  3931.500     2.2972E-03
     497.500  3931.500     2.9083E-03
     498.500  3931.500     3.6909E-03
     499.500  3931.500     4.6968E-03
     500.500  3931.500     5.7410E-03
     501.500  3931.500     6.7930E-03
     502.500  3931.500     7.9778E-03
     503.500  3931.500     9.2088E-03
     504.500  3931.500     1.0177E-02
     505.500  3931.500     1.0980E-02
     506.500  3931.500     1.1354E-02
     507.500  3931.500     1.1067E-02
     508.500  3931.500     9.8709E-03
     509.500  3931.500     7.5853E-03
     510.500  3931.500     5.3675E-03
     511.500  3931.500     3.2761E-03
     512.500  3931.500     2.1987E-03
     513.500  3931.500     1.6058E-03
     514.500  3931.500     1.2270E-03
     515.500  3931.500     9.4725E-04
     516.500  3931.500     7.2226E-04
     517.500  3931.500     5.4457E-04
     518.500  3931.500     4.0452E-04
     519.500  3931.500     2.9507E-04
     520.500  3931.500     2.1057E-04
     521.500  3931.500     1.4396E-04
     522.500  3931.500     9.5305E-05
     523.500  3931.500     5.9822E-05
     524.500  3931.500     3.4047E-05
     525.500  3931.500     2.0329E-05
     526.500  3931.500     1.2562E-05
     527.500  3931.500     7.5582E-06
     528.500  3931.500     4.2625E-06
     529.500  3931.500     1.9746E-06
     530.500  3931.500     1.6190E-06
     531.500  3931.500     1.2117E-06
     532.500  3931.500     1.6320E-02
     533.500  3931.500     9.0222E-03
     534.500  3931.500     5.5726E-07
     535.500  3931.500     4.1323E-07
     536.500  3931.500     2.9936E-07
     537.500  3931.500     1.9750E-07
     538.500  3931.500     1.1528E-07
     539.500  3931.500     5.7467E-08
     540.500  3931.500     3.1768E-08
     541.500  3931.500     8.6988E-09
     542.500  3931.500     0.0000E+00
     543.500  3931.500     0.0000E+00
     544.500  3931.500     0.0000E+00
     495.500  3932.500     1.2002E-03
     496.500  3932.500     1.4923E-03
     497.500  3932.500     1.7693E-03
     498.500  3932.500     2.0682E-03
     499.500  3932.500     2.4401E-03
     500.500  3932.500     2.8837E-03
     501.500  3932.500     3.3991E-03
     502.500  3932.500     3.9158E-03
     503.500  3932.500     4.4447E-03
     504.500  3932.500     4.8735E-03
     505.500  3932.500     5.2180E-03
     506.500  3932.500     5.1615E-03
     507.500  3932.500     4.7541E-03
     508.500  3932.500     3.9749E-03
     509.500  3932.500     3.1072E-03
     510.500  3932.500     2.4268E-03
     511.500  3932.500     1.9297E-03
     512.500  3932.500     1.5395E-03
     513.500  3932.500     1.2303E-03
     514.500  3932.500     9.7930E-04
     515.500  3932.500     7.6672E-04
     516.500  3932.500     5.9101E-04
     517.500  3932.500     4.4781E-04
     518.500  3932.500     3.3358E-04
     519.500  3932.500     2.4269E-04
     520.500  3932.500     1.7115E-04
     521.500  3932.500     1.1606E-04
     522.500  3932.500     7.4492E-05
     523.500  3932.500     4.5152E-05
     524.500  3932.500     2.5947E-05
     525.500  3932.500     1.5537E-05
     526.500  3932.500     9.1385E-06
     527.500  3932.500     5.4470E-06
     528.500  3932.500     2.5238E-06
     529.500  3932.500     1.6803E-06
     530.500  3932.500     1.2426E-06
     531.500  3932.500     9.7606E-07
     532.500  3932.500     7.9791E-07
     533.500  3932.500     5.7347E-07
     534.500  3932.500     4.2885E-07
     535.500  3932.500     3.1049E-07
     536.500  3932.500     2.0487E-07
     537.500  3932.500     1.6153E-07
     538.500  3932.500     6.9454E-08
     539.500  3932.500     5.0592E-08
     540.500  3932.500     2.0426E-08
     541.500  3932.500     3.9076E-09
     542.500  3932.500     0.0000E+00
     543.500  3932.500     0.0000E+00
     544.500  3932.500     0.0000E+00
     495.500  3933.500     8.5378E-04
     496.500  3933.500     1.0090E-03
     497.500  3933.500     1.1876E-03
     498.500  3933.500     1.3696E-03
     499.500  3933.500     1.5544E-03
     500.500  3933.500     1.7581E-03
     501.500  3933.500     1.9654E-03
     502.500  3933.500     2.1660E-03
     503.500  3933.500     2.3422E-03
     504.500  3933.500     2.4830E-03
     505.500  3933.500     2.4959E-03
     506.500  3933.500     2.3891E-03
     507.500  3933.500     2.1846E-03
     508.500  3933.500     2.0172E-03
     509.500  3933.500     1.8257E-03
     510.500  3933.500     1.6015E-03
     511.500  3933.500     1.3695E-03
     512.500  3933.500     1.1557E-03
     513.500  3933.500     9.5707E-04
     514.500  3933.500     7.7179E-04
     515.500  3933.500     6.1082E-04
     516.500  3933.500     4.7340E-04
     517.500  3933.500     3.6013E-04
     518.500  3933.500     2.6786E-04
     519.500  3933.500     1.9331E-04
     520.500  3933.500     1.3405E-04
     521.500  3933.500     8.9227E-05
     522.500  3933.500     5.6721E-05
     523.500  3933.500     3.2885E-05
     524.500  3933.500     1.8950E-05
     525.500  3933.500     1.1692E-05
     526.500  3933.500     7.0606E-06
     527.500  3933.500     4.1959E-06
     528.500  3933.500     2.1418E-06
     529.500  3933.500     1.2759E-06
     530.500  3933.500     1.0071E-06
     531.500  3933.500     8.1680E-07
     532.500  3933.500     5.9147E-07
     533.500  3933.500     4.4216E-07
     534.500  3933.500     3.1999E-07
     535.500  3933.500     2.0274E-07
     536.500  3933.500     1.6632E-07
     537.500  3933.500     7.9820E-08
     538.500  3933.500     6.0662E-08
     539.500  3933.500     2.1125E-08
     540.500  3933.500     1.4096E-08
     541.500  3933.500     0.0000E+00
     542.500  3933.500     0.0000E+00
     543.500  3933.500     0.0000E+00
     544.500  3933.500     0.0000E+00
     495.500  3934.500     6.1441E-04
     496.500  3934.500     7.1129E-04
     497.500  3934.500     8.2844E-04
     498.500  3934.500     9.4493E-04
     499.500  3934.500     1.0560E-03
     500.500  3934.500     1.1594E-03
     501.500  3934.500     1.2540E-03
     502.500  3934.500     1.3390E-03
     503.500  3934.500     1.4087E-03
     504.500  3934.500     1.4405E-03
     505.500  3934.500     1.4701E-03
     506.500  3934.500     1.4782E-03
     507.500  3934.500     1.4475E-03
     508.500  3934.500     1.3871E-03
     509.500  3934.500     1.2922E-03
     510.500  3934.500     1.1679E-03
     511.500  3934.500     1.0293E-03
     512.500  3934.500     8.8100E-04
     513.500  3934.500     7.3433E-04
     514.500  3934.500     5.9836E-04
     515.500  3934.500     4.7608E-04
     516.500  3934.500     3.7101E-04
     517.500  3934.500     2.8181E-04
     518.500  3934.500     2.0884E-04
     519.500  3934.500     1.4815E-04
     520.500  3934.500     1.0097E-04
     521.500  3934.500     6.6732E-05
     522.500  3934.500     4.0611E-05
     523.500  3934.500     2.2513E-05
     524.500  3934.500     1.4515E-05
     525.500  3934.500     9.0803E-06
     526.500  3934.500     5.5923E-06
     527.500  3934.500     3.1691E-06
     528.500  3934.500     1.3129E-06
     529.500  3934.500     1.0135E-06
     530.500  3934.500     7.9331E-07
     531.500  3934.500     6.0538E-07
     532.500  3934.500     4.5252E-07
     533.500  3934.500     3.2236E-07
     534.500  3934.500     2.0254E-07
     535.500  3934.500     1.6535E-07
     536.500  3934.500     8.1877E-08
     537.500  3934.500     6.2171E-08
     538.500  3934.500     2.5920E-08
     539.500  3934.500     1.4479E-08
     540.500  3934.500     4.5208E-09
     541.500  3934.500     0.0000E+00
     542.500  3934.500     0.0000E+00
     543.500  3934.500     0.0000E+00
     544.500  3934.500     0.0000E+00
     495.500  3935.500     4.5130E-04
     496.500  3935.500     5.1789E-04
     497.500  3935.500     5.7797E-04
     498.500  3935.500     6.5730E-04
     499.500  3935.500     7.3094E-04
     500.500  3935.500     7.9349E-04
     501.500  3935.500     8.4910E-04
     502.500  3935.500     9.0184E-04
     503.500  3935.500     9.6562E-04
     504.500  3935.500     1.0142E-03
     505.500  3935.500     1.0510E-03
     506.500  3935.500     1.0652E-03
     507.500  3935.500     1.0553E-03
     508.500  3935.500     1.0168E-03
     509.500  3935.500     9.5300E-04
     510.500  3935.500     8.6668E-04
     511.500  3935.500     7.6757E-04
     512.500  3935.500     6.6112E-04
     513.500  3935.500     5.5475E-04
     514.500  3935.500     4.5450E-04
     515.500  3935.500     3.6375E-04
     516.500  3935.500     2.8312E-04
     517.500  3935.500     2.1458E-04
     518.500  3935.500     1.5565E-04
     519.500  3935.500     1.0853E-04
     520.500  3935.500     7.3478E-05
     521.500  3935.500     4.5506E-05
     522.500  3935.500     2.7206E-05
     523.500  3935.500     1.6765E-05
     524.500  3935.500     1.0682E-05
     525.500  3935.500     6.6730E-06
     526.500  3935.500     3.9143E-06
     527.500  3935.500     1.7664E-06
     528.500  3935.500     1.0281E-06
     529.500  3935.500     7.8805E-07
     530.500  3935.500     5.7641E-07
     531.500  3935.500     4.5929E-07
     532.500  3935.500     3.2734E-07
     533.500  3935.500     2.0604E-07
     534.500  3935.500     1.6793E-07
     535.500  3935.500     7.5186E-08
     536.500  3935.500     6.3290E-08
     537.500  3935.500     2.2208E-08
     538.500  3935.500     1.0585E-08
     539.500  3935.500     8.9708E-09
     540.500  3935.500     0.0000E+00
     541.500  3935.500     0.0000E+00
     542.500  3935.500     0.0000E+00
     543.500  3935.500     0.0000E+00
     544.500  3935.500     0.0000E+00
     495.500  3936.500     3.2802E-04
     496.500  3936.500     3.6726E-04
     497.500  3936.500     4.1296E-04
     498.500  3936.500     4.5670E-04
     499.500  3936.500     5.0074E-04
     500.500  3936.500     5.5148E-04
     501.500  3936.500     6.0417E-04
     502.500  3936.500     6.5472E-04
     503.500  3936.500     7.0242E-04
     504.500  3936.500     7.4246E-04
     505.500  3936.500     7.7014E-04
     506.500  3936.500     7.7999E-04
     507.500  3936.500     7.7101E-04
     508.500  3936.500     7.4282E-04
     509.500  3936.500     6.9651E-04
     510.500  3936.500     6.3577E-04
     511.500  3936.500     5.6422E-04
     512.500  3936.500     4.8813E-04
     513.500  3936.500     4.1161E-04
     514.500  3936.500     3.3811E-04
     515.500  3936.500     2.7015E-04
     516.500  3936.500     2.1004E-04
     517.500  3936.500     1.5552E-04
     518.500  3936.500     1.1060E-04
     519.500  3936.500     7.8179E-05
     520.500  3936.500     5.1731E-05
     521.500  3936.500     3.1141E-05
     522.500  3936.500     1.9082E-05
     523.500  3936.500     1.2807E-05
     524.500  3936.500     8.3861E-06
     525.500  3936.500     5.0495E-06
     526.500  3936.500     2.7374E-06
     527.500  3936.500     1.0417E-06
     528.500  3936.500     7.8094E-07
     529.500  3936.500     5.7067E-07
     530.500  3936.500     4.1208E-07
     531.500  3936.500     2.7545E-07
     532.500  3936.500     2.0783E-07
     533.500  3936.500     1.2524E-07
     534.500  3936.500     7.6117E-08
     535.500  3936.500     5.9231E-08
     536.500  3936.500     2.2541E-08
     537.500  3936.500     1.0750E-08
     538.500  3936.500     9.0907E-09
     539.500  3936.500     0.0000E+00
     540.500  3936.500     0.0000E+00
     541.500  3936.500     0.0000E+00
     542.500  3936.500     0.0000E+00
     543.500  3936.500     0.0000E+00
     544.500  3936.500     0.0000E+00
     495.500  3937.500     2.3194E-04
     496.500  3937.500     2.5792E-04
     497.500  3937.500     2.8955E-04
     498.500  3937.500     3.2350E-04
     499.500  3937.500     3.6028E-04
     500.500  3937.500     3.9900E-04
     501.500  3937.500     4.3964E-04
     502.500  3937.500     4.7978E-04
     503.500  3937.500     5.1466E-04
     504.500  3937.500     5.4214E-04
     505.500  3937.500     5.5941E-04
     506.500  3937.500     5.6485E-04
     507.500  3937.500     5.5703E-04
     508.500  3937.500     5.3583E-04
     509.500  3937.500     5.0240E-04
     510.500  3937.500     4.5894E-04
     511.500  3937.500     4.0848E-04
     512.500  3937.500     3.5407E-04
     513.500  3937.500     2.9775E-04
     514.500  3937.500     2.4534E-04
     515.500  3937.500     1.9489E-04
     516.500  3937.500     1.4716E-04
     517.500  3937.500     1.0787E-04
     518.500  3937.500     7.8290E-05
     519.500  3937.500     5.4640E-05
     520.500  3937.500     3.4024E-05
     521.500  3937.500     2.1570E-05
     522.500  3937.500     1.3698E-05
     523.500  3937.500     9.1274E-06
     524.500  3937.500     5.5084E-06
     525.500  3937.500     3.4097E-06
     526.500  3937.500     1.4667E-06
     527.500  3937.500     7.5051E-07
     528.500  3937.500     5.5114E-07
     529.500  3937.500     4.0525E-07
     530.500  3937.500     2.6452E-07
     531.500  3937.500     2.0766E-07
     532.500  3937.500     1.1129E-07
     533.500  3937.500     7.6403E-08
     534.500  3937.500     5.4621E-08
     535.500  3937.500     2.2700E-08
     536.500  3937.500     1.0837E-08
     537.500  3937.500     9.1442E-09
     538.500  3937.500     0.0000E+00
     539.500  3937.500     0.0000E+00
     540.500  3937.500     0.0000E+00
     541.500  3937.500     0.0000E+00
     542.500  3937.500     0.0000E+00
     543.500  3937.500     0.0000E+00
     544.500  3937.500     0.0000E+00
     495.500  3938.500     1.6400E-04
     496.500  3938.500     1.8740E-04
     497.500  3938.500     2.0950E-04
     498.500  3938.500     2.3511E-04
     499.500  3938.500     2.6104E-04
     500.500  3938.500     2.9046E-04
     501.500  3938.500     3.1839E-04
     502.500  3938.500     3.4818E-04
     503.500  3938.500     3.7223E-04
     504.500  3938.500     3.8964E-04
     505.500  3938.500     4.0159E-04
     506.500  3938.500     4.0387E-04
     507.500  3938.500     3.9710E-04
     508.500  3938.500     3.8131E-04
     509.500  3938.500     3.5713E-04
     510.500  3938.500     3.2495E-04
     511.500  3938.500     2.8893E-04
     512.500  3938.500     2.5105E-04
     513.500  3938.500     2.1022E-04
     514.500  3938.500     1.6932E-04
     515.500  3938.500     1.3327E-04
     516.500  3938.500     1.0053E-04
     517.500  3938.500     7.4509E-05
     518.500  3938.500     5.3569E-05
     519.500  3938.500     3.4412E-05
     520.500  3938.500     2.2790E-05
     521.500  3938.500     1.4843E-05
     522.500  3938.500     9.6576E-06
     523.500  3938.500     6.0635E-06
     524.500  3938.500     3.6433E-06
     525.500  3938.500     1.9374E-06
     526.500  3938.500     7.1678E-07
     527.500  3938.500     5.5632E-07
     528.500  3938.500     3.9407E-07
     529.500  3938.500     2.4552E-07
     530.500  3938.500     2.0529E-07
     531.500  3938.500     9.0526E-08
     532.500  3938.500     7.5957E-08
     533.500  3938.500     3.1990E-08
     534.500  3938.500     1.7912E-08
     535.500  3938.500     1.0833E-08
     536.500  3938.500     4.7053E-09
     537.500  3938.500     0.0000E+00
     538.500  3938.500     0.0000E+00
     539.500  3938.500     0.0000E+00
     540.500  3938.500     0.0000E+00
     541.500  3938.500     0.0000E+00
     542.500  3938.500     0.0000E+00
     543.500  3938.500     0.0000E+00
     544.500  3938.500     0.0000E+00
     495.500  3939.500     1.1176E-04
     496.500  3939.500     1.2818E-04
     497.500  3939.500     1.4949E-04
     498.500  3939.500     1.7060E-04
     499.500  3939.500     1.9081E-04
     500.500  3939.500     2.1052E-04
     501.500  3939.500     2.3008E-04
     502.500  3939.500     2.4829E-04
     503.500  3939.500     2.6448E-04
     504.500  3939.500     2.7467E-04
     505.500  3939.500     2.8171E-04
     506.500  3939.500     2.8273E-04
     507.500  3939.500     2.7623E-04
     508.500  3939.500     2.6470E-04
     509.500  3939.500     2.4647E-04
     510.500  3939.500     2.2481E-04
     511.500  3939.500     1.9955E-04
     512.500  3939.500     1.6935E-04
     513.500  3939.500     1.4075E-04
     514.500  3939.500     1.1240E-04
     515.500  3939.500     8.9770E-05
     516.500  3939.500     6.5897E-05
     517.500  3939.500     4.6153E-05
     518.500  3939.500     3.2823E-05
     519.500  3939.500     2.2182E-05
     520.500  3939.500     1.5039E-05
     521.500  3939.500     1.0518E-05
     522.500  3939.500     6.2603E-06
     523.500  3939.500     4.2069E-06
     524.500  3939.500     2.4249E-06
     525.500  3939.500     7.1119E-07
     526.500  3939.500     4.8894E-07
     527.500  3939.500     3.2488E-07
     528.500  3939.500     2.4020E-07
     529.500  3939.500     1.5144E-07
     530.500  3939.500     8.9188E-08
     531.500  3939.500     7.4701E-08
     532.500  3939.500     2.6715E-08
     533.500  3939.500     1.7735E-08
     534.500  3939.500     1.0729E-08
     535.500  3939.500     4.6557E-09
     536.500  3939.500     0.0000E+00
     537.500  3939.500     0.0000E+00
     538.500  3939.500     0.0000E+00
     539.500  3939.500     0.0000E+00
     540.500  3939.500     0.0000E+00
     541.500  3939.500     0.0000E+00
     542.500  3939.500     0.0000E+00
     543.500  3939.500     0.0000E+00
     544.500  3939.500     0.0000E+00
     495.500  3940.500     8.1399E-05
     496.500  3940.500     9.2349E-05
     497.500  3940.500     1.0422E-04
     498.500  3940.500     1.1819E-04
     499.500  3940.500     1.3348E-04
     500.500  3940.500     1.4840E-04
     501.500  3940.500     1.6106E-04
     502.500  3940.500     1.7328E-04
     503.500  3940.500     1.8411E-04
     504.500  3940.500     1.9072E-04
     505.500  3940.500     1.9278E-04
     506.500  3940.500     1.9154E-04
     507.500  3940.500     1.8758E-04
     508.500  3940.500     1.7745E-04
     509.500  3940.500     1.6486E-04
     510.500  3940.500     1.4881E-04
     511.500  3940.500     1.2896E-04
     512.500  3940.500     1.0930E-04
     513.500  3940.500     9.2953E-05
     514.500  3940.500     7.2830E-05
     515.500  3940.500     5.6993E-05
     516.500  3940.500     4.0084E-05
     517.500  3940.500     2.9753E-05
     518.500  3940.500     2.0377E-05
     519.500  3940.500     1.4763E-05
     520.500  3940.500     1.0509E-05
     521.500  3940.500     6.9231E-06
     522.500  3940.500     4.3576E-06
     523.500  3940.500     2.5139E-06
     524.500  3940.500     1.0894E-06
     525.500  3940.500     4.7932E-07
     526.500  3940.500     3.0392E-07
     527.500  3940.500     2.3181E-07
     528.500  3940.500     1.2589E-07
     529.500  3940.500     8.6799E-08
     530.500  3940.500     5.2507E-08
     531.500  3940.500     2.6160E-08
     532.500  3940.500     1.2509E-08
     533.500  3940.500     1.0515E-08
     534.500  3940.500     0.0000E+00
     535.500  3940.500     0.0000E+00
     536.500  3940.500     0.0000E+00
     537.500  3940.500     0.0000E+00
     538.500  3940.500     0.0000E+00
     539.500  3940.500     0.0000E+00
     540.500  3940.500     0.0000E+00
     541.500  3940.500     0.0000E+00
     542.500  3940.500     0.0000E+00
     543.500  3940.500     0.0000E+00
     544.500  3940.500     0.0000E+00
     495.500  3941.500     5.6671E-05
     496.500  3941.500     6.5578E-05
     497.500  3941.500     7.3988E-05
     498.500  3941.500     8.1287E-05
     499.500  3941.500     8.9984E-05
     500.500  3941.500     9.8722E-05
     501.500  3941.500     1.0669E-04
     502.500  3941.500     1.1360E-04
     503.500  3941.500     1.2059E-04
     504.500  3941.500     1.2564E-04
     505.500  3941.500     1.2603E-04
     506.500  3941.500     1.2501E-04
     507.500  3941.500     1.2091E-04
     508.500  3941.500     1.1381E-04
     509.500  3941.500     1.0631E-04
     510.500  3941.500     9.6595E-05
     511.500  3941.500     8.3198E-05
     512.500  3941.500     6.9721E-05
     513.500  3941.500     5.7809E-05
     514.500  3941.500     4.3287E-05
     515.500  3941.500     3.4141E-05
     516.500  3941.500     2.4572E-05
     517.500  3941.500     1.9043E-05
     518.500  3941.500     1.3577E-05
     519.500  3941.500     9.6570E-06
     520.500  3941.500     6.8630E-06
     521.500  3941.500     4.4589E-06
     522.500  3941.500     2.5359E-06
     523.500  3941.500     1.0676E-06
     524.500  3941.500     4.1892E-07
     525.500  3941.500     2.9395E-07
     526.500  3941.500     1.8165E-07
     527.500  3941.500     9.9457E-08
     528.500  3941.500     8.3318E-08
     529.500  3941.500     3.0189E-08
     530.500  3941.500     2.0057E-08
     531.500  3941.500     1.2137E-08
     532.500  3941.500     5.2664E-09
     533.500  3941.500     0.0000E+00
     534.500  3941.500     0.0000E+00
     535.500  3941.500     0.0000E+00
     536.500  3941.500     0.0000E+00
     537.500  3941.500     0.0000E+00
     538.500  3941.500     0.0000E+00
     539.500  3941.500     0.0000E+00
     540.500  3941.500     0.0000E+00
     541.500  3941.500     0.0000E+00
     542.500  3941.500     0.0000E+00
     543.500  3941.500     0.0000E+00
     544.500  3941.500     0.0000E+00
     495.500  3942.500     3.9566E-05
     496.500  3942.500     4.3360E-05
     497.500  3942.500     4.8386E-05
     498.500  3942.500     5.5616E-05
     499.500  3942.500     6.1088E-05
     500.500  3942.500     6.6390E-05
     501.500  3942.500     7.2862E-05
     502.500  3942.500     7.6722E-05
     503.500  3942.500     8.0163E-05
     504.500  3942.500     8.1954E-05
     505.500  3942.500     8.1863E-05
     506.500  3942.500     8.0150E-05
     507.500  3942.500     7.7779E-05
     508.500  3942.500     7.2996E-05
     509.500  3942.500     6.7057E-05
     510.500  3942.500     5.8356E-05
     511.500  3942.500     4.9295E-05
     512.500  3942.500     4.0909E-05
     513.500  3942.500     3.4498E-05
     514.500  3942.500     2.6195E-05
     515.500  3942.500     2.0923E-05
     516.500  3942.500     1.5914E-05
     517.500  3942.500     1.1896E-05
     518.500  3942.500     9.1369E-06
     519.500  3942.500     6.1513E-06
     520.500  3942.500     4.0412E-06
     521.500  3942.500     2.5569E-06
     522.500  3942.500     1.0384E-06
     523.500  3942.500     4.1265E-07
     524.500  3942.500     2.8894E-07
     525.500  3942.500     1.6015E-07
     526.500  3942.500     1.0623E-07
     527.500  3942.500     5.7367E-08
     528.500  3942.500     2.8824E-08
     529.500  3942.500     1.3833E-08
     530.500  3942.500     1.1620E-08
     531.500  3942.500     0.0000E+00
     532.500  3942.500     0.0000E+00
     533.500  3942.500     0.0000E+00
     534.500  3942.500     0.0000E+00
     535.500  3942.500     0.0000E+00
     536.500  3942.500     0.0000E+00
     537.500  3942.500     0.0000E+00
     538.500  3942.500     0.0000E+00
     539.500  3942.500     0.0000E+00
     540.500  3942.500     0.0000E+00
     541.500  3942.500     0.0000E+00
     542.500  3942.500     0.0000E+00
     543.500  3942.500     0.0000E+00
     544.500  3942.500     0.0000E+00
     495.500  3943.500     2.9958E-05
     496.500  3943.500     3.1779E-05
     497.500  3943.500     3.3781E-05
     498.500  3943.500     3.5913E-05
     499.500  3943.500     3.8515E-05
     500.500  3943.500     4.0888E-05
     501.500  3943.500     4.3250E-05
     502.500  3943.500     4.6673E-05
     503.500  3943.500     4.7976E-05
     504.500  3943.500     5.0091E-05
     505.500  3943.500     4.9355E-05
     506.500  3943.500     4.9025E-05
     507.500  3943.500     4.6441E-05
     508.500  3943.500     4.3087E-05
     509.500  3943.500     3.8773E-05
     510.500  3943.500     3.3616E-05
     511.500  3943.500     2.8678E-05
     512.500  3943.500     2.5201E-05
     513.500  3943.500     2.1106E-05
     514.500  3943.500     1.6801E-05
     515.500  3943.500     1.2968E-05
     516.500  3943.500     1.0789E-05
     517.500  3943.500     7.7108E-06
     518.500  3943.500     5.7901E-06
     519.500  3943.500     3.9255E-06
     520.500  3943.500     2.1683E-06
     521.500  3943.500     1.1373E-06
     522.500  3943.500     4.1137E-07
     523.500  3943.500     2.3480E-07
     524.500  3943.500     1.4831E-07
     525.500  3943.500     9.5299E-08
     526.500  3943.500     3.2292E-08
     527.500  3943.500     2.1524E-08
     528.500  3943.500     1.3063E-08
     529.500  3943.500     5.6779E-09
     530.500  3943.500     0.0000E+00
     531.500  3943.500     0.0000E+00
     532.500  3943.500     0.0000E+00
     533.500  3943.500     0.0000E+00
     534.500  3943.500     0.0000E+00
     535.500  3943.500     0.0000E+00
     536.500  3943.500     0.0000E+00
     537.500  3943.500     0.0000E+00
     538.500  3943.500     0.0000E+00
     539.500  3943.500     0.0000E+00
     540.500  3943.500     0.0000E+00
     541.500  3943.500     0.0000E+00
     542.500  3943.500     0.0000E+00
     543.500  3943.500     0.0000E+00
     544.500  3943.500     0.0000E+00
     495.500  3944.500     2.3302E-05
     496.500  3944.500     2.3983E-05
     497.500  3944.500     2.5392E-05
     498.500  3944.500     2.5935E-05
     499.500  3944.500     2.7457E-05
     500.500  3944.500     2.8784E-05
     501.500  3944.500     2.9657E-05
     502.500  3944.500     3.0053E-05
     503.500  3944.500     2.9940E-05
     504.500  3944.500     3.0001E-05
     505.500  3944.500     3.0111E-05
     506.500  3944.500     2.9392E-05
     507.500  3944.500     2.7570E-05
     508.500  3944.500     2.5958E-05
     509.500  3944.500     2.3240E-05
     510.500  3944.500     2.0845E-05
     511.500  3944.500     1.8481E-05
     512.500  3944.500     1.5517E-05
     513.500  3944.500     1.3139E-05
     514.500  3944.500     1.0725E-05
     515.500  3944.500     8.3990E-06
     516.500  3944.500     6.5008E-06
     517.500  3944.500     4.5795E-06
     518.500  3944.500     3.6890E-06
     519.500  3944.500     2.0757E-06
     520.500  3944.500     7.4399E-07
     521.500  3944.500     3.6116E-07
     522.500  3944.500     2.4388E-07
     523.500  3944.500     1.4245E-07
     524.500  3944.500     8.1375E-08
     525.500  3944.500     2.3709E-08
     526.500  3944.500     1.4426E-08
     527.500  3944.500     1.2127E-08
     528.500  3944.500     0.0000E+00
     529.500  3944.500     0.0000E+00
     530.500  3944.500     0.0000E+00
     531.500  3944.500     0.0000E+00
     532.500  3944.500     0.0000E+00
     533.500  3944.500     0.0000E+00
     534.500  3944.500     0.0000E+00
     535.500  3944.500     0.0000E+00
     536.500  3944.500     0.0000E+00
     537.500  3944.500     0.0000E+00
     538.500  3944.500     0.0000E+00
     539.500  3944.500     0.0000E+00
     540.500  3944.500     0.0000E+00
     541.500  3944.500     0.0000E+00
     542.500  3944.500     0.0000E+00
     543.500  3944.500     0.0000E+00
     544.500  3944.500     0.0000E+00
     495.500  3945.500     1.7277E-05
     496.500  3945.500     1.8395E-05
     497.500  3945.500     1.8667E-05
     498.500  3945.500     1.9727E-05
     499.500  3945.500     2.0299E-05
     500.500  3945.500     2.0360E-05
     501.500  3945.500     2.1201E-05
     502.500  3945.500     2.1043E-05
     503.500  3945.500     2.1287E-05
     504.500  3945.500     2.1244E-05
     505.500  3945.500     2.0569E-05
     506.500  3945.500     1.9736E-05
     507.500  3945.500     1.8619E-05
     508.500  3945.500     1.7050E-05
     509.500  3945.500     1.5411E-05
     510.500  3945.500     1.4028E-05
     511.500  3945.500     1.2122E-05
     512.500  3945.500     1.0604E-05
     513.500  3945.500     8.5431E-06
     514.500  3945.500     6.8771E-06
     515.500  3945.500     5.0669E-06
     516.500  3945.500     4.1151E-06
     517.500  3945.500     2.6358E-06
     518.500  3945.500     1.5440E-06
     519.500  3945.500     7.4077E-07
     520.500  3945.500     3.7627E-07
     521.500  3945.500     2.4567E-07
     522.500  3945.500     1.0932E-07
     523.500  3945.500     8.0408E-08
     524.500  3945.500     2.1717E-08
     525.500  3945.500     1.3145E-08
     526.500  3945.500     0.0000E+00
     527.500  3945.500     0.0000E+00
     528.500  3945.500     0.0000E+00
     529.500  3945.500     0.0000E+00
     530.500  3945.500     0.0000E+00
     531.500  3945.500     0.0000E+00
     532.500  3945.500     0.0000E+00
     533.500  3945.500     0.0000E+00
     534.500  3945.500     0.0000E+00
     535.500  3945.500     0.0000E+00
     536.500  3945.500     0.0000E+00
     537.500  3945.500     0.0000E+00
     538.500  3945.500     0.0000E+00
     539.500  3945.500     0.0000E+00
     540.500  3945.500     0.0000E+00
     541.500  3945.500     0.0000E+00
     542.500  3945.500     0.0000E+00
     543.500  3945.500     0.0000E+00
     544.500  3945.500     0.0000E+00
     495.500  3946.500     1.3146E-05
     496.500  3946.500     1.3193E-05
     497.500  3946.500     1.4038E-05
     498.500  3946.500     1.4828E-05
     499.500  3946.500     1.4815E-05
     500.500  3946.500     1.5130E-05
     501.500  3946.500     1.4924E-05
     502.500  3946.500     1.4993E-05
     503.500  3946.500     1.4607E-05
     504.500  3946.500     1.4029E-05
     505.500  3946.500     1.3414E-05
     506.500  3946.500     1.3251E-05
     507.500  3946.500     1.2467E-05
     508.500  3946.500     1.1212E-05
     509.500  3946.500     9.7818E-06
     510.500  3946.500     8.7184E-06
     511.500  3946.500     7.7307E-06
     512.500  3946.500     6.4241E-06
     513.500  3946.500     5.2090E-06
     514.500  3946.500     4.4329E-06
     515.500  3946.500     2.9406E-06
     516.500  3946.500     2.3839E-06
     517.500  3946.500     1.1176E-06
     518.500  3946.500     7.2345E-07
     519.500  3946.500     3.7350E-07
     520.500  3946.500     2.4442E-07
     521.500  3946.500     1.0814E-07
     522.500  3946.500     7.9856E-08
     523.500  3946.500     3.2574E-08
     524.500  3946.500     0.0000E+00
     525.500  3946.500     0.0000E+00
     526.500  3946.500     0.0000E+00
     527.500  3946.500     0.0000E+00
     528.500  3946.500     0.0000E+00
     529.500  3946.500     0.0000E+00
     530.500  3946.500     0.0000E+00
     531.500  3946.500     0.0000E+00
     532.500  3946.500     0.0000E+00
     533.500  3946.500     0.0000E+00
     534.500  3946.500     0.0000E+00
     535.500  3946.500     0.0000E+00
     536.500  3946.500     0.0000E+00
     537.500  3946.500     0.0000E+00
     538.500  3946.500     0.0000E+00
     539.500  3946.500     0.0000E+00
     540.500  3946.500     0.0000E+00
     541.500  3946.500     0.0000E+00
     542.500  3946.500     0.0000E+00
     543.500  3946.500     0.0000E+00
     544.500  3946.500     0.0000E+00
     495.500  3947.500     1.0218E-05
     496.500  3947.500     1.0200E-05
     497.500  3947.500     1.0081E-05
     498.500  3947.500     1.0331E-05
     499.500  3947.500     1.0554E-05
     500.500  3947.500     1.0663E-05
     501.500  3947.500     1.0353E-05
     502.500  3947.500     1.0479E-05
     503.500  3947.500     1.0445E-05
     504.500  3947.500     1.0027E-05
     505.500  3947.500     9.4811E-06
     506.500  3947.500     8.9338E-06
     507.500  3947.500     8.2981E-06
     508.500  3947.500     7.1555E-06
     509.500  3947.500     6.4956E-06
     510.500  3947.500     5.7931E-06
     511.500  3947.500     4.6826E-06
     512.500  3947.500     3.7453E-06
     513.500  3947.500     3.1399E-06
     514.500  3947.500     2.2453E-06
     515.500  3947.500     1.4351E-06
     516.500  3947.500     1.0750E-06
     517.500  3947.500     6.9149E-07
     518.500  3947.500     3.6325E-07
     519.500  3947.500     2.3733E-07
     520.500  3947.500     1.0154E-07
     521.500  3947.500     7.9367E-08
     522.500  3947.500     2.4870E-08
     523.500  3947.500     0.0000E+00
     524.500  3947.500     0.0000E+00
     525.500  3947.500     0.0000E+00
     526.500  3947.500     0.0000E+00
     527.500  3947.500     0.0000E+00
     528.500  3947.500     0.0000E+00
     529.500  3947.500     0.0000E+00
     530.500  3947.500     0.0000E+00
     531.500  3947.500     0.0000E+00
     532.500  3947.500     0.0000E+00
     533.500  3947.500     0.0000E+00
     534.500  3947.500     0.0000E+00
     535.500  3947.500     0.0000E+00
     536.500  3947.500     0.0000E+00
     537.500  3947.500     0.0000E+00
     538.500  3947.500     0.0000E+00
     539.500  3947.500     0.0000E+00
     540.500  3947.500     0.0000E+00
     541.500  3947.500     0.0000E+00
     542.500  3947.500     0.0000E+00
     543.500  3947.500     0.0000E+00
     544.500  3947.500     0.0000E+00
     495.500  3948.500     8.0130E-06
     496.500  3948.500     7.9993E-06
     497.500  3948.500     7.9206E-06
     498.500  3948.500     7.7706E-06
     499.500  3948.500     7.5695E-06
     500.500  3948.500     7.2553E-06
     501.500  3948.500     7.3275E-06
     502.500  3948.500     7.0131E-06
     503.500  3948.500     6.6390E-06
     504.500  3948.500     6.6425E-06
     505.500  3948.500     6.1607E-06
     506.500  3948.500     5.6362E-06
     507.500  3948.500     5.1115E-06
     508.500  3948.500     4.6496E-06
     509.500  3948.500     4.1701E-06
     510.500  3948.500     3.2615E-06
     511.500  3948.500     2.8011E-06
     512.500  3948.500     2.0025E-06
     513.500  3948.500     1.6819E-06
     514.500  3948.500     1.2317E-06
     515.500  3948.500     1.0032E-06
     516.500  3948.500     6.3380E-07
     517.500  3948.500     3.3707E-07
     518.500  3948.500     2.3351E-07
     519.500  3948.500     1.0053E-07
     520.500  3948.500     7.9239E-08
     521.500  3948.500     2.5830E-08
     522.500  3948.500     0.0000E+00
     523.500  3948.500     0.0000E+00
     524.500  3948.500     0.0000E+00
     525.500  3948.500     0.0000E+00
     526.500  3948.500     0.0000E+00
     527.500  3948.500     0.0000E+00
     528.500  3948.500     0.0000E+00
     529.500  3948.500     0.0000E+00
     530.500  3948.500     0.0000E+00
     531.500  3948.500     0.0000E+00
     532.500  3948.500     0.0000E+00
     533.500  3948.500     0.0000E+00
     534.500  3948.500     0.0000E+00
     535.500  3948.500     0.0000E+00
     536.500  3948.500     0.0000E+00
     537.500  3948.500     0.0000E+00
     538.500  3948.500     0.0000E+00
     539.500  3948.500     0.0000E+00
     540.500  3948.500     0.0000E+00
     541.500  3948.500     0.0000E+00
     542.500  3948.500     0.0000E+00
     543.500  3948.500     0.0000E+00
     544.500  3948.500     0.0000E+00
     495.500  3949.500     6.2618E-06
     496.500  3949.500     6.2506E-06
     497.500  3949.500     6.1780E-06
     498.500  3949.500     6.0675E-06
     499.500  3949.500     5.8952E-06
     500.500  3949.500     5.6832E-06
     501.500  3949.500     5.3616E-06
     502.500  3949.500     5.0080E-06
     503.500  3949.500     4.7012E-06
     504.500  3949.500     4.2772E-06
     505.500  3949.500     3.9445E-06
     506.500  3949.500     3.5713E-06
     507.500  3949.500     3.1867E-06
     508.500  3949.500     2.8519E-06
     509.500  3949.500     2.4384E-06
     510.500  3949.500     2.0823E-06
     511.500  3949.500     1.8264E-06
     512.500  3949.500     1.4577E-06
     513.500  3949.500     1.1142E-06
     514.500  3949.500     8.3203E-07
     515.500  3949.500     5.2647E-07
     516.500  3949.500     2.8870E-07
     517.500  3949.500     2.2051E-07
     518.500  3949.500     9.8103E-08
     519.500  3949.500     7.2276E-08
     520.500  3949.500     2.5719E-08
     521.500  3949.500     0.0000E+00
     522.500  3949.500     0.0000E+00
     523.500  3949.500     0.0000E+00
     524.500  3949.500     0.0000E+00
     525.500  3949.500     0.0000E+00
     526.500  3949.500     0.0000E+00
     527.500  3949.500     0.0000E+00
     528.500  3949.500     0.0000E+00
     529.500  3949.500     0.0000E+00
     530.500  3949.500     0.0000E+00
     531.500  3949.500     0.0000E+00
     532.500  3949.500     0.0000E+00
     533.500  3949.500     0.0000E+00
     534.500  3949.500     0.0000E+00
     535.500  3949.500     0.0000E+00
     536.500  3949.500     0.0000E+00
     537.500  3949.500     0.0000E+00
     538.500  3949.500     0.0000E+00
     539.500  3949.500     0.0000E+00
     540.500  3949.500     0.0000E+00
     541.500  3949.500     0.0000E+00
     542.500  3949.500     0.0000E+00
     543.500  3949.500     0.0000E+00
     544.500  3949.500     0.0000E+00
     495.500  3950.500     4.7351E-06
     496.500  3950.500     4.7268E-06
     497.500  3950.500     4.6807E-06
     498.500  3950.500     4.5337E-06
     499.500  3950.500     4.4179E-06
     500.500  3950.500     4.2152E-06
     501.500  3950.500     4.0219E-06
     502.500  3950.500     3.7626E-06
     503.500  3950.500     3.5510E-06
     504.500  3950.500     3.2467E-06
     505.500  3950.500     2.9768E-06
     506.500  3950.500     2.6597E-06
     507.500  3950.500     2.3514E-06
     508.500  3950.500     2.0726E-06
     509.500  3950.500     1.8472E-06
     510.500  3950.500     1.5000E-06
     511.500  3950.500     1.1870E-06
     512.500  3950.500     1.0070E-06
     513.500  3950.500     6.4157E-07
     514.500  3950.500     3.8000E-07
     515.500  3950.500     2.5673E-07
     516.500  3950.500     1.9349E-07
     517.500  3950.500     9.4365E-08
     518.500  3950.500     7.0196E-08
     519.500  3950.500     1.9442E-08
     520.500  3950.500     0.0000E+00
     521.500  3950.500     0.0000E+00
     522.500  3950.500     0.0000E+00
     523.500  3950.500     0.0000E+00
     524.500  3950.500     0.0000E+00
     525.500  3950.500     0.0000E+00
     526.500  3950.500     0.0000E+00
     527.500  3950.500     0.0000E+00
     528.500  3950.500     0.0000E+00
     529.500  3950.500     0.0000E+00
     530.500  3950.500     0.0000E+00
     531.500  3950.500     0.0000E+00
     532.500  3950.500     0.0000E+00
     533.500  3950.500     0.0000E+00
     534.500  3950.500     0.0000E+00
     535.500  3950.500     0.0000E+00
     536.500  3950.500     0.0000E+00
     537.500  3950.500     0.0000E+00
     538.500  3950.500     0.0000E+00
     539.500  3950.500     0.0000E+00
     540.500  3950.500     0.0000E+00
     541.500  3950.500     0.0000E+00
     542.500  3950.500     0.0000E+00
     543.500  3950.500     0.0000E+00
     544.500  3950.500     0.0000E+00
     495.500  3951.500     3.5484E-06
     496.500  3951.500     3.5422E-06
     497.500  3951.500     3.5077E-06
     498.500  3951.500     3.4458E-06
     499.500  3951.500     3.3457E-06
     500.500  3951.500     3.1753E-06
     501.500  3951.500     3.0042E-06
     502.500  3951.500     2.8457E-06
     503.500  3951.500     2.5943E-06
     504.500  3951.500     2.3816E-06
     505.500  3951.500     2.2008E-06
     506.500  3951.500     1.9628E-06
     507.500  3951.500     1.7098E-06
     508.500  3951.500     1.4649E-06
     509.500  3951.500     1.1820E-06
     510.500  3951.500     1.0299E-06
     511.500  3951.500     7.4929E-07
     512.500  3951.500     5.1639E-07
     513.500  3951.500     3.2369E-07
     514.500  3951.500     2.2842E-07
     515.500  3951.500     1.2920E-07
     516.500  3951.500     8.3930E-08
     517.500  3951.500     6.1527E-08
     518.500  3951.500     1.8854E-08
     519.500  3951.500     0.0000E+00
     520.500  3951.500     0.0000E+00
     521.500  3951.500     0.0000E+00
     522.500  3951.500     0.0000E+00
     523.500  3951.500     0.0000E+00
     524.500  3951.500     0.0000E+00
     525.500  3951.500     0.0000E+00
     526.500  3951.500     0.0000E+00
     527.500  3951.500     0.0000E+00
     528.500  3951.500     0.0000E+00
     529.500  3951.500     0.0000E+00
     530.500  3951.500     0.0000E+00
     531.500  3951.500     0.0000E+00
     532.500  3951.500     0.0000E+00
     533.500  3951.500     0.0000E+00
     534.500  3951.500     0.0000E+00
     535.500  3951.500     0.0000E+00
     536.500  3951.500     0.0000E+00
     537.500  3951.500     0.0000E+00
     538.500  3951.500     0.0000E+00
     539.500  3951.500     0.0000E+00
     540.500  3951.500     0.0000E+00
     541.500  3951.500     0.0000E+00
     542.500  3951.500     0.0000E+00
     543.500  3951.500     0.0000E+00
     544.500  3951.500     0.0000E+00
     495.500  3952.500     2.5443E-06
     496.500  3952.500     2.5396E-06
     497.500  3952.500     2.4956E-06
     498.500  3952.500     2.4517E-06
     499.500  3952.500     2.3894E-06
     500.500  3952.500     2.3104E-06
     501.500  3952.500     2.2163E-06
     502.500  3952.500     2.0407E-06
     503.500  3952.500     1.9061E-06
     504.500  3952.500     1.7208E-06
     505.500  3952.500     1.5111E-06
     506.500  3952.500     1.3286E-06
     507.500  3952.500     1.1149E-06
     508.500  3952.500     1.0019E-06
     509.500  3952.500     7.3961E-07
     510.500  3952.500     5.1885E-07
     511.500  3952.500     3.4349E-07
     512.500  3952.500     2.3854E-07
     513.500  3952.500     1.8783E-07
     514.500  3952.500     9.5611E-08
     515.500  3952.500     7.3099E-08
     516.500  3952.500     4.6800E-08
     517.500  3952.500     0.0000E+00
     518.500  3952.500     0.0000E+00
     519.500  3952.500     0.0000E+00
     520.500  3952.500     0.0000E+00
     521.500  3952.500     0.0000E+00
     522.500  3952.500     0.0000E+00
     523.500  3952.500     0.0000E+00
     524.500  3952.500     0.0000E+00
     525.500  3952.500     0.0000E+00
     526.500  3952.500     0.0000E+00
     527.500  3952.500     0.0000E+00
     528.500  3952.500     0.0000E+00
     529.500  3952.500     0.0000E+00
     530.500  3952.500     0.0000E+00
     531.500  3952.500     0.0000E+00
     532.500  3952.500     0.0000E+00
     533.500  3952.500     0.0000E+00
     534.500  3952.500     0.0000E+00
     535.500  3952.500     0.0000E+00
     536.500  3952.500     0.0000E+00
     537.500  3952.500     0.0000E+00
     538.500  3952.500     0.0000E+00
     539.500  3952.500     0.0000E+00
     540.500  3952.500     0.0000E+00
     541.500  3952.500     0.0000E+00
     542.500  3952.500     0.0000E+00
     543.500  3952.500     0.0000E+00
     544.500  3952.500     0.0000E+00
     495.500  3953.500     1.8783E-06
     496.500  3953.500     1.8749E-06
     497.500  3953.500     1.8567E-06
     498.500  3953.500     1.8051E-06
     499.500  3953.500     1.7057E-06
     500.500  3953.500     1.6433E-06
     501.500  3953.500     1.5070E-06
     502.500  3953.500     1.4346E-06
     503.500  3953.500     1.2507E-06
     504.500  3953.500     1.1158E-06
     505.500  3953.500     1.0269E-06
     506.500  3953.500     8.4831E-07
     507.500  3953.500     6.6404E-07
     508.500  3953.500     4.9758E-07
     509.500  3953.500     3.2993E-07
     510.500  3953.500     2.4002E-07
     511.500  3953.500     2.0331E-07
     512.500  3953.500     1.2442E-07
     513.500  3953.500     7.6682E-08
     514.500  3953.500     6.1952E-08
     515.500  3953.500     1.9613E-08
     516.500  3953.500     0.0000E+00
     517.500  3953.500     0.0000E+00
     518.500  3953.500     0.0000E+00
     519.500  3953.500     0.0000E+00
     520.500  3953.500     0.0000E+00
     521.500  3953.500     0.0000E+00
     522.500  3953.500     0.0000E+00
     523.500  3953.500     0.0000E+00
     524.500  3953.500     0.0000E+00
     525.500  3953.500     0.0000E+00
     526.500  3953.500     0.0000E+00
     527.500  3953.500     0.0000E+00
     528.500  3953.500     0.0000E+00
     529.500  3953.500     0.0000E+00
     530.500  3953.500     0.0000E+00
     531.500  3953.500     0.0000E+00
     532.500  3953.500     0.0000E+00
     533.500  3953.500     0.0000E+00
     534.500  3953.500     0.0000E+00
     535.500  3953.500     0.0000E+00
     536.500  3953.500     0.0000E+00
     537.500  3953.500     0.0000E+00
     538.500  3953.500     0.0000E+00
     539.500  3953.500     0.0000E+00
     540.500  3953.500     0.0000E+00
     541.500  3953.500     0.0000E+00
     542.500  3953.500     0.0000E+00
     543.500  3953.500     0.0000E+00
     544.500  3953.500     0.0000E+00
     495.500  3954.500     1.2337E-06
     496.500  3954.500     1.2315E-06
     497.500  3954.500     1.2196E-06
     498.500  3954.500     1.1984E-06
     499.500  3954.500     1.1116E-06
     500.500  3954.500     1.0644E-06
     501.500  3954.500     1.0156E-06
     502.500  3954.500     8.7884E-07
     503.500  3954.500     7.5147E-07
     504.500  3954.500     6.5550E-07
     505.500  3954.500     5.5177E-07
     506.500  3954.500     4.6852E-07
     507.500  3954.500     2.9252E-07
     508.500  3954.500     2.2704E-07
     509.500  3954.500     1.8925E-07
     510.500  3954.500     1.1857E-07
     511.500  3954.500     7.7559E-08
     512.500  3954.500     6.3680E-08
     513.500  3954.500     3.9942E-08
     514.500  3954.500     0.0000E+00
     515.500  3954.500     0.0000E+00
     516.500  3954.500     0.0000E+00
     517.500  3954.500     0.0000E+00
     518.500  3954.500     0.0000E+00
     519.500  3954.500     0.0000E+00
     520.500  3954.500     0.0000E+00
     521.500  3954.500     0.0000E+00
     522.500  3954.500     0.0000E+00
     523.500  3954.500     0.0000E+00
     524.500  3954.500     0.0000E+00
     525.500  3954.500     0.0000E+00
     526.500  3954.500     0.0000E+00
     527.500  3954.500     0.0000E+00
     528.500  3954.500     0.0000E+00
     529.500  3954.500     0.0000E+00
     530.500  3954.500     0.0000E+00
     531.500  3954.500     0.0000E+00
     532.500  3954.500     0.0000E+00
     533.500  3954.500     0.0000E+00
     534.500  3954.500     0.0000E+00
     535.500  3954.500     0.0000E+00
     536.500  3954.500     0.0000E+00
     537.500  3954.500     0.0000E+00
     538.500  3954.500     0.0000E+00
     539.500  3954.500     0.0000E+00
     540.500  3954.500     0.0000E+00
     541.500  3954.500     0.0000E+00
     542.500  3954.500     0.0000E+00
     543.500  3954.500     0.0000E+00
     544.500  3954.500     0.0000E+00
     523.642  3934.174     2.3149E-05
     533.661  3935.153     2.1716E-07
     534.934  3933.278     3.0163E-07
     537.941  3928.923     3.4022E-07
     539.209  3926.428     3.0771E-07
     530.687  3933.234     1.0138E-06
     528.743  3936.682     6.9140E-07
     529.379  3937.549     4.1039E-07
     527.900  3932.391     4.5179E-06
     529.626  3931.465     1.9233E-06
     530.937  3931.355     1.5192E-06
     534.513  3928.843     1.5945E-06
     530.716  3928.240     1.5267E-01
     527.755  3927.782     9.3363E-03
     530.426  3921.802     3.1652E+00
     528.551  3921.285     4.4897E+00
     529.374  3937.537     4.1169E-07
