        1   HOUR AVERAGE  CONCENTRATION VALUES AT EACH RECEPTOR  (ug/m**3)    

                   PM2.5         1

     RECEPTOR (x,y) km      VALUE
 
     495.500  3905.500     9.4684E-01
     496.500  3905.500     1.1530E+00
     497.500  3905.500     1.3722E+00
     498.500  3905.500     1.4960E+00
     499.500  3905.500     1.6862E+00
     500.500  3905.500     1.8996E+00
     501.500  3905.500     2.1138E+00
     502.500  3905.500     2.4900E+00
     503.500  3905.500     2.6990E+00
     504.500  3905.500     2.8132E+00
     505.500  3905.500     2.8835E+00
     506.500  3905.500     2.9081E+00
     507.500  3905.500     2.8760E+00
     508.500  3905.500     2.7534E+00
     509.500  3905.500     2.5168E+00
     510.500  3905.500     2.4688E+00
     511.500  3905.500     2.3371E+00
     512.500  3905.500     2.0943E+00
     513.500  3905.500     1.8281E+00
     514.500  3905.500     1.5635E+00
     515.500  3905.500     1.2594E+00
     516.500  3905.500     9.6193E-01
     517.500  3905.500     7.5259E-01
     518.500  3905.500     6.0168E-01
     519.500  3905.500     8.3952E-01
     520.500  3905.500     1.3123E+00
     521.500  3905.500     9.9264E-01
     522.500  3905.500     8.8216E-01
     523.500  3905.500     4.3608E-01
     524.500  3905.500     7.0969E-02
     525.500  3905.500     1.5440E-02
     526.500  3905.500     1.1085E-03
     527.500  3905.500     7.4007E-04
     528.500  3905.500     4.9619E-04
     529.500  3905.500     3.1061E-04
     530.500  3905.500     1.8407E-04
     531.500  3905.500     9.1501E-05
     532.500  3905.500     4.0179E-05
     533.500  3905.500     1.8611E-05
     534.500  3905.500     1.9455E-06
     535.500  3905.500     0.0000E+00
     536.500  3905.500     0.0000E+00
     537.500  3905.500     0.0000E+00
     538.500  3905.500     0.0000E+00
     539.500  3905.500     0.0000E+00
     540.500  3905.500     0.0000E+00
     541.500  3905.500     0.0000E+00
     542.500  3905.500     0.0000E+00
     543.500  3905.500     0.0000E+00
     544.500  3905.500     0.0000E+00
     495.500  3906.500     9.7515E-01
     496.500  3906.500     1.2333E+00
     497.500  3906.500     1.4409E+00
     498.500  3906.500     1.5947E+00
     499.500  3906.500     1.8949E+00
     500.500  3906.500     2.1341E+00
     501.500  3906.500     2.3857E+00
     502.500  3906.500     2.7820E+00
     503.500  3906.500     3.1914E+00
     504.500  3906.500     3.3872E+00
     505.500  3906.500     3.5659E+00
     506.500  3906.500     3.6972E+00
     507.500  3906.500     3.8024E+00
     508.500  3906.500     3.8526E+00
     509.500  3906.500     3.6091E+00
     510.500  3906.500     3.4516E+00
     511.500  3906.500     3.3353E+00
     512.500  3906.500     2.9515E+00
     513.500  3906.500     2.4987E+00
     514.500  3906.500     2.0580E+00
     515.500  3906.500     1.6063E+00
     516.500  3906.500     1.2283E+00
     517.500  3906.500     9.0030E-01
     518.500  3906.500     6.8088E-01
     519.500  3906.500     5.5688E-01
     520.500  3906.500     7.9754E-01
     521.500  3906.500     1.0203E+00
     522.500  3906.500     8.8691E-01
     523.500  3906.500     9.2138E-01
     524.500  3906.500     1.9337E-01
     525.500  3906.500     4.9188E-02
     526.500  3906.500     4.8650E-03
     527.500  3906.500     9.6996E-04
     528.500  3906.500     6.4903E-04
     529.500  3906.500     4.0927E-04
     530.500  3906.500     2.4396E-04
     531.500  3906.500     1.2296E-04
     532.500  3906.500     5.5805E-05
     533.500  3906.500     2.6868E-05
     534.500  3906.500     5.2417E-06
     535.500  3906.500     0.0000E+00
     536.500  3906.500     0.0000E+00
     537.500  3906.500     0.0000E+00
     538.500  3906.500     0.0000E+00
     539.500  3906.500     0.0000E+00
     540.500  3906.500     0.0000E+00
     541.500  3906.500     0.0000E+00
     542.500  3906.500     0.0000E+00
     543.500  3906.500     0.0000E+00
     544.500  3906.500     0.0000E+00
     495.500  3907.500     1.0158E+00
     496.500  3907.500     1.2136E+00
     497.500  3907.500     1.4209E+00
     498.500  3907.500     1.7587E+00
     499.500  3907.500     2.0280E+00
     500.500  3907.500     2.3278E+00
     501.500  3907.500     2.6158E+00
     502.500  3907.500     2.9518E+00
     503.500  3907.500     3.6091E+00
     504.500  3907.500     3.8932E+00
     505.500  3907.500     4.1482E+00
     506.500  3907.500     4.2535E+00
     507.500  3907.500     4.7433E+00
     508.500  3907.500     5.0470E+00
     509.500  3907.500     5.1821E+00
     510.500  3907.500     4.8610E+00
     511.500  3907.500     5.0182E+00
     512.500  3907.500     4.4633E+00
     513.500  3907.500     3.6705E+00
     514.500  3907.500     2.8293E+00
     515.500  3907.500     2.0754E+00
     516.500  3907.500     1.4921E+00
     517.500  3907.500     1.0621E+00
     518.500  3907.500     7.7460E-01
     519.500  3907.500     6.0029E-01
     520.500  3907.500     5.0398E-01
     521.500  3907.500     5.3485E-01
     522.500  3907.500     8.2946E-01
     523.500  3907.500     1.0644E+00
     524.500  3907.500     5.3149E-01
     525.500  3907.500     8.6946E-02
     526.500  3907.500     2.8385E-02
     527.500  3907.500     1.5419E-03
     528.500  3907.500     8.3043E-04
     529.500  3907.500     5.2376E-04
     530.500  3907.500     3.0377E-04
     531.500  3907.500     1.6050E-04
     532.500  3907.500     7.1221E-05
     533.500  3907.500     2.7604E-05
     534.500  3907.500     6.4457E-06
     535.500  3907.500     0.0000E+00
     536.500  3907.500     0.0000E+00
     537.500  3907.500     0.0000E+00
     538.500  3907.500     0.0000E+00
     539.500  3907.500     0.0000E+00
     540.500  3907.500     0.0000E+00
     541.500  3907.500     0.0000E+00
     542.500  3907.500     0.0000E+00
     543.500  3907.500     0.0000E+00
     544.500  3907.500     0.0000E+00
     495.500  3908.500     9.6099E-01
     496.500  3908.500     1.1851E+00
     497.500  3908.500     1.4729E+00
     498.500  3908.500     1.9846E+00
     499.500  3908.500     2.1094E+00
     500.500  3908.500     2.4244E+00
     501.500  3908.500     2.7641E+00
     502.500  3908.500     3.0906E+00
     503.500  3908.500     3.9010E+00
     504.500  3908.500     4.2240E+00
     505.500  3908.500     4.1900E+00
     506.500  3908.500     4.7116E+00
     507.500  3908.500     5.4062E+00
     508.500  3908.500     6.0099E+00
     509.500  3908.500     6.6522E+00
     510.500  3908.500     6.6530E+00
     511.500  3908.500     7.2961E+00
     512.500  3908.500     6.9321E+00
     513.500  3908.500     5.9824E+00
     514.500  3908.500     4.6179E+00
     515.500  3908.500     3.0695E+00
     516.500  3908.500     1.9191E+00
     517.500  3908.500     1.2276E+00
     518.500  3908.500     8.0508E-01
     519.500  3908.500     6.0015E-01
     520.500  3908.500     4.9955E-01
     521.500  3908.500     3.3758E-01
     522.500  3908.500     5.7265E-01
     523.500  3908.500     9.3578E-01
     524.500  3908.500     8.6220E-01
     525.500  3908.500     2.4257E-01
     526.500  3908.500     8.9103E-02
     527.500  3908.500     8.4297E-03
     528.500  3908.500     1.0426E-03
     529.500  3908.500     6.5771E-04
     530.500  3908.500     3.7263E-04
     531.500  3908.500     1.7855E-04
     532.500  3908.500     8.2432E-05
     533.500  3908.500     3.0882E-05
     534.500  3908.500     7.7194E-06
     535.500  3908.500     0.0000E+00
     536.500  3908.500     0.0000E+00
     537.500  3908.500     0.0000E+00
     538.500  3908.500     0.0000E+00
     539.500  3908.500     0.0000E+00
     540.500  3908.500     0.0000E+00
     541.500  3908.500     0.0000E+00
     542.500  3908.500     0.0000E+00
     543.500  3908.500     0.0000E+00
     544.500  3908.500     0.0000E+00
     495.500  3909.500     1.0190E+00
     496.500  3909.500     1.1684E+00
     497.500  3909.500     1.4262E+00
     498.500  3909.500     2.0446E+00
     499.500  3909.500     2.3404E+00
     500.500  3909.500     2.4706E+00
     501.500  3909.500     2.8247E+00
     502.500  3909.500     3.1910E+00
     503.500  3909.500     3.7628E+00
     504.500  3909.500     4.1391E+00
     505.500  3909.500     4.6903E+00
     506.500  3909.500     4.9981E+00
     507.500  3909.500     5.5155E+00
     508.500  3909.500     6.3365E+00
     509.500  3909.500     7.4495E+00
     510.500  3909.500     8.6273E+00
     511.500  3909.500     9.5910E+00
     512.500  3909.500     9.8649E+00
     513.500  3909.500     9.2375E+00
     514.500  3909.500     7.6761E+00
     515.500  3909.500     5.0394E+00
     516.500  3909.500     3.2690E+00
     517.500  3909.500     2.1869E+00
     518.500  3909.500     1.1241E+00
     519.500  3909.500     6.2354E-01
     520.500  3909.500     4.5893E-01
     521.500  3909.500     3.9188E-01
     522.500  3909.500     3.4946E-01
     523.500  3909.500     8.6047E-01
     524.500  3909.500     1.4959E+00
     525.500  3909.500     8.0762E-01
     526.500  3909.500     2.0284E-01
     527.500  3909.500     5.5661E-02
     528.500  3909.500     1.2837E-03
     529.500  3909.500     7.8381E-04
     530.500  3909.500     4.2898E-04
     531.500  3909.500     1.9600E-04
     532.500  3909.500     8.7938E-05
     533.500  3909.500     3.1143E-05
     534.500  3909.500     3.0577E-06
     535.500  3909.500     0.0000E+00
     536.500  3909.500     0.0000E+00
     537.500  3909.500     0.0000E+00
     538.500  3909.500     0.0000E+00
     539.500  3909.500     0.0000E+00
     540.500  3909.500     0.0000E+00
     541.500  3909.500     0.0000E+00
     542.500  3909.500     0.0000E+00
     543.500  3909.500     0.0000E+00
     544.500  3909.500     0.0000E+00
     495.500  3910.500     8.4225E-01
     496.500  3910.500     1.0403E+00
     497.500  3910.500     1.3295E+00
     498.500  3910.500     1.8763E+00
     499.500  3910.500     2.3675E+00
     500.500  3910.500     2.7637E+00
     501.500  3910.500     2.9080E+00
     502.500  3910.500     3.2482E+00
     503.500  3910.500     3.7559E+00
     504.500  3910.500     4.6148E+00
     505.500  3910.500     4.8607E+00
     506.500  3910.500     5.0478E+00
     507.500  3910.500     5.3584E+00
     508.500  3910.500     6.0353E+00
     509.500  3910.500     7.2385E+00
     510.500  3910.500     8.9417E+00
     511.500  3910.500     1.0692E+01
     512.500  3910.500     1.2006E+01
     513.500  3910.500     1.2290E+01
     514.500  3910.500     1.1410E+01
     515.500  3910.500     8.9684E+00
     516.500  3910.500     7.1248E+00
     517.500  3910.500     5.2828E+00
     518.500  3910.500     3.8972E+00
     519.500  3910.500     2.2647E+00
     520.500  3910.500     8.0298E-01
     521.500  3910.500     3.9479E-01
     522.500  3910.500     3.6436E-01
     523.500  3910.500     2.6793E-01
     524.500  3910.500     8.1638E-01
     525.500  3910.500     1.3868E+00
     526.500  3910.500     1.0397E+00
     527.500  3910.500     1.4339E-01
     528.500  3910.500     1.1384E-02
     529.500  3910.500     8.9183E-04
     530.500  3910.500     4.6121E-04
     531.500  3910.500     1.9979E-04
     532.500  3910.500     7.5194E-05
     533.500  3910.500     2.2348E-05
     534.500  3910.500     0.0000E+00
     535.500  3910.500     0.0000E+00
     536.500  3910.500     0.0000E+00
     537.500  3910.500     0.0000E+00
     538.500  3910.500     0.0000E+00
     539.500  3910.500     0.0000E+00
     540.500  3910.500     0.0000E+00
     541.500  3910.500     0.0000E+00
     542.500  3910.500     0.0000E+00
     543.500  3910.500     0.0000E+00
     544.500  3910.500     0.0000E+00
     495.500  3911.500     8.6019E-01
     496.500  3911.500     1.0259E+00
     497.500  3911.500     1.1915E+00
     498.500  3911.500     1.4754E+00
     499.500  3911.500     2.0693E+00
     500.500  3911.500     2.6417E+00
     501.500  3911.500     2.9490E+00
     502.500  3911.500     3.2718E+00
     503.500  3911.500     3.7635E+00
     504.500  3911.500     4.6863E+00
     505.500  3911.500     5.3759E+00
     506.500  3911.500     5.6995E+00
     507.500  3911.500     5.8670E+00
     508.500  3911.500     6.1513E+00
     509.500  3911.500     6.8841E+00
     510.500  3911.500     8.2356E+00
     511.500  3911.500     1.0209E+01
     512.500  3911.500     1.2089E+01
     513.500  3911.500     1.3056E+01
     514.500  3911.500     1.2860E+01
     515.500  3911.500     1.1827E+01
     516.500  3911.500     9.7493E+00
     517.500  3911.500     7.8214E+00
     518.500  3911.500     6.7068E+00
     519.500  3911.500     5.9659E+00
     520.500  3911.500     4.4167E+00
     521.500  3911.500     1.5120E+00
     522.500  3911.500     3.4142E-01
     523.500  3911.500     2.6561E-01
     524.500  3911.500     3.6622E-01
     525.500  3911.500     1.6599E+00
     526.500  3911.500     1.2376E+00
     527.500  3911.500     4.2283E-01
     528.500  3911.500     9.6799E-02
     529.500  3911.500     9.5138E-04
     530.500  3911.500     4.5395E-04
     531.500  3911.500     1.8017E-04
     532.500  3911.500     6.0657E-05
     533.500  3911.500     1.1244E-05
     534.500  3911.500     0.0000E+00
     535.500  3911.500     0.0000E+00
     536.500  3911.500     0.0000E+00
     537.500  3911.500     0.0000E+00
     538.500  3911.500     0.0000E+00
     539.500  3911.500     0.0000E+00
     540.500  3911.500     0.0000E+00
     541.500  3911.500     0.0000E+00
     542.500  3911.500     0.0000E+00
     543.500  3911.500     0.0000E+00
     544.500  3911.500     0.0000E+00
     495.500  3912.500     8.4668E-01
     496.500  3912.500     1.0600E+00
     497.500  3912.500     1.0790E+00
     498.500  3912.500     1.2971E+00
     499.500  3912.500     1.8273E+00
     500.500  3912.500     2.3926E+00
     501.500  3912.500     2.8706E+00
     502.500  3912.500     3.2433E+00
     503.500  3912.500     3.6701E+00
     504.500  3912.500     4.8923E+00
     505.500  3912.500     6.1550E+00
     506.500  3912.500     7.0295E+00
     507.500  3912.500     7.7661E+00
     508.500  3912.500     8.3012E+00
     509.500  3912.500     8.6149E+00
     510.500  3912.500     8.8777E+00
     511.500  3912.500     9.8320E+00
     512.500  3912.500     1.1511E+01
     513.500  3912.500     1.2572E+01
     514.500  3912.500     1.1772E+01
     515.500  3912.500     1.0151E+01
     516.500  3912.500     8.1359E+00
     517.500  3912.500     6.8821E+00
     518.500  3912.500     6.9620E+00
     519.500  3912.500     7.3874E+00
     520.500  3912.500     7.4514E+00
     521.500  3912.500     6.9474E+00
     522.500  3912.500     1.6306E+00
     523.500  3912.500     3.6314E-01
     524.500  3912.500     3.4287E-01
     525.500  3912.500     8.0245E-01
     526.500  3912.500     1.5501E+00
     527.500  3912.500     1.3617E+00
     528.500  3912.500     1.6505E-01
     529.500  3912.500     8.1354E-03
     530.500  3912.500     3.9998E-04
     531.500  3912.500     1.4556E-04
     532.500  3912.500     3.2214E-05
     533.500  3912.500     0.0000E+00
     534.500  3912.500     0.0000E+00
     535.500  3912.500     0.0000E+00
     536.500  3912.500     0.0000E+00
     537.500  3912.500     0.0000E+00
     538.500  3912.500     0.0000E+00
     539.500  3912.500     0.0000E+00
     540.500  3912.500     0.0000E+00
     541.500  3912.500     0.0000E+00
     542.500  3912.500     0.0000E+00
     543.500  3912.500     0.0000E+00
     544.500  3912.500     0.0000E+00
     495.500  3913.500     7.5766E-01
     496.500  3913.500     9.3050E-01
     497.500  3913.500     9.7073E-01
     498.500  3913.500     1.1712E+00
     499.500  3913.500     1.5599E+00
     500.500  3913.500     2.0490E+00
     501.500  3913.500     2.4173E+00
     502.500  3913.500     2.7424E+00
     503.500  3913.500     3.2538E+00
     504.500  3913.500     4.2940E+00
     505.500  3913.500     5.6625E+00
     506.500  3913.500     7.2366E+00
     507.500  3913.500     9.1670E+00
     508.500  3913.500     1.0962E+01
     509.500  3913.500     1.2880E+01
     510.500  3913.500     1.4012E+01
     511.500  3913.500     1.3936E+01
     512.500  3913.500     1.5144E+01
     513.500  3913.500     1.5115E+01
     514.500  3913.500     1.2771E+01
     515.500  3913.500     1.1013E+01
     516.500  3913.500     6.6717E+00
     517.500  3913.500     2.8714E+00
     518.500  3913.500     2.9163E+00
     519.500  3913.500     4.8300E+00
     520.500  3913.500     7.3523E+00
     521.500  3913.500     8.4392E+00
     522.500  3913.500     5.5087E+00
     523.500  3913.500     2.4839E+00
     524.500  3913.500     4.2207E-01
     525.500  3913.500     4.3928E-01
     526.500  3913.500     1.4503E+00
     527.500  3913.500     1.3581E+00
     528.500  3913.500     7.9920E-01
     529.500  3913.500     1.2909E-01
     530.500  3913.500     3.0122E-04
     531.500  3913.500     8.7621E-05
     532.500  3913.500     0.0000E+00
     533.500  3913.500     0.0000E+00
     534.500  3913.500     0.0000E+00
     535.500  3913.500     0.0000E+00
     536.500  3913.500     0.0000E+00
     537.500  3913.500     0.0000E+00
     538.500  3913.500     0.0000E+00
     539.500  3913.500     0.0000E+00
     540.500  3913.500     0.0000E+00
     541.500  3913.500     0.0000E+00
     542.500  3913.500     0.0000E+00
     543.500  3913.500     0.0000E+00
     544.500  3913.500     0.0000E+00
     495.500  3914.500     6.6253E-01
     496.500  3914.500     8.0927E-01
     497.500  3914.500     9.7404E-01
     498.500  3914.500     1.1616E+00
     499.500  3914.500     1.4062E+00
     500.500  3914.500     1.6902E+00
     501.500  3914.500     1.8456E+00
     502.500  3914.500     2.0511E+00
     503.500  3914.500     2.6878E+00
     504.500  3914.500     3.1930E+00
     505.500  3914.500     4.3104E+00
     506.500  3914.500     5.5715E+00
     507.500  3914.500     7.1482E+00
     508.500  3914.500     8.8453E+00
     509.500  3914.500     1.1365E+01
     510.500  3914.500     1.5455E+01
     511.500  3914.500     1.9546E+01
     512.500  3914.500     2.2114E+01
     513.500  3914.500     2.6629E+01
     514.500  3914.500     2.0122E+01
     515.500  3914.500     1.4016E+01
     516.500  3914.500     9.4454E+00
     517.500  3914.500     2.8030E+00
     518.500  3914.500     3.6390E+00
     519.500  3914.500     5.1337E+00
     520.500  3914.500     6.9702E+00
     521.500  3914.500     1.0154E+01
     522.500  3914.500     8.4477E+00
     523.500  3914.500     7.2219E+00
     524.500  3914.500     2.9648E+00
     525.500  3914.500     4.7687E-01
     526.500  3914.500     5.9121E-01
     527.500  3914.500     2.0366E+00
     528.500  3914.500     7.0016E+00
     529.500  3914.500     2.3610E-01
     530.500  3914.500     1.4669E-03
     531.500  3914.500     2.2580E-05
     532.500  3914.500     0.0000E+00
     533.500  3914.500     0.0000E+00
     534.500  3914.500     0.0000E+00
     535.500  3914.500     0.0000E+00
     536.500  3914.500     0.0000E+00
     537.500  3914.500     0.0000E+00
     538.500  3914.500     0.0000E+00
     539.500  3914.500     0.0000E+00
     540.500  3914.500     0.0000E+00
     541.500  3914.500     0.0000E+00
     542.500  3914.500     0.0000E+00
     543.500  3914.500     0.0000E+00
     544.500  3914.500     0.0000E+00
     495.500  3915.500     5.7729E-01
     496.500  3915.500     7.0070E-01
     497.500  3915.500     8.4105E-01
     498.500  3915.500     1.0013E+00
     499.500  3915.500     1.1806E+00
     500.500  3915.500     1.3867E+00
     501.500  3915.500     1.4271E+00
     502.500  3915.500     1.6332E+00
     503.500  3915.500     1.9681E+00
     504.500  3915.500     2.0529E+00
     505.500  3915.500     2.7104E+00
     506.500  3915.500     3.3807E+00
     507.500  3915.500     3.8136E+00
     508.500  3915.500     4.1768E+00
     509.500  3915.500     4.6836E+00
     510.500  3915.500     5.6522E+00
     511.500  3915.500     9.8120E+00
     512.500  3915.500     1.7336E+01
     513.500  3915.500     2.4718E+01
     514.500  3915.500     2.9413E+01
     515.500  3915.500     2.5430E+01
     516.500  3915.500     1.5427E+01
     517.500  3915.500     9.5723E+00
     518.500  3915.500     8.7479E+00
     519.500  3915.500     9.0564E+00
     520.500  3915.500     1.4000E+01
     521.500  3915.500     1.1440E+01
     522.500  3915.500     2.0941E+01
     523.500  3915.500     1.0486E+01
     524.500  3915.500     1.0997E+01
     525.500  3915.500     2.9763E+00
     526.500  3915.500     7.0191E-01
     527.500  3915.500     8.4305E-01
     528.500  3915.500     3.3651E+00
     529.500  3915.500     1.8400E-01
     530.500  3915.500     1.0900E-01
     531.500  3915.500     0.0000E+00
     532.500  3915.500     0.0000E+00
     533.500  3915.500     0.0000E+00
     534.500  3915.500     0.0000E+00
     535.500  3915.500     0.0000E+00
     536.500  3915.500     0.0000E+00
     537.500  3915.500     0.0000E+00
     538.500  3915.500     0.0000E+00
     539.500  3915.500     0.0000E+00
     540.500  3915.500     0.0000E+00
     541.500  3915.500     0.0000E+00
     542.500  3915.500     0.0000E+00
     543.500  3915.500     0.0000E+00
     544.500  3915.500     0.0000E+00
     495.500  3916.500     4.9910E-01
     496.500  3916.500     6.0910E-01
     497.500  3916.500     7.2826E-01
     498.500  3916.500     8.6029E-01
     499.500  3916.500     1.0052E+00
     500.500  3916.500     1.1053E+00
     501.500  3916.500     1.1264E+00
     502.500  3916.500     1.4934E+00
     503.500  3916.500     1.5341E+00
     504.500  3916.500     1.4021E+00
     505.500  3916.500     1.5683E+00
     506.500  3916.500     1.8856E+00
     507.500  3916.500     2.1058E+00
     508.500  3916.500     2.2457E+00
     509.500  3916.500     2.4367E+00
     510.500  3916.500     2.7745E+00
     511.500  3916.500     3.4302E+00
     512.500  3916.500     5.9259E+00
     513.500  3916.500     1.3636E+01
     514.500  3916.500     2.1448E+01
     515.500  3916.500     3.0509E+01
     516.500  3916.500     2.6605E+01
     517.500  3916.500     1.7571E+01
     518.500  3916.500     1.5146E+01
     519.500  3916.500     1.1197E+01
     520.500  3916.500     1.1581E+01
     521.500  3916.500     1.5420E+01
     522.500  3916.500     2.5160E+01
     523.500  3916.500     1.6744E+01
     524.500  3916.500     1.2671E+01
     525.500  3916.500     1.0644E+01
     526.500  3916.500     1.1144E+00
     527.500  3916.500     7.6796E-01
     528.500  3916.500     1.3252E+00
     529.500  3916.500     1.2832E+01
     530.500  3916.500     3.1515E-01
     531.500  3916.500     0.0000E+00
     532.500  3916.500     0.0000E+00
     533.500  3916.500     0.0000E+00
     534.500  3916.500     0.0000E+00
     535.500  3916.500     0.0000E+00
     536.500  3916.500     0.0000E+00
     537.500  3916.500     0.0000E+00
     538.500  3916.500     0.0000E+00
     539.500  3916.500     0.0000E+00
     540.500  3916.500     0.0000E+00
     541.500  3916.500     0.0000E+00
     542.500  3916.500     0.0000E+00
     543.500  3916.500     0.0000E+00
     544.500  3916.500     0.0000E+00
     495.500  3917.500     4.3027E-01
     496.500  3917.500     5.2166E-01
     497.500  3917.500     6.2378E-01
     498.500  3917.500     7.3640E-01
     499.500  3917.500     8.5776E-01
     500.500  3917.500     9.4885E-01
     501.500  3917.500     1.1257E+00
     502.500  3917.500     1.2648E+00
     503.500  3917.500     1.3446E+00
     504.500  3917.500     1.1622E+00
     505.500  3917.500     1.1264E+00
     506.500  3917.500     1.5414E+00
     507.500  3917.500     1.6452E+00
     508.500  3917.500     1.6515E+00
     509.500  3917.500     1.7182E+00
     510.500  3917.500     1.8679E+00
     511.500  3917.500     2.1604E+00
     512.500  3917.500     2.7751E+00
     513.500  3917.500     3.7184E+00
     514.500  3917.500     8.6950E+00
     515.500  3917.500     1.6594E+01
     516.500  3917.500     2.9245E+01
     517.500  3917.500     3.1224E+01
     518.500  3917.500     1.9109E+01
     519.500  3917.500     1.7259E+01
     520.500  3917.500     1.4152E+01
     521.500  3917.500     1.9074E+01
     522.500  3917.500     1.5155E+01
     523.500  3917.500     3.7105E+01
     524.500  3917.500     1.3776E+01
     525.500  3917.500     9.7128E+00
     526.500  3917.500     3.5816E+00
     527.500  3917.500     5.4903E-01
     528.500  3917.500     3.8075E-01
     529.500  3917.500     4.1018E-01
     530.500  3917.500     2.3741E-01
     531.500  3917.500     0.0000E+00
     532.500  3917.500     0.0000E+00
     533.500  3917.500     0.0000E+00
     534.500  3917.500     0.0000E+00
     535.500  3917.500     0.0000E+00
     536.500  3917.500     0.0000E+00
     537.500  3917.500     0.0000E+00
     538.500  3917.500     0.0000E+00
     539.500  3917.500     0.0000E+00
     540.500  3917.500     0.0000E+00
     541.500  3917.500     0.0000E+00
     542.500  3917.500     0.0000E+00
     543.500  3917.500     0.0000E+00
     544.500  3917.500     0.0000E+00
     495.500  3918.500     3.5930E-01
     496.500  3918.500     4.3522E-01
     497.500  3918.500     5.2076E-01
     498.500  3918.500     6.1558E-01
     499.500  3918.500     7.2207E-01
     500.500  3918.500     8.3878E-01
     501.500  3918.500     9.6698E-01
     502.500  3918.500     1.1052E+00
     503.500  3918.500     1.1384E+00
     504.500  3918.500     1.0015E+00
     505.500  3918.500     9.3693E-01
     506.500  3918.500     1.2875E+00
     507.500  3918.500     1.4313E+00
     508.500  3918.500     1.3343E+00
     509.500  3918.500     1.2327E+00
     510.500  3918.500     1.1939E+00
     511.500  3918.500     1.2087E+00
     512.500  3918.500     1.4183E+00
     513.500  3918.500     1.8232E+00
     514.500  3918.500     1.7001E+00
     515.500  3918.500     2.8455E+00
     516.500  3918.500     6.2809E+00
     517.500  3918.500     1.9789E+01
     518.500  3918.500     3.1343E+01
     519.500  3918.500     2.3822E+01
     520.500  3918.500     2.3075E+01
     521.500  3918.500     2.1712E+01
     522.500  3918.500     2.3197E+01
     523.500  3918.500     3.4588E+01
     524.500  3918.500     3.2801E+01
     525.500  3918.500     4.5633E+00
     526.500  3918.500     2.4977E+00
     527.500  3918.500     1.5105E+00
     528.500  3918.500     3.2463E-01
     529.500  3918.500     2.4851E-01
     530.500  3918.500     5.3323E+00
     531.500  3918.500     0.0000E+00
     532.500  3918.500     0.0000E+00
     533.500  3918.500     0.0000E+00
     534.500  3918.500     0.0000E+00
     535.500  3918.500     0.0000E+00
     536.500  3918.500     0.0000E+00
     537.500  3918.500     0.0000E+00
     538.500  3918.500     0.0000E+00
     539.500  3918.500     0.0000E+00
     540.500  3918.500     0.0000E+00
     541.500  3918.500     0.0000E+00
     542.500  3918.500     0.0000E+00
     543.500  3918.500     0.0000E+00
     544.500  3918.500     0.0000E+00
     495.500  3919.500     2.8806E-01
     496.500  3919.500     3.4646E-01
     497.500  3919.500     4.1290E-01
     498.500  3919.500     4.8847E-01
     499.500  3919.500     5.7186E-01
     500.500  3919.500     6.6946E-01
     501.500  3919.500     7.8254E-01
     502.500  3919.500     9.1408E-01
     503.500  3919.500     1.0197E+00
     504.500  3919.500     9.1302E-01
     505.500  3919.500     7.4764E-01
     506.500  3919.500     1.1723E+00
     507.500  3919.500     1.3706E+00
     508.500  3919.500     1.3244E+00
     509.500  3919.500     1.2352E+00
     510.500  3919.500     1.1023E+00
     511.500  3919.500     9.2316E-01
     512.500  3919.500     8.5356E-01
     513.500  3919.500     9.5660E-01
     514.500  3919.500     9.5316E-01
     515.500  3919.500     9.1187E-01
     516.500  3919.500     1.1439E+00
     517.500  3919.500     2.2606E+00
     518.500  3919.500     3.9636E+00
     519.500  3919.500     1.0016E+01
     520.500  3919.500     1.4427E+01
     521.500  3919.500     2.3833E+01
     522.500  3919.500     2.9633E+01
     523.500  3919.500     2.3793E+01
     524.500  3919.500     2.5817E+01
     525.500  3919.500     1.7562E+01
     526.500  3919.500     1.6941E+00
     527.500  3919.500     4.4403E+00
     528.500  3919.500     1.3746E+00
     529.500  3919.500     3.1853E-01
     530.500  3919.500     1.6117E-01
     531.500  3919.500     1.5897E+00
     532.500  3919.500     0.0000E+00
     533.500  3919.500     0.0000E+00
     534.500  3919.500     0.0000E+00
     535.500  3919.500     0.0000E+00
     536.500  3919.500     0.0000E+00
     537.500  3919.500     0.0000E+00
     538.500  3919.500     0.0000E+00
     539.500  3919.500     0.0000E+00
     540.500  3919.500     0.0000E+00
     541.500  3919.500     0.0000E+00
     542.500  3919.500     0.0000E+00
     543.500  3919.500     0.0000E+00
     544.500  3919.500     0.0000E+00
     495.500  3920.500     1.9606E-01
     496.500  3920.500     2.6284E-01
     497.500  3920.500     3.0926E-01
     498.500  3920.500     3.6056E-01
     499.500  3920.500     4.1699E-01
     500.500  3920.500     4.8685E-01
     501.500  3920.500     5.7529E-01
     502.500  3920.500     6.8548E-01
     503.500  3920.500     8.1702E-01
     504.500  3920.500     6.1042E-01
     505.500  3920.500     5.6126E-01
     506.500  3920.500     8.4877E-01
     507.500  3920.500     1.2332E+00
     508.500  3920.500     1.2403E+00
     509.500  3920.500     1.2679E+00
     510.500  3920.500     1.3365E+00
     511.500  3920.500     1.4198E+00
     512.500  3920.500     1.0862E+00
     513.500  3920.500     7.5693E-01
     514.500  3920.500     6.0769E-01
     515.500  3920.500     6.2101E-01
     516.500  3920.500     4.2561E-01
     517.500  3920.500     7.5285E-01
     518.500  3920.500     1.2248E+00
     519.500  3920.500     1.4156E+00
     520.500  3920.500     2.1616E+00
     521.500  3920.500     2.2424E+00
     522.500  3920.500     6.7347E+00
     523.500  3920.500     1.4903E+01
     524.500  3920.500     3.1254E+01
     525.500  3920.500     3.3642E+01
     526.500  3920.500     1.6119E+01
     527.500  3920.500     3.8418E+00
     528.500  3920.500     6.7771E+00
     529.500  3920.500     5.0022E-01
     530.500  3920.500     6.6096E-02
     531.500  3920.500     3.3317E-03
     532.500  3920.500     0.0000E+00
     533.500  3920.500     0.0000E+00
     534.500  3920.500     0.0000E+00
     535.500  3920.500     0.0000E+00
     536.500  3920.500     0.0000E+00
     537.500  3920.500     0.0000E+00
     538.500  3920.500     0.0000E+00
     539.500  3920.500     0.0000E+00
     540.500  3920.500     0.0000E+00
     541.500  3920.500     0.0000E+00
     542.500  3920.500     0.0000E+00
     543.500  3920.500     0.0000E+00
     544.500  3920.500     0.0000E+00
     495.500  3921.500     1.5647E-01
     496.500  3921.500     1.8725E-01
     497.500  3921.500     2.1442E-01
     498.500  3921.500     2.4303E-01
     499.500  3921.500     2.7555E-01
     500.500  3921.500     3.1717E-01
     501.500  3921.500     3.7204E-01
     502.500  3921.500     4.4782E-01
     503.500  3921.500     4.8006E-01
     504.500  3921.500     3.8624E-01
     505.500  3921.500     4.6639E-01
     506.500  3921.500     4.5031E-01
     507.500  3921.500     9.5418E-01
     508.500  3921.500     9.6646E-01
     509.500  3921.500     8.5768E-01
     510.500  3921.500     7.7503E-01
     511.500  3921.500     7.7090E-01
     512.500  3921.500     8.4066E-01
     513.500  3921.500     7.0085E-01
     514.500  3921.500     3.2637E-01
     515.500  3921.500     2.2576E-01
     516.500  3921.500     1.5642E-01
     517.500  3921.500     9.5588E-02
     518.500  3921.500     2.8809E-01
     519.500  3921.500     5.1851E-01
     520.500  3921.500     6.3896E-01
     521.500  3921.500     3.9465E-01
     522.500  3921.500     7.2170E-01
     523.500  3921.500     1.1020E+00
     524.500  3921.500     1.9755E+01
     525.500  3921.500     4.0509E+01
     526.500  3921.500     3.8714E+01
     527.500  3921.500     2.8978E-01
     528.500  3921.500     4.6455E+00
     529.500  3921.500     5.7582E+00
     530.500  3921.500     2.3540E-01
     531.500  3921.500     2.9491E-02
     532.500  3921.500     0.0000E+00
     533.500  3921.500     0.0000E+00
     534.500  3921.500     0.0000E+00
     535.500  3921.500     0.0000E+00
     536.500  3921.500     0.0000E+00
     537.500  3921.500     0.0000E+00
     538.500  3921.500     0.0000E+00
     539.500  3921.500     0.0000E+00
     540.500  3921.500     0.0000E+00
     541.500  3921.500     0.0000E+00
     542.500  3921.500     0.0000E+00
     543.500  3921.500     0.0000E+00
     544.500  3921.500     0.0000E+00
     495.500  3922.500     1.0974E-01
     496.500  3922.500     1.2504E-01
     497.500  3922.500     1.3866E-01
     498.500  3922.500     1.5283E-01
     499.500  3922.500     1.6709E-01
     500.500  3922.500     1.8451E-01
     501.500  3922.500     2.0399E-01
     502.500  3922.500     2.0554E-01
     503.500  3922.500     2.1765E-01
     504.500  3922.500     2.9330E-01
     505.500  3922.500     3.8721E-01
     506.500  3922.500     2.3795E-01
     507.500  3922.500     4.4136E-01
     508.500  3922.500     9.1051E-01
     509.500  3922.500     1.2549E+00
     510.500  3922.500     1.1981E+00
     511.500  3922.500     1.1762E+00
     512.500  3922.500     1.2045E+00
     513.500  3922.500     1.0475E+00
     514.500  3922.500     6.1510E-01
     515.500  3922.500     1.2026E-01
     516.500  3922.500     7.5213E-02
     517.500  3922.500     2.8343E-02
     518.500  3922.500     1.6525E-02
     519.500  3922.500     1.7313E-02
     520.500  3922.500     9.0273E-02
     521.500  3922.500     3.9529E-01
     522.500  3922.500     5.2704E-01
     523.500  3922.500     1.3576E+00
     524.500  3922.500     1.2010E+00
     525.500  3922.500     4.8807E+01
     526.500  3922.500     3.3431E+01
     527.500  3922.500     7.1427E+00
     528.500  3922.500     6.8329E-01
     529.500  3922.500     6.5125E+00
     530.500  3922.500     5.3350E-01
     531.500  3922.500     7.2687E-02
     532.500  3922.500     0.0000E+00
     533.500  3922.500     0.0000E+00
     534.500  3922.500     0.0000E+00
     535.500  3922.500     0.0000E+00
     536.500  3922.500     0.0000E+00
     537.500  3922.500     0.0000E+00
     538.500  3922.500     0.0000E+00
     539.500  3922.500     0.0000E+00
     540.500  3922.500     0.0000E+00
     541.500  3922.500     0.0000E+00
     542.500  3922.500     0.0000E+00
     543.500  3922.500     0.0000E+00
     544.500  3922.500     0.0000E+00
     495.500  3923.500     7.3036E-02
     496.500  3923.500     8.0550E-02
     497.500  3923.500     8.6333E-02
     498.500  3923.500     9.0454E-02
     499.500  3923.500     9.2256E-02
     500.500  3923.500     9.5996E-02
     501.500  3923.500     1.0142E-01
     502.500  3923.500     1.1803E-01
     503.500  3923.500     1.2674E-01
     504.500  3923.500     1.9221E-01
     505.500  3923.500     2.5090E-01
     506.500  3923.500     1.5032E-01
     507.500  3923.500     2.0780E-01
     508.500  3923.500     8.9422E-01
     509.500  3923.500     1.3982E+00
     510.500  3923.500     2.1065E+00
     511.500  3923.500     2.7054E+00
     512.500  3923.500     3.3789E+00
     513.500  3923.500     4.1344E+00
     514.500  3923.500     4.1992E+00
     515.500  3923.500     6.4636E-01
     516.500  3923.500     3.8596E-01
     517.500  3923.500     2.5502E-01
     518.500  3923.500     4.0684E-02
     519.500  3923.500     1.3109E-02
     520.500  3923.500     1.6894E-03
     521.500  3923.500     1.9492E-03
     522.500  3923.500     1.5837E-01
     523.500  3923.500     6.4090E-01
     524.500  3923.500     1.0848E+00
     525.500  3923.500     9.5742E-01
     526.500  3923.500     2.0550E+01
     527.500  3923.500     1.5503E+02
     528.500  3923.500     3.9141E-01
     529.500  3923.500     4.7624E-01
     530.500  3923.500     5.5842E+00
     531.500  3923.500     1.0716E-01
     532.500  3923.500     0.0000E+00
     533.500  3923.500     0.0000E+00
     534.500  3923.500     0.0000E+00
     535.500  3923.500     0.0000E+00
     536.500  3923.500     0.0000E+00
     537.500  3923.500     0.0000E+00
     538.500  3923.500     0.0000E+00
     539.500  3923.500     0.0000E+00
     540.500  3923.500     0.0000E+00
     541.500  3923.500     0.0000E+00
     542.500  3923.500     0.0000E+00
     543.500  3923.500     0.0000E+00
     544.500  3923.500     0.0000E+00
     495.500  3924.500     4.6597E-02
     496.500  3924.500     4.9918E-02
     497.500  3924.500     5.1740E-02
     498.500  3924.500     5.2808E-02
     499.500  3924.500     5.3407E-02
     500.500  3924.500     5.2425E-02
     501.500  3924.500     5.2541E-02
     502.500  3924.500     5.5306E-02
     503.500  3924.500     6.3730E-02
     504.500  3924.500     8.0990E-02
     505.500  3924.500     1.1108E-01
     506.500  3924.500     9.6002E-02
     507.500  3924.500     8.1727E-02
     508.500  3924.500     2.3551E-01
     509.500  3924.500     4.0542E-01
     510.500  3924.500     3.9912E-01
     511.500  3924.500     4.4474E-01
     512.500  3924.500     5.4222E-01
     513.500  3924.500     6.9150E-01
     514.500  3924.500     8.8489E-01
     515.500  3924.500     3.2606E-01
     516.500  3924.500     8.6096E-01
     517.500  3924.500     1.2916E+00
     518.500  3924.500     4.6330E-01
     519.500  3924.500     1.9725E-01
     520.500  3924.500     3.5955E-01
     521.500  3924.500     2.9249E-01
     522.500  3924.500     1.8673E-03
     523.500  3924.500     1.3793E-03
     524.500  3924.500     7.0616E-02
     525.500  3924.500     3.6299E-01
     526.500  3924.500     5.4436E+00
     527.500  3924.500     5.3577E+01
     528.500  3924.500     2.2452E-01
     529.500  3924.500     2.1446E-01
     530.500  3924.500     5.4328E-01
     531.500  3924.500     5.5767E-01
     532.500  3924.500     1.4182E-04
     533.500  3924.500     0.0000E+00
     534.500  3924.500     0.0000E+00
     535.500  3924.500     0.0000E+00
     536.500  3924.500     0.0000E+00
     537.500  3924.500     0.0000E+00
     538.500  3924.500     0.0000E+00
     539.500  3924.500     0.0000E+00
     540.500  3924.500     0.0000E+00
     541.500  3924.500     0.0000E+00
     542.500  3924.500     0.0000E+00
     543.500  3924.500     0.0000E+00
     544.500  3924.500     0.0000E+00
     495.500  3925.500     2.9302E-02
     496.500  3925.500     3.1277E-02
     497.500  3925.500     3.1729E-02
     498.500  3925.500     3.0492E-02
     499.500  3925.500     2.9662E-02
     500.500  3925.500     2.8779E-02
     501.500  3925.500     2.7796E-02
     502.500  3925.500     2.8075E-02
     503.500  3925.500     2.9329E-02
     504.500  3925.500     3.2002E-02
     505.500  3925.500     3.9222E-02
     506.500  3925.500     4.5682E-02
     507.500  3925.500     2.8492E-02
     508.500  3925.500     4.4767E-02
     509.500  3925.500     4.2958E-02
     510.500  3925.500     3.0498E-02
     511.500  3925.500     2.5291E-02
     512.500  3925.500     1.2440E-02
     513.500  3925.500     6.4516E-03
     514.500  3925.500     5.2390E-03
     515.500  3925.500     7.1693E-03
     516.500  3925.500     4.5517E-02
     517.500  3925.500     1.9884E-01
     518.500  3925.500     6.3254E-01
     519.500  3925.500     2.0350E-01
     520.500  3925.500     1.7507E-01
     521.500  3925.500     1.6462E-01
     522.500  3925.500     1.0680E-01
     523.500  3925.500     3.6847E-02
     524.500  3925.500     1.4067E-03
     525.500  3925.500     1.2367E-02
     526.500  3925.500     2.1186E-01
     527.500  3925.500     1.5129E+01
     528.500  3925.500     2.4977E-01
     529.500  3925.500     1.8950E-01
     530.500  3925.500     1.5236E-01
     531.500  3925.500     5.7770E-01
     532.500  3925.500     6.2227E-05
     533.500  3925.500     2.6668E-05
     534.500  3925.500     0.0000E+00
     535.500  3925.500     0.0000E+00
     536.500  3925.500     0.0000E+00
     537.500  3925.500     0.0000E+00
     538.500  3925.500     0.0000E+00
     539.500  3925.500     0.0000E+00
     540.500  3925.500     0.0000E+00
     541.500  3925.500     0.0000E+00
     542.500  3925.500     0.0000E+00
     543.500  3925.500     0.0000E+00
     544.500  3925.500     0.0000E+00
     495.500  3926.500     1.8034E-02
     496.500  3926.500     1.8748E-02
     497.500  3926.500     1.8919E-02
     498.500  3926.500     1.8959E-02
     499.500  3926.500     1.7826E-02
     500.500  3926.500     1.7329E-02
     501.500  3926.500     1.6101E-02
     502.500  3926.500     1.4842E-02
     503.500  3926.500     1.3219E-02
     504.500  3926.500     1.1495E-02
     505.500  3926.500     1.0654E-02
     506.500  3926.500     9.4971E-03
     507.500  3926.500     6.3623E-03
     508.500  3926.500     5.2721E-03
     509.500  3926.500     5.2702E-03
     510.500  3926.500     4.1723E-03
     511.500  3926.500     2.5020E-03
     512.500  3926.500     1.5800E-03
     513.500  3926.500     4.8605E-04
     514.500  3926.500     4.7953E-04
     515.500  3926.500     4.5446E-04
     516.500  3926.500     4.0768E-04
     517.500  3926.500     3.5921E-04
     518.500  3926.500     2.9815E-04
     519.500  3926.500     2.3491E-04
     520.500  3926.500     1.6604E-04
     521.500  3926.500     1.3160E-02
     522.500  3926.500     2.5369E-02
     523.500  3926.500     2.0053E-01
     524.500  3926.500     1.4120E-01
     525.500  3926.500     1.1083E-01
     526.500  3926.500     9.5725E-03
     527.500  3926.500     5.5638E-02
     528.500  3926.500     6.1088E+00
     529.500  3926.500     1.7541E-01
     530.500  3926.500     1.4691E-01
     531.500  3926.500     1.0726E+00
     532.500  3926.500     0.0000E+00
     533.500  3926.500     0.0000E+00
     534.500  3926.500     0.0000E+00
     535.500  3926.500     0.0000E+00
     536.500  3926.500     0.0000E+00
     537.500  3926.500     0.0000E+00
     538.500  3926.500     0.0000E+00
     539.500  3926.500     0.0000E+00
     540.500  3926.500     0.0000E+00
     541.500  3926.500     0.0000E+00
     542.500  3926.500     0.0000E+00
     543.500  3926.500     0.0000E+00
     544.500  3926.500     0.0000E+00
     495.500  3927.500     1.0712E-02
     496.500  3927.500     1.1778E-02
     497.500  3927.500     1.2482E-02
     498.500  3927.500     1.1500E-02
     499.500  3927.500     1.1083E-02
     500.500  3927.500     1.0997E-02
     501.500  3927.500     1.0112E-02
     502.500  3927.500     9.0704E-03
     503.500  3927.500     7.8932E-03
     504.500  3927.500     6.6909E-03
     505.500  3927.500     5.2903E-03
     506.500  3927.500     3.8542E-03
     507.500  3927.500     2.7291E-03
     508.500  3927.500     1.5030E-03
     509.500  3927.500     7.4031E-04
     510.500  3927.500     6.1776E-04
     511.500  3927.500     5.2257E-04
     512.500  3927.500     2.4543E-04
     513.500  3927.500     2.4926E-04
     514.500  3927.500     2.4843E-04
     515.500  3927.500     2.3703E-04
     516.500  3927.500     2.1580E-04
     517.500  3927.500     1.8183E-04
     518.500  3927.500     1.4470E-04
     519.500  3927.500     1.0138E-04
     520.500  3927.500     7.1217E-05
     521.500  3927.500     4.7351E-05
     522.500  3927.500     2.6254E-05
     523.500  3927.500     1.1232E-03
     524.500  3927.500     6.3531E-03
     525.500  3927.500     1.0563E-02
     526.500  3927.500     7.0395E-03
     527.500  3927.500     1.7829E-02
     528.500  3927.500     5.4589E-02
     529.500  3927.500     1.7099E-01
     530.500  3927.500     1.5484E-01
     531.500  3927.500     7.9414E-01
     532.500  3927.500     1.2347E-01
     533.500  3927.500     0.0000E+00
     534.500  3927.500     0.0000E+00
     535.500  3927.500     0.0000E+00
     536.500  3927.500     0.0000E+00
     537.500  3927.500     0.0000E+00
     538.500  3927.500     0.0000E+00
     539.500  3927.500     0.0000E+00
     540.500  3927.500     0.0000E+00
     541.500  3927.500     0.0000E+00
     542.500  3927.500     0.0000E+00
     543.500  3927.500     0.0000E+00
     544.500  3927.500     0.0000E+00
     495.500  3928.500     5.7667E-03
     496.500  3928.500     6.6011E-03
     497.500  3928.500     7.9952E-03
     498.500  3928.500     8.1626E-03
     499.500  3928.500     7.7333E-03
     500.500  3928.500     7.1582E-03
     501.500  3928.500     6.4603E-03
     502.500  3928.500     5.8631E-03
     503.500  3928.500     4.7541E-03
     504.500  3928.500     4.0727E-03
     505.500  3928.500     2.5335E-03
     506.500  3928.500     1.8775E-03
     507.500  3928.500     1.1277E-03
     508.500  3928.500     5.4115E-04
     509.500  3928.500     4.4315E-04
     510.500  3928.500     3.6061E-04
     511.500  3928.500     9.3191E-05
     512.500  3928.500     1.0585E-04
     513.500  3928.500     1.0898E-04
     514.500  3928.500     1.0382E-04
     515.500  3928.500     9.3735E-05
     516.500  3928.500     8.0663E-05
     517.500  3928.500     7.1171E-05
     518.500  3928.500     6.0747E-05
     519.500  3928.500     4.3719E-05
     520.500  3928.500     2.7874E-05
     521.500  3928.500     1.5502E-05
     522.500  3928.500     1.7614E-06
     523.500  3928.500     0.0000E+00
     524.500  3928.500     0.0000E+00
     525.500  3928.500     3.8348E-05
     526.500  3928.500     2.2803E-03
     527.500  3928.500     4.4513E-04
     528.500  3928.500     2.1677E-02
     529.500  3928.500     7.3830E-02
     530.500  3928.500     2.0893E-01
     531.500  3928.500     1.2657E-01
     532.500  3928.500     2.5765E-01
     533.500  3928.500     1.3244E-05
     534.500  3928.500     0.0000E+00
     535.500  3928.500     0.0000E+00
     536.500  3928.500     0.0000E+00
     537.500  3928.500     0.0000E+00
     538.500  3928.500     0.0000E+00
     539.500  3928.500     0.0000E+00
     540.500  3928.500     0.0000E+00
     541.500  3928.500     0.0000E+00
     542.500  3928.500     0.0000E+00
     543.500  3928.500     0.0000E+00
     544.500  3928.500     0.0000E+00
     495.500  3929.500     2.2634E-03
     496.500  3929.500     2.7218E-03
     497.500  3929.500     3.6347E-03
     498.500  3929.500     4.0921E-03
     499.500  3929.500     4.5204E-03
     500.500  3929.500     4.7034E-03
     501.500  3929.500     4.3074E-03
     502.500  3929.500     3.8414E-03
     503.500  3929.500     3.3292E-03
     504.500  3929.500     2.0975E-03
     505.500  3929.500     1.3846E-03
     506.500  3929.500     9.5039E-04
     507.500  3929.500     4.5100E-04
     508.500  3929.500     3.6828E-04
     509.500  3929.500     2.9241E-04
     510.500  3929.500     3.1032E-05
     511.500  3929.500     3.2613E-05
     512.500  3929.500     3.5965E-05
     513.500  3929.500     3.9300E-05
     514.500  3929.500     3.9513E-05
     515.500  3929.500     3.6203E-05
     516.500  3929.500     3.3404E-05
     517.500  3929.500     2.5039E-05
     518.500  3929.500     1.9409E-05
     519.500  3929.500     1.1790E-05
     520.500  3929.500     9.5669E-07
     521.500  3929.500     0.0000E+00
     522.500  3929.500     0.0000E+00
     523.500  3929.500     0.0000E+00
     524.500  3929.500     0.0000E+00
     525.500  3929.500     0.0000E+00
     526.500  3929.500     0.0000E+00
     527.500  3929.500     0.0000E+00
     528.500  3929.500     2.5003E-03
     529.500  3929.500     5.5619E-02
     530.500  3929.500     1.5138E-01
     531.500  3929.500     6.2896E-02
     532.500  3929.500     6.4244E-02
     533.500  3929.500     8.3455E-04
     534.500  3929.500     0.0000E+00
     535.500  3929.500     0.0000E+00
     536.500  3929.500     0.0000E+00
     537.500  3929.500     0.0000E+00
     538.500  3929.500     0.0000E+00
     539.500  3929.500     0.0000E+00
     540.500  3929.500     0.0000E+00
     541.500  3929.500     0.0000E+00
     542.500  3929.500     0.0000E+00
     543.500  3929.500     0.0000E+00
     544.500  3929.500     0.0000E+00
     495.500  3930.500     1.2040E-05
     496.500  3930.500     3.9346E-04
     497.500  3930.500     3.7947E-04
     498.500  3930.500     1.0700E-03
     499.500  3930.500     1.3259E-03
     500.500  3930.500     1.8856E-03
     501.500  3930.500     2.0556E-03
     502.500  3930.500     1.4646E-03
     503.500  3930.500     1.2907E-03
     504.500  3930.500     9.6433E-04
     505.500  3930.500     4.5939E-04
     506.500  3930.500     3.8669E-04
     507.500  3930.500     3.1703E-04
     508.500  3930.500     2.5119E-04
     509.500  3930.500     5.2717E-06
     510.500  3930.500     5.7408E-06
     511.500  3930.500     6.8072E-06
     512.500  3930.500     1.1115E-05
     513.500  3930.500     1.1195E-05
     514.500  3930.500     1.0094E-05
     515.500  3930.500     8.7760E-06
     516.500  3930.500     4.2143E-06
     517.500  3930.500     1.7753E-06
     518.500  3930.500     0.0000E+00
     519.500  3930.500     0.0000E+00
     520.500  3930.500     0.0000E+00
     521.500  3930.500     0.0000E+00
     522.500  3930.500     0.0000E+00
     523.500  3930.500     0.0000E+00
     524.500  3930.500     0.0000E+00
     525.500  3930.500     0.0000E+00
     526.500  3930.500     0.0000E+00
     527.500  3930.500     0.0000E+00
     528.500  3930.500     0.0000E+00
     529.500  3930.500     0.0000E+00
     530.500  3930.500     6.4599E-02
     531.500  3930.500     8.0985E-03
     532.500  3930.500     1.6799E-01
     533.500  3930.500     0.0000E+00
     534.500  3930.500     0.0000E+00
     535.500  3930.500     0.0000E+00
     536.500  3930.500     0.0000E+00
     537.500  3930.500     0.0000E+00
     538.500  3930.500     0.0000E+00
     539.500  3930.500     0.0000E+00
     540.500  3930.500     0.0000E+00
     541.500  3930.500     0.0000E+00
     542.500  3930.500     0.0000E+00
     543.500  3930.500     0.0000E+00
     544.500  3930.500     0.0000E+00
     495.500  3931.500     1.1557E-06
     496.500  3931.500     2.6289E-06
     497.500  3931.500     3.9173E-06
     498.500  3931.500     7.5999E-06
     499.500  3931.500     8.6035E-06
     500.500  3931.500     2.0904E-04
     501.500  3931.500     1.8060E-04
     502.500  3931.500     7.4128E-06
     503.500  3931.500     4.8909E-06
     504.500  3931.500     3.2581E-06
     505.500  3931.500     2.0634E-06
     506.500  3931.500     1.3213E-06
     507.500  3931.500     1.0951E-06
     508.500  3931.500     8.7538E-07
     509.500  3931.500     2.1946E-07
     510.500  3931.500     0.0000E+00
     511.500  3931.500     0.0000E+00
     512.500  3931.500     0.0000E+00
     513.500  3931.500     0.0000E+00
     514.500  3931.500     0.0000E+00
     515.500  3931.500     0.0000E+00
     516.500  3931.500     0.0000E+00
     517.500  3931.500     0.0000E+00
     518.500  3931.500     0.0000E+00
     519.500  3931.500     0.0000E+00
     520.500  3931.500     0.0000E+00
     521.500  3931.500     0.0000E+00
     522.500  3931.500     0.0000E+00
     523.500  3931.500     0.0000E+00
     524.500  3931.500     0.0000E+00
     525.500  3931.500     0.0000E+00
     526.500  3931.500     0.0000E+00
     527.500  3931.500     0.0000E+00
     528.500  3931.500     0.0000E+00
     529.500  3931.500     0.0000E+00
     530.500  3931.500     0.0000E+00
     531.500  3931.500     2.4845E-01
     532.500  3931.500     0.0000E+00
     533.500  3931.500     2.0521E-01
     534.500  3931.500     0.0000E+00
     535.500  3931.500     0.0000E+00
     536.500  3931.500     0.0000E+00
     537.500  3931.500     0.0000E+00
     538.500  3931.500     0.0000E+00
     539.500  3931.500     0.0000E+00
     540.500  3931.500     0.0000E+00
     541.500  3931.500     0.0000E+00
     542.500  3931.500     0.0000E+00
     543.500  3931.500     0.0000E+00
     544.500  3931.500     0.0000E+00
     495.500  3932.500     0.0000E+00
     496.500  3932.500     0.0000E+00
     497.500  3932.500     0.0000E+00
     498.500  3932.500     0.0000E+00
     499.500  3932.500     7.0454E-07
     500.500  3932.500     6.3367E-07
     501.500  3932.500     5.5622E-07
     502.500  3932.500     2.5809E-07
     503.500  3932.500     7.2899E-07
     504.500  3932.500     6.3509E-07
     505.500  3932.500     1.8436E-07
     506.500  3932.500     1.5676E-07
     507.500  3932.500     1.2920E-07
     508.500  3932.500     0.0000E+00
     509.500  3932.500     0.0000E+00
     510.500  3932.500     0.0000E+00
     511.500  3932.500     0.0000E+00
     512.500  3932.500     0.0000E+00
     513.500  3932.500     0.0000E+00
     514.500  3932.500     0.0000E+00
     515.500  3932.500     0.0000E+00
     516.500  3932.500     0.0000E+00
     517.500  3932.500     0.0000E+00
     518.500  3932.500     0.0000E+00
     519.500  3932.500     0.0000E+00
     520.500  3932.500     0.0000E+00
     521.500  3932.500     0.0000E+00
     522.500  3932.500     0.0000E+00
     523.500  3932.500     0.0000E+00
     524.500  3932.500     0.0000E+00
     525.500  3932.500     0.0000E+00
     526.500  3932.500     0.0000E+00
     527.500  3932.500     0.0000E+00
     528.500  3932.500     0.0000E+00
     529.500  3932.500     0.0000E+00
     530.500  3932.500     0.0000E+00
     531.500  3932.500     0.0000E+00
     532.500  3932.500     2.8666E-03
     533.500  3932.500     0.0000E+00
     534.500  3932.500     0.0000E+00
     535.500  3932.500     0.0000E+00
     536.500  3932.500     0.0000E+00
     537.500  3932.500     0.0000E+00
     538.500  3932.500     0.0000E+00
     539.500  3932.500     0.0000E+00
     540.500  3932.500     0.0000E+00
     541.500  3932.500     0.0000E+00
     542.500  3932.500     0.0000E+00
     543.500  3932.500     0.0000E+00
     544.500  3932.500     0.0000E+00
     495.500  3933.500     0.0000E+00
     496.500  3933.500     0.0000E+00
     497.500  3933.500     0.0000E+00
     498.500  3933.500     0.0000E+00
     499.500  3933.500     0.0000E+00
     500.500  3933.500     0.0000E+00
     501.500  3933.500     0.0000E+00
     502.500  3933.500     0.0000E+00
     503.500  3933.500     0.0000E+00
     504.500  3933.500     0.0000E+00
     505.500  3933.500     0.0000E+00
     506.500  3933.500     0.0000E+00
     507.500  3933.500     0.0000E+00
     508.500  3933.500     0.0000E+00
     509.500  3933.500     0.0000E+00
     510.500  3933.500     0.0000E+00
     511.500  3933.500     0.0000E+00
     512.500  3933.500     0.0000E+00
     513.500  3933.500     0.0000E+00
     514.500  3933.500     0.0000E+00
     515.500  3933.500     0.0000E+00
     516.500  3933.500     0.0000E+00
     517.500  3933.500     0.0000E+00
     518.500  3933.500     0.0000E+00
     519.500  3933.500     0.0000E+00
     520.500  3933.500     0.0000E+00
     521.500  3933.500     0.0000E+00
     522.500  3933.500     0.0000E+00
     523.500  3933.500     0.0000E+00
     524.500  3933.500     0.0000E+00
     525.500  3933.500     0.0000E+00
     526.500  3933.500     0.0000E+00
     527.500  3933.500     0.0000E+00
     528.500  3933.500     0.0000E+00
     529.500  3933.500     0.0000E+00
     530.500  3933.500     0.0000E+00
     531.500  3933.500     0.0000E+00
     532.500  3933.500     0.0000E+00
     533.500  3933.500     0.0000E+00
     534.500  3933.500     0.0000E+00
     535.500  3933.500     0.0000E+00
     536.500  3933.500     0.0000E+00
     537.500  3933.500     0.0000E+00
     538.500  3933.500     0.0000E+00
     539.500  3933.500     0.0000E+00
     540.500  3933.500     0.0000E+00
     541.500  3933.500     0.0000E+00
     542.500  3933.500     0.0000E+00
     543.500  3933.500     0.0000E+00
     544.500  3933.500     0.0000E+00
     495.500  3934.500     0.0000E+00
     496.500  3934.500     0.0000E+00
     497.500  3934.500     0.0000E+00
     498.500  3934.500     0.0000E+00
     499.500  3934.500     0.0000E+00
     500.500  3934.500     0.0000E+00
     501.500  3934.500     0.0000E+00
     502.500  3934.500     0.0000E+00
     503.500  3934.500     0.0000E+00
     504.500  3934.500     0.0000E+00
     505.500  3934.500     0.0000E+00
     506.500  3934.500     0.0000E+00
     507.500  3934.500     0.0000E+00
     508.500  3934.500     0.0000E+00
     509.500  3934.500     0.0000E+00
     510.500  3934.500     0.0000E+00
     511.500  3934.500     0.0000E+00
     512.500  3934.500     0.0000E+00
     513.500  3934.500     0.0000E+00
     514.500  3934.500     0.0000E+00
     515.500  3934.500     0.0000E+00
     516.500  3934.500     0.0000E+00
     517.500  3934.500     0.0000E+00
     518.500  3934.500     0.0000E+00
     519.500  3934.500     0.0000E+00
     520.500  3934.500     0.0000E+00
     521.500  3934.500     0.0000E+00
     522.500  3934.500     0.0000E+00
     523.500  3934.500     0.0000E+00
     524.500  3934.500     0.0000E+00
     525.500  3934.500     0.0000E+00
     526.500  3934.500     0.0000E+00
     527.500  3934.500     0.0000E+00
     528.500  3934.500     0.0000E+00
     529.500  3934.500     0.0000E+00
     530.500  3934.500     0.0000E+00
     531.500  3934.500     0.0000E+00
     532.500  3934.500     0.0000E+00
     533.500  3934.500     0.0000E+00
     534.500  3934.500     0.0000E+00
     535.500  3934.500     0.0000E+00
     536.500  3934.500     0.0000E+00
     537.500  3934.500     0.0000E+00
     538.500  3934.500     0.0000E+00
     539.500  3934.500     0.0000E+00
     540.500  3934.500     0.0000E+00
     541.500  3934.500     0.0000E+00
     542.500  3934.500     0.0000E+00
     543.500  3934.500     0.0000E+00
     544.500  3934.500     0.0000E+00
     495.500  3935.500     0.0000E+00
     496.500  3935.500     0.0000E+00
     497.500  3935.500     0.0000E+00
     498.500  3935.500     0.0000E+00
     499.500  3935.500     0.0000E+00
     500.500  3935.500     0.0000E+00
     501.500  3935.500     0.0000E+00
     502.500  3935.500     0.0000E+00
     503.500  3935.500     0.0000E+00
     504.500  3935.500     0.0000E+00
     505.500  3935.500     0.0000E+00
     506.500  3935.500     0.0000E+00
     507.500  3935.500     0.0000E+00
     508.500  3935.500     0.0000E+00
     509.500  3935.500     0.0000E+00
     510.500  3935.500     0.0000E+00
     511.500  3935.500     0.0000E+00
     512.500  3935.500     0.0000E+00
     513.500  3935.500     0.0000E+00
     514.500  3935.500     0.0000E+00
     515.500  3935.500     0.0000E+00
     516.500  3935.500     0.0000E+00
     517.500  3935.500     0.0000E+00
     518.500  3935.500     0.0000E+00
     519.500  3935.500     0.0000E+00
     520.500  3935.500     0.0000E+00
     521.500  3935.500     0.0000E+00
     522.500  3935.500     0.0000E+00
     523.500  3935.500     0.0000E+00
     524.500  3935.500     0.0000E+00
     525.500  3935.500     0.0000E+00
     526.500  3935.500     0.0000E+00
     527.500  3935.500     0.0000E+00
     528.500  3935.500     0.0000E+00
     529.500  3935.500     0.0000E+00
     530.500  3935.500     0.0000E+00
     531.500  3935.500     0.0000E+00
     532.500  3935.500     0.0000E+00
     533.500  3935.500     0.0000E+00
     534.500  3935.500     0.0000E+00
     535.500  3935.500     0.0000E+00
     536.500  3935.500     0.0000E+00
     537.500  3935.500     0.0000E+00
     538.500  3935.500     0.0000E+00
     539.500  3935.500     0.0000E+00
     540.500  3935.500     0.0000E+00
     541.500  3935.500     0.0000E+00
     542.500  3935.500     0.0000E+00
     543.500  3935.500     0.0000E+00
     544.500  3935.500     0.0000E+00
     495.500  3936.500     0.0000E+00
     496.500  3936.500     0.0000E+00
     497.500  3936.500     0.0000E+00
     498.500  3936.500     0.0000E+00
     499.500  3936.500     0.0000E+00
     500.500  3936.500     0.0000E+00
     501.500  3936.500     0.0000E+00
     502.500  3936.500     0.0000E+00
     503.500  3936.500     0.0000E+00
     504.500  3936.500     0.0000E+00
     505.500  3936.500     0.0000E+00
     506.500  3936.500     0.0000E+00
     507.500  3936.500     0.0000E+00
     508.500  3936.500     0.0000E+00
     509.500  3936.500     0.0000E+00
     510.500  3936.500     0.0000E+00
     511.500  3936.500     0.0000E+00
     512.500  3936.500     0.0000E+00
     513.500  3936.500     0.0000E+00
     514.500  3936.500     0.0000E+00
     515.500  3936.500     0.0000E+00
     516.500  3936.500     0.0000E+00
     517.500  3936.500     0.0000E+00
     518.500  3936.500     0.0000E+00
     519.500  3936.500     0.0000E+00
     520.500  3936.500     0.0000E+00
     521.500  3936.500     0.0000E+00
     522.500  3936.500     0.0000E+00
     523.500  3936.500     0.0000E+00
     524.500  3936.500     0.0000E+00
     525.500  3936.500     0.0000E+00
     526.500  3936.500     0.0000E+00
     527.500  3936.500     0.0000E+00
     528.500  3936.500     0.0000E+00
     529.500  3936.500     0.0000E+00
     530.500  3936.500     0.0000E+00
     531.500  3936.500     0.0000E+00
     532.500  3936.500     0.0000E+00
     533.500  3936.500     0.0000E+00
     534.500  3936.500     0.0000E+00
     535.500  3936.500     0.0000E+00
     536.500  3936.500     0.0000E+00
     537.500  3936.500     0.0000E+00
     538.500  3936.500     0.0000E+00
     539.500  3936.500     0.0000E+00
     540.500  3936.500     0.0000E+00
     541.500  3936.500     0.0000E+00
     542.500  3936.500     0.0000E+00
     543.500  3936.500     0.0000E+00
     544.500  3936.500     0.0000E+00
     495.500  3937.500     0.0000E+00
     496.500  3937.500     0.0000E+00
     497.500  3937.500     0.0000E+00
     498.500  3937.500     0.0000E+00
     499.500  3937.500     0.0000E+00
     500.500  3937.500     0.0000E+00
     501.500  3937.500     0.0000E+00
     502.500  3937.500     0.0000E+00
     503.500  3937.500     0.0000E+00
     504.500  3937.500     0.0000E+00
     505.500  3937.500     0.0000E+00
     506.500  3937.500     0.0000E+00
     507.500  3937.500     0.0000E+00
     508.500  3937.500     0.0000E+00
     509.500  3937.500     0.0000E+00
     510.500  3937.500     0.0000E+00
     511.500  3937.500     0.0000E+00
     512.500  3937.500     0.0000E+00
     513.500  3937.500     0.0000E+00
     514.500  3937.500     0.0000E+00
     515.500  3937.500     0.0000E+00
     516.500  3937.500     0.0000E+00
     517.500  3937.500     0.0000E+00
     518.500  3937.500     0.0000E+00
     519.500  3937.500     0.0000E+00
     520.500  3937.500     0.0000E+00
     521.500  3937.500     0.0000E+00
     522.500  3937.500     0.0000E+00
     523.500  3937.500     0.0000E+00
     524.500  3937.500     0.0000E+00
     525.500  3937.500     0.0000E+00
     526.500  3937.500     0.0000E+00
     527.500  3937.500     0.0000E+00
     528.500  3937.500     0.0000E+00
     529.500  3937.500     0.0000E+00
     530.500  3937.500     0.0000E+00
     531.500  3937.500     0.0000E+00
     532.500  3937.500     0.0000E+00
     533.500  3937.500     0.0000E+00
     534.500  3937.500     0.0000E+00
     535.500  3937.500     0.0000E+00
     536.500  3937.500     0.0000E+00
     537.500  3937.500     0.0000E+00
     538.500  3937.500     0.0000E+00
     539.500  3937.500     0.0000E+00
     540.500  3937.500     0.0000E+00
     541.500  3937.500     0.0000E+00
     542.500  3937.500     0.0000E+00
     543.500  3937.500     0.0000E+00
     544.500  3937.500     0.0000E+00
     495.500  3938.500     0.0000E+00
     496.500  3938.500     0.0000E+00
     497.500  3938.500     0.0000E+00
     498.500  3938.500     0.0000E+00
     499.500  3938.500     0.0000E+00
     500.500  3938.500     0.0000E+00
     501.500  3938.500     0.0000E+00
     502.500  3938.500     0.0000E+00
     503.500  3938.500     0.0000E+00
     504.500  3938.500     0.0000E+00
     505.500  3938.500     0.0000E+00
     506.500  3938.500     0.0000E+00
     507.500  3938.500     0.0000E+00
     508.500  3938.500     0.0000E+00
     509.500  3938.500     0.0000E+00
     510.500  3938.500     0.0000E+00
     511.500  3938.500     0.0000E+00
     512.500  3938.500     0.0000E+00
     513.500  3938.500     0.0000E+00
     514.500  3938.500     0.0000E+00
     515.500  3938.500     0.0000E+00
     516.500  3938.500     0.0000E+00
     517.500  3938.500     0.0000E+00
     518.500  3938.500     0.0000E+00
     519.500  3938.500     0.0000E+00
     520.500  3938.500     0.0000E+00
     521.500  3938.500     0.0000E+00
     522.500  3938.500     0.0000E+00
     523.500  3938.500     0.0000E+00
     524.500  3938.500     0.0000E+00
     525.500  3938.500     0.0000E+00
     526.500  3938.500     0.0000E+00
     527.500  3938.500     0.0000E+00
     528.500  3938.500     0.0000E+00
     529.500  3938.500     0.0000E+00
     530.500  3938.500     0.0000E+00
     531.500  3938.500     0.0000E+00
     532.500  3938.500     0.0000E+00
     533.500  3938.500     0.0000E+00
     534.500  3938.500     0.0000E+00
     535.500  3938.500     0.0000E+00
     536.500  3938.500     0.0000E+00
     537.500  3938.500     0.0000E+00
     538.500  3938.500     0.0000E+00
     539.500  3938.500     0.0000E+00
     540.500  3938.500     0.0000E+00
     541.500  3938.500     0.0000E+00
     542.500  3938.500     0.0000E+00
     543.500  3938.500     0.0000E+00
     544.500  3938.500     0.0000E+00
     495.500  3939.500     0.0000E+00
     496.500  3939.500     0.0000E+00
     497.500  3939.500     0.0000E+00
     498.500  3939.500     0.0000E+00
     499.500  3939.500     0.0000E+00
     500.500  3939.500     0.0000E+00
     501.500  3939.500     0.0000E+00
     502.500  3939.500     0.0000E+00
     503.500  3939.500     0.0000E+00
     504.500  3939.500     0.0000E+00
     505.500  3939.500     0.0000E+00
     506.500  3939.500     0.0000E+00
     507.500  3939.500     0.0000E+00
     508.500  3939.500     0.0000E+00
     509.500  3939.500     0.0000E+00
     510.500  3939.500     0.0000E+00
     511.500  3939.500     0.0000E+00
     512.500  3939.500     0.0000E+00
     513.500  3939.500     0.0000E+00
     514.500  3939.500     0.0000E+00
     515.500  3939.500     0.0000E+00
     516.500  3939.500     0.0000E+00
     517.500  3939.500     0.0000E+00
     518.500  3939.500     0.0000E+00
     519.500  3939.500     0.0000E+00
     520.500  3939.500     0.0000E+00
     521.500  3939.500     0.0000E+00
     522.500  3939.500     0.0000E+00
     523.500  3939.500     0.0000E+00
     524.500  3939.500     0.0000E+00
     525.500  3939.500     0.0000E+00
     526.500  3939.500     0.0000E+00
     527.500  3939.500     0.0000E+00
     528.500  3939.500     0.0000E+00
     529.500  3939.500     0.0000E+00
     530.500  3939.500     0.0000E+00
     531.500  3939.500     0.0000E+00
     532.500  3939.500     0.0000E+00
     533.500  3939.500     0.0000E+00
     534.500  3939.500     0.0000E+00
     535.500  3939.500     0.0000E+00
     536.500  3939.500     0.0000E+00
     537.500  3939.500     0.0000E+00
     538.500  3939.500     0.0000E+00
     539.500  3939.500     0.0000E+00
     540.500  3939.500     0.0000E+00
     541.500  3939.500     0.0000E+00
     542.500  3939.500     0.0000E+00
     543.500  3939.500     0.0000E+00
     544.500  3939.500     0.0000E+00
     495.500  3940.500     0.0000E+00
     496.500  3940.500     0.0000E+00
     497.500  3940.500     0.0000E+00
     498.500  3940.500     0.0000E+00
     499.500  3940.500     0.0000E+00
     500.500  3940.500     0.0000E+00
     501.500  3940.500     0.0000E+00
     502.500  3940.500     0.0000E+00
     503.500  3940.500     0.0000E+00
     504.500  3940.500     0.0000E+00
     505.500  3940.500     0.0000E+00
     506.500  3940.500     0.0000E+00
     507.500  3940.500     0.0000E+00
     508.500  3940.500     0.0000E+00
     509.500  3940.500     0.0000E+00
     510.500  3940.500     0.0000E+00
     511.500  3940.500     0.0000E+00
     512.500  3940.500     0.0000E+00
     513.500  3940.500     0.0000E+00
     514.500  3940.500     0.0000E+00
     515.500  3940.500     0.0000E+00
     516.500  3940.500     0.0000E+00
     517.500  3940.500     0.0000E+00
     518.500  3940.500     0.0000E+00
     519.500  3940.500     0.0000E+00
     520.500  3940.500     0.0000E+00
     521.500  3940.500     0.0000E+00
     522.500  3940.500     0.0000E+00
     523.500  3940.500     0.0000E+00
     524.500  3940.500     0.0000E+00
     525.500  3940.500     0.0000E+00
     526.500  3940.500     0.0000E+00
     527.500  3940.500     0.0000E+00
     528.500  3940.500     0.0000E+00
     529.500  3940.500     0.0000E+00
     530.500  3940.500     0.0000E+00
     531.500  3940.500     0.0000E+00
     532.500  3940.500     0.0000E+00
     533.500  3940.500     0.0000E+00
     534.500  3940.500     0.0000E+00
     535.500  3940.500     0.0000E+00
     536.500  3940.500     0.0000E+00
     537.500  3940.500     0.0000E+00
     538.500  3940.500     0.0000E+00
     539.500  3940.500     0.0000E+00
     540.500  3940.500     0.0000E+00
     541.500  3940.500     0.0000E+00
     542.500  3940.500     0.0000E+00
     543.500  3940.500     0.0000E+00
     544.500  3940.500     0.0000E+00
     495.500  3941.500     0.0000E+00
     496.500  3941.500     0.0000E+00
     497.500  3941.500     0.0000E+00
     498.500  3941.500     0.0000E+00
     499.500  3941.500     0.0000E+00
     500.500  3941.500     0.0000E+00
     501.500  3941.500     0.0000E+00
     502.500  3941.500     0.0000E+00
     503.500  3941.500     0.0000E+00
     504.500  3941.500     0.0000E+00
     505.500  3941.500     0.0000E+00
     506.500  3941.500     0.0000E+00
     507.500  3941.500     0.0000E+00
     508.500  3941.500     0.0000E+00
     509.500  3941.500     0.0000E+00
     510.500  3941.500     0.0000E+00
     511.500  3941.500     0.0000E+00
     512.500  3941.500     0.0000E+00
     513.500  3941.500     0.0000E+00
     514.500  3941.500     0.0000E+00
     515.500  3941.500     0.0000E+00
     516.500  3941.500     0.0000E+00
     517.500  3941.500     0.0000E+00
     518.500  3941.500     0.0000E+00
     519.500  3941.500     0.0000E+00
     520.500  3941.500     0.0000E+00
     521.500  3941.500     0.0000E+00
     522.500  3941.500     0.0000E+00
     523.500  3941.500     0.0000E+00
     524.500  3941.500     0.0000E+00
     525.500  3941.500     0.0000E+00
     526.500  3941.500     0.0000E+00
     527.500  3941.500     0.0000E+00
     528.500  3941.500     0.0000E+00
     529.500  3941.500     0.0000E+00
     530.500  3941.500     0.0000E+00
     531.500  3941.500     0.0000E+00
     532.500  3941.500     0.0000E+00
     533.500  3941.500     0.0000E+00
     534.500  3941.500     0.0000E+00
     535.500  3941.500     0.0000E+00
     536.500  3941.500     0.0000E+00
     537.500  3941.500     0.0000E+00
     538.500  3941.500     0.0000E+00
     539.500  3941.500     0.0000E+00
     540.500  3941.500     0.0000E+00
     541.500  3941.500     0.0000E+00
     542.500  3941.500     0.0000E+00
     543.500  3941.500     0.0000E+00
     544.500  3941.500     0.0000E+00
     495.500  3942.500     0.0000E+00
     496.500  3942.500     0.0000E+00
     497.500  3942.500     0.0000E+00
     498.500  3942.500     0.0000E+00
     499.500  3942.500     0.0000E+00
     500.500  3942.500     0.0000E+00
     501.500  3942.500     0.0000E+00
     502.500  3942.500     0.0000E+00
     503.500  3942.500     0.0000E+00
     504.500  3942.500     0.0000E+00
     505.500  3942.500     0.0000E+00
     506.500  3942.500     0.0000E+00
     507.500  3942.500     0.0000E+00
     508.500  3942.500     0.0000E+00
     509.500  3942.500     0.0000E+00
     510.500  3942.500     0.0000E+00
     511.500  3942.500     0.0000E+00
     512.500  3942.500     0.0000E+00
     513.500  3942.500     0.0000E+00
     514.500  3942.500     0.0000E+00
     515.500  3942.500     0.0000E+00
     516.500  3942.500     0.0000E+00
     517.500  3942.500     0.0000E+00
     518.500  3942.500     0.0000E+00
     519.500  3942.500     0.0000E+00
     520.500  3942.500     0.0000E+00
     521.500  3942.500     0.0000E+00
     522.500  3942.500     0.0000E+00
     523.500  3942.500     0.0000E+00
     524.500  3942.500     0.0000E+00
     525.500  3942.500     0.0000E+00
     526.500  3942.500     0.0000E+00
     527.500  3942.500     0.0000E+00
     528.500  3942.500     0.0000E+00
     529.500  3942.500     0.0000E+00
     530.500  3942.500     0.0000E+00
     531.500  3942.500     0.0000E+00
     532.500  3942.500     0.0000E+00
     533.500  3942.500     0.0000E+00
     534.500  3942.500     0.0000E+00
     535.500  3942.500     0.0000E+00
     536.500  3942.500     0.0000E+00
     537.500  3942.500     0.0000E+00
     538.500  3942.500     0.0000E+00
     539.500  3942.500     0.0000E+00
     540.500  3942.500     0.0000E+00
     541.500  3942.500     0.0000E+00
     542.500  3942.500     0.0000E+00
     543.500  3942.500     0.0000E+00
     544.500  3942.500     0.0000E+00
     495.500  3943.500     0.0000E+00
     496.500  3943.500     0.0000E+00
     497.500  3943.500     0.0000E+00
     498.500  3943.500     0.0000E+00
     499.500  3943.500     0.0000E+00
     500.500  3943.500     0.0000E+00
     501.500  3943.500     0.0000E+00
     502.500  3943.500     0.0000E+00
     503.500  3943.500     0.0000E+00
     504.500  3943.500     0.0000E+00
     505.500  3943.500     0.0000E+00
     506.500  3943.500     0.0000E+00
     507.500  3943.500     0.0000E+00
     508.500  3943.500     0.0000E+00
     509.500  3943.500     0.0000E+00
     510.500  3943.500     0.0000E+00
     511.500  3943.500     0.0000E+00
     512.500  3943.500     0.0000E+00
     513.500  3943.500     0.0000E+00
     514.500  3943.500     0.0000E+00
     515.500  3943.500     0.0000E+00
     516.500  3943.500     0.0000E+00
     517.500  3943.500     0.0000E+00
     518.500  3943.500     0.0000E+00
     519.500  3943.500     0.0000E+00
     520.500  3943.500     0.0000E+00
     521.500  3943.500     0.0000E+00
     522.500  3943.500     0.0000E+00
     523.500  3943.500     0.0000E+00
     524.500  3943.500     0.0000E+00
     525.500  3943.500     0.0000E+00
     526.500  3943.500     0.0000E+00
     527.500  3943.500     0.0000E+00
     528.500  3943.500     0.0000E+00
     529.500  3943.500     0.0000E+00
     530.500  3943.500     0.0000E+00
     531.500  3943.500     0.0000E+00
     532.500  3943.500     0.0000E+00
     533.500  3943.500     0.0000E+00
     534.500  3943.500     0.0000E+00
     535.500  3943.500     0.0000E+00
     536.500  3943.500     0.0000E+00
     537.500  3943.500     0.0000E+00
     538.500  3943.500     0.0000E+00
     539.500  3943.500     0.0000E+00
     540.500  3943.500     0.0000E+00
     541.500  3943.500     0.0000E+00
     542.500  3943.500     0.0000E+00
     543.500  3943.500     0.0000E+00
     544.500  3943.500     0.0000E+00
     495.500  3944.500     0.0000E+00
     496.500  3944.500     0.0000E+00
     497.500  3944.500     0.0000E+00
     498.500  3944.500     0.0000E+00
     499.500  3944.500     0.0000E+00
     500.500  3944.500     0.0000E+00
     501.500  3944.500     0.0000E+00
     502.500  3944.500     0.0000E+00
     503.500  3944.500     0.0000E+00
     504.500  3944.500     0.0000E+00
     505.500  3944.500     0.0000E+00
     506.500  3944.500     0.0000E+00
     507.500  3944.500     0.0000E+00
     508.500  3944.500     0.0000E+00
     509.500  3944.500     0.0000E+00
     510.500  3944.500     0.0000E+00
     511.500  3944.500     0.0000E+00
     512.500  3944.500     0.0000E+00
     513.500  3944.500     0.0000E+00
     514.500  3944.500     0.0000E+00
     515.500  3944.500     0.0000E+00
     516.500  3944.500     0.0000E+00
     517.500  3944.500     0.0000E+00
     518.500  3944.500     0.0000E+00
     519.500  3944.500     0.0000E+00
     520.500  3944.500     0.0000E+00
     521.500  3944.500     0.0000E+00
     522.500  3944.500     0.0000E+00
     523.500  3944.500     0.0000E+00
     524.500  3944.500     0.0000E+00
     525.500  3944.500     0.0000E+00
     526.500  3944.500     0.0000E+00
     527.500  3944.500     0.0000E+00
     528.500  3944.500     0.0000E+00
     529.500  3944.500     0.0000E+00
     530.500  3944.500     0.0000E+00
     531.500  3944.500     0.0000E+00
     532.500  3944.500     0.0000E+00
     533.500  3944.500     0.0000E+00
     534.500  3944.500     0.0000E+00
     535.500  3944.500     0.0000E+00
     536.500  3944.500     0.0000E+00
     537.500  3944.500     0.0000E+00
     538.500  3944.500     0.0000E+00
     539.500  3944.500     0.0000E+00
     540.500  3944.500     0.0000E+00
     541.500  3944.500     0.0000E+00
     542.500  3944.500     0.0000E+00
     543.500  3944.500     0.0000E+00
     544.500  3944.500     0.0000E+00
     495.500  3945.500     0.0000E+00
     496.500  3945.500     0.0000E+00
     497.500  3945.500     0.0000E+00
     498.500  3945.500     0.0000E+00
     499.500  3945.500     0.0000E+00
     500.500  3945.500     0.0000E+00
     501.500  3945.500     0.0000E+00
     502.500  3945.500     0.0000E+00
     503.500  3945.500     0.0000E+00
     504.500  3945.500     0.0000E+00
     505.500  3945.500     0.0000E+00
     506.500  3945.500     0.0000E+00
     507.500  3945.500     0.0000E+00
     508.500  3945.500     0.0000E+00
     509.500  3945.500     0.0000E+00
     510.500  3945.500     0.0000E+00
     511.500  3945.500     0.0000E+00
     512.500  3945.500     0.0000E+00
     513.500  3945.500     0.0000E+00
     514.500  3945.500     0.0000E+00
     515.500  3945.500     0.0000E+00
     516.500  3945.500     0.0000E+00
     517.500  3945.500     0.0000E+00
     518.500  3945.500     0.0000E+00
     519.500  3945.500     0.0000E+00
     520.500  3945.500     0.0000E+00
     521.500  3945.500     0.0000E+00
     522.500  3945.500     0.0000E+00
     523.500  3945.500     0.0000E+00
     524.500  3945.500     0.0000E+00
     525.500  3945.500     0.0000E+00
     526.500  3945.500     0.0000E+00
     527.500  3945.500     0.0000E+00
     528.500  3945.500     0.0000E+00
     529.500  3945.500     0.0000E+00
     530.500  3945.500     0.0000E+00
     531.500  3945.500     0.0000E+00
     532.500  3945.500     0.0000E+00
     533.500  3945.500     0.0000E+00
     534.500  3945.500     0.0000E+00
     535.500  3945.500     0.0000E+00
     536.500  3945.500     0.0000E+00
     537.500  3945.500     0.0000E+00
     538.500  3945.500     0.0000E+00
     539.500  3945.500     0.0000E+00
     540.500  3945.500     0.0000E+00
     541.500  3945.500     0.0000E+00
     542.500  3945.500     0.0000E+00
     543.500  3945.500     0.0000E+00
     544.500  3945.500     0.0000E+00
     495.500  3946.500     0.0000E+00
     496.500  3946.500     0.0000E+00
     497.500  3946.500     0.0000E+00
     498.500  3946.500     0.0000E+00
     499.500  3946.500     0.0000E+00
     500.500  3946.500     0.0000E+00
     501.500  3946.500     0.0000E+00
     502.500  3946.500     0.0000E+00
     503.500  3946.500     0.0000E+00
     504.500  3946.500     0.0000E+00
     505.500  3946.500     0.0000E+00
     506.500  3946.500     0.0000E+00
     507.500  3946.500     0.0000E+00
     508.500  3946.500     0.0000E+00
     509.500  3946.500     0.0000E+00
     510.500  3946.500     0.0000E+00
     511.500  3946.500     0.0000E+00
     512.500  3946.500     0.0000E+00
     513.500  3946.500     0.0000E+00
     514.500  3946.500     0.0000E+00
     515.500  3946.500     0.0000E+00
     516.500  3946.500     0.0000E+00
     517.500  3946.500     0.0000E+00
     518.500  3946.500     0.0000E+00
     519.500  3946.500     0.0000E+00
     520.500  3946.500     0.0000E+00
     521.500  3946.500     0.0000E+00
     522.500  3946.500     0.0000E+00
     523.500  3946.500     0.0000E+00
     524.500  3946.500     0.0000E+00
     525.500  3946.500     0.0000E+00
     526.500  3946.500     0.0000E+00
     527.500  3946.500     0.0000E+00
     528.500  3946.500     0.0000E+00
     529.500  3946.500     0.0000E+00
     530.500  3946.500     0.0000E+00
     531.500  3946.500     0.0000E+00
     532.500  3946.500     0.0000E+00
     533.500  3946.500     0.0000E+00
     534.500  3946.500     0.0000E+00
     535.500  3946.500     0.0000E+00
     536.500  3946.500     0.0000E+00
     537.500  3946.500     0.0000E+00
     538.500  3946.500     0.0000E+00
     539.500  3946.500     0.0000E+00
     540.500  3946.500     0.0000E+00
     541.500  3946.500     0.0000E+00
     542.500  3946.500     0.0000E+00
     543.500  3946.500     0.0000E+00
     544.500  3946.500     0.0000E+00
     495.500  3947.500     0.0000E+00
     496.500  3947.500     0.0000E+00
     497.500  3947.500     0.0000E+00
     498.500  3947.500     0.0000E+00
     499.500  3947.500     0.0000E+00
     500.500  3947.500     0.0000E+00
     501.500  3947.500     0.0000E+00
     502.500  3947.500     0.0000E+00
     503.500  3947.500     0.0000E+00
     504.500  3947.500     0.0000E+00
     505.500  3947.500     0.0000E+00
     506.500  3947.500     0.0000E+00
     507.500  3947.500     0.0000E+00
     508.500  3947.500     0.0000E+00
     509.500  3947.500     0.0000E+00
     510.500  3947.500     0.0000E+00
     511.500  3947.500     0.0000E+00
     512.500  3947.500     0.0000E+00
     513.500  3947.500     0.0000E+00
     514.500  3947.500     0.0000E+00
     515.500  3947.500     0.0000E+00
     516.500  3947.500     0.0000E+00
     517.500  3947.500     0.0000E+00
     518.500  3947.500     0.0000E+00
     519.500  3947.500     0.0000E+00
     520.500  3947.500     0.0000E+00
     521.500  3947.500     0.0000E+00
     522.500  3947.500     0.0000E+00
     523.500  3947.500     0.0000E+00
     524.500  3947.500     0.0000E+00
     525.500  3947.500     0.0000E+00
     526.500  3947.500     0.0000E+00
     527.500  3947.500     0.0000E+00
     528.500  3947.500     0.0000E+00
     529.500  3947.500     0.0000E+00
     530.500  3947.500     0.0000E+00
     531.500  3947.500     0.0000E+00
     532.500  3947.500     0.0000E+00
     533.500  3947.500     0.0000E+00
     534.500  3947.500     0.0000E+00
     535.500  3947.500     0.0000E+00
     536.500  3947.500     0.0000E+00
     537.500  3947.500     0.0000E+00
     538.500  3947.500     0.0000E+00
     539.500  3947.500     0.0000E+00
     540.500  3947.500     0.0000E+00
     541.500  3947.500     0.0000E+00
     542.500  3947.500     0.0000E+00
     543.500  3947.500     0.0000E+00
     544.500  3947.500     0.0000E+00
     495.500  3948.500     0.0000E+00
     496.500  3948.500     0.0000E+00
     497.500  3948.500     0.0000E+00
     498.500  3948.500     0.0000E+00
     499.500  3948.500     0.0000E+00
     500.500  3948.500     0.0000E+00
     501.500  3948.500     0.0000E+00
     502.500  3948.500     0.0000E+00
     503.500  3948.500     0.0000E+00
     504.500  3948.500     0.0000E+00
     505.500  3948.500     0.0000E+00
     506.500  3948.500     0.0000E+00
     507.500  3948.500     0.0000E+00
     508.500  3948.500     0.0000E+00
     509.500  3948.500     0.0000E+00
     510.500  3948.500     0.0000E+00
     511.500  3948.500     0.0000E+00
     512.500  3948.500     0.0000E+00
     513.500  3948.500     0.0000E+00
     514.500  3948.500     0.0000E+00
     515.500  3948.500     0.0000E+00
     516.500  3948.500     0.0000E+00
     517.500  3948.500     0.0000E+00
     518.500  3948.500     0.0000E+00
     519.500  3948.500     0.0000E+00
     520.500  3948.500     0.0000E+00
     521.500  3948.500     0.0000E+00
     522.500  3948.500     0.0000E+00
     523.500  3948.500     0.0000E+00
     524.500  3948.500     0.0000E+00
     525.500  3948.500     0.0000E+00
     526.500  3948.500     0.0000E+00
     527.500  3948.500     0.0000E+00
     528.500  3948.500     0.0000E+00
     529.500  3948.500     0.0000E+00
     530.500  3948.500     0.0000E+00
     531.500  3948.500     0.0000E+00
     532.500  3948.500     0.0000E+00
     533.500  3948.500     0.0000E+00
     534.500  3948.500     0.0000E+00
     535.500  3948.500     0.0000E+00
     536.500  3948.500     0.0000E+00
     537.500  3948.500     0.0000E+00
     538.500  3948.500     0.0000E+00
     539.500  3948.500     0.0000E+00
     540.500  3948.500     0.0000E+00
     541.500  3948.500     0.0000E+00
     542.500  3948.500     0.0000E+00
     543.500  3948.500     0.0000E+00
     544.500  3948.500     0.0000E+00
     495.500  3949.500     0.0000E+00
     496.500  3949.500     0.0000E+00
     497.500  3949.500     0.0000E+00
     498.500  3949.500     0.0000E+00
     499.500  3949.500     0.0000E+00
     500.500  3949.500     0.0000E+00
     501.500  3949.500     0.0000E+00
     502.500  3949.500     0.0000E+00
     503.500  3949.500     0.0000E+00
     504.500  3949.500     0.0000E+00
     505.500  3949.500     0.0000E+00
     506.500  3949.500     0.0000E+00
     507.500  3949.500     0.0000E+00
     508.500  3949.500     0.0000E+00
     509.500  3949.500     0.0000E+00
     510.500  3949.500     0.0000E+00
     511.500  3949.500     0.0000E+00
     512.500  3949.500     0.0000E+00
     513.500  3949.500     0.0000E+00
     514.500  3949.500     0.0000E+00
     515.500  3949.500     0.0000E+00
     516.500  3949.500     0.0000E+00
     517.500  3949.500     0.0000E+00
     518.500  3949.500     0.0000E+00
     519.500  3949.500     0.0000E+00
     520.500  3949.500     0.0000E+00
     521.500  3949.500     0.0000E+00
     522.500  3949.500     0.0000E+00
     523.500  3949.500     0.0000E+00
     524.500  3949.500     0.0000E+00
     525.500  3949.500     0.0000E+00
     526.500  3949.500     0.0000E+00
     527.500  3949.500     0.0000E+00
     528.500  3949.500     0.0000E+00
     529.500  3949.500     0.0000E+00
     530.500  3949.500     0.0000E+00
     531.500  3949.500     0.0000E+00
     532.500  3949.500     0.0000E+00
     533.500  3949.500     0.0000E+00
     534.500  3949.500     0.0000E+00
     535.500  3949.500     0.0000E+00
     536.500  3949.500     0.0000E+00
     537.500  3949.500     0.0000E+00
     538.500  3949.500     0.0000E+00
     539.500  3949.500     0.0000E+00
     540.500  3949.500     0.0000E+00
     541.500  3949.500     0.0000E+00
     542.500  3949.500     0.0000E+00
     543.500  3949.500     0.0000E+00
     544.500  3949.500     0.0000E+00
     495.500  3950.500     0.0000E+00
     496.500  3950.500     0.0000E+00
     497.500  3950.500     0.0000E+00
     498.500  3950.500     0.0000E+00
     499.500  3950.500     0.0000E+00
     500.500  3950.500     0.0000E+00
     501.500  3950.500     0.0000E+00
     502.500  3950.500     0.0000E+00
     503.500  3950.500     0.0000E+00
     504.500  3950.500     0.0000E+00
     505.500  3950.500     0.0000E+00
     506.500  3950.500     0.0000E+00
     507.500  3950.500     0.0000E+00
     508.500  3950.500     0.0000E+00
     509.500  3950.500     0.0000E+00
     510.500  3950.500     0.0000E+00
     511.500  3950.500     0.0000E+00
     512.500  3950.500     0.0000E+00
     513.500  3950.500     0.0000E+00
     514.500  3950.500     0.0000E+00
     515.500  3950.500     0.0000E+00
     516.500  3950.500     0.0000E+00
     517.500  3950.500     0.0000E+00
     518.500  3950.500     0.0000E+00
     519.500  3950.500     0.0000E+00
     520.500  3950.500     0.0000E+00
     521.500  3950.500     0.0000E+00
     522.500  3950.500     0.0000E+00
     523.500  3950.500     0.0000E+00
     524.500  3950.500     0.0000E+00
     525.500  3950.500     0.0000E+00
     526.500  3950.500     0.0000E+00
     527.500  3950.500     0.0000E+00
     528.500  3950.500     0.0000E+00
     529.500  3950.500     0.0000E+00
     530.500  3950.500     0.0000E+00
     531.500  3950.500     0.0000E+00
     532.500  3950.500     0.0000E+00
     533.500  3950.500     0.0000E+00
     534.500  3950.500     0.0000E+00
     535.500  3950.500     0.0000E+00
     536.500  3950.500     0.0000E+00
     537.500  3950.500     0.0000E+00
     538.500  3950.500     0.0000E+00
     539.500  3950.500     0.0000E+00
     540.500  3950.500     0.0000E+00
     541.500  3950.500     0.0000E+00
     542.500  3950.500     0.0000E+00
     543.500  3950.500     0.0000E+00
     544.500  3950.500     0.0000E+00
     495.500  3951.500     0.0000E+00
     496.500  3951.500     0.0000E+00
     497.500  3951.500     0.0000E+00
     498.500  3951.500     0.0000E+00
     499.500  3951.500     0.0000E+00
     500.500  3951.500     0.0000E+00
     501.500  3951.500     0.0000E+00
     502.500  3951.500     0.0000E+00
     503.500  3951.500     0.0000E+00
     504.500  3951.500     0.0000E+00
     505.500  3951.500     0.0000E+00
     506.500  3951.500     0.0000E+00
     507.500  3951.500     0.0000E+00
     508.500  3951.500     0.0000E+00
     509.500  3951.500     0.0000E+00
     510.500  3951.500     0.0000E+00
     511.500  3951.500     0.0000E+00
     512.500  3951.500     0.0000E+00
     513.500  3951.500     0.0000E+00
     514.500  3951.500     0.0000E+00
     515.500  3951.500     0.0000E+00
     516.500  3951.500     0.0000E+00
     517.500  3951.500     0.0000E+00
     518.500  3951.500     0.0000E+00
     519.500  3951.500     0.0000E+00
     520.500  3951.500     0.0000E+00
     521.500  3951.500     0.0000E+00
     522.500  3951.500     0.0000E+00
     523.500  3951.500     0.0000E+00
     524.500  3951.500     0.0000E+00
     525.500  3951.500     0.0000E+00
     526.500  3951.500     0.0000E+00
     527.500  3951.500     0.0000E+00
     528.500  3951.500     0.0000E+00
     529.500  3951.500     0.0000E+00
     530.500  3951.500     0.0000E+00
     531.500  3951.500     0.0000E+00
     532.500  3951.500     0.0000E+00
     533.500  3951.500     0.0000E+00
     534.500  3951.500     0.0000E+00
     535.500  3951.500     0.0000E+00
     536.500  3951.500     0.0000E+00
     537.500  3951.500     0.0000E+00
     538.500  3951.500     0.0000E+00
     539.500  3951.500     0.0000E+00
     540.500  3951.500     0.0000E+00
     541.500  3951.500     0.0000E+00
     542.500  3951.500     0.0000E+00
     543.500  3951.500     0.0000E+00
     544.500  3951.500     0.0000E+00
     495.500  3952.500     0.0000E+00
     496.500  3952.500     0.0000E+00
     497.500  3952.500     0.0000E+00
     498.500  3952.500     0.0000E+00
     499.500  3952.500     0.0000E+00
     500.500  3952.500     0.0000E+00
     501.500  3952.500     0.0000E+00
     502.500  3952.500     0.0000E+00
     503.500  3952.500     0.0000E+00
     504.500  3952.500     0.0000E+00
     505.500  3952.500     0.0000E+00
     506.500  3952.500     0.0000E+00
     507.500  3952.500     0.0000E+00
     508.500  3952.500     0.0000E+00
     509.500  3952.500     0.0000E+00
     510.500  3952.500     0.0000E+00
     511.500  3952.500     0.0000E+00
     512.500  3952.500     0.0000E+00
     513.500  3952.500     0.0000E+00
     514.500  3952.500     0.0000E+00
     515.500  3952.500     0.0000E+00
     516.500  3952.500     0.0000E+00
     517.500  3952.500     0.0000E+00
     518.500  3952.500     0.0000E+00
     519.500  3952.500     0.0000E+00
     520.500  3952.500     0.0000E+00
     521.500  3952.500     0.0000E+00
     522.500  3952.500     0.0000E+00
     523.500  3952.500     0.0000E+00
     524.500  3952.500     0.0000E+00
     525.500  3952.500     0.0000E+00
     526.500  3952.500     0.0000E+00
     527.500  3952.500     0.0000E+00
     528.500  3952.500     0.0000E+00
     529.500  3952.500     0.0000E+00
     530.500  3952.500     0.0000E+00
     531.500  3952.500     0.0000E+00
     532.500  3952.500     0.0000E+00
     533.500  3952.500     0.0000E+00
     534.500  3952.500     0.0000E+00
     535.500  3952.500     0.0000E+00
     536.500  3952.500     0.0000E+00
     537.500  3952.500     0.0000E+00
     538.500  3952.500     0.0000E+00
     539.500  3952.500     0.0000E+00
     540.500  3952.500     0.0000E+00
     541.500  3952.500     0.0000E+00
     542.500  3952.500     0.0000E+00
     543.500  3952.500     0.0000E+00
     544.500  3952.500     0.0000E+00
     495.500  3953.500     0.0000E+00
     496.500  3953.500     0.0000E+00
     497.500  3953.500     0.0000E+00
     498.500  3953.500     0.0000E+00
     499.500  3953.500     0.0000E+00
     500.500  3953.500     0.0000E+00
     501.500  3953.500     0.0000E+00
     502.500  3953.500     0.0000E+00
     503.500  3953.500     0.0000E+00
     504.500  3953.500     0.0000E+00
     505.500  3953.500     0.0000E+00
     506.500  3953.500     0.0000E+00
     507.500  3953.500     0.0000E+00
     508.500  3953.500     0.0000E+00
     509.500  3953.500     0.0000E+00
     510.500  3953.500     0.0000E+00
     511.500  3953.500     0.0000E+00
     512.500  3953.500     0.0000E+00
     513.500  3953.500     0.0000E+00
     514.500  3953.500     0.0000E+00
     515.500  3953.500     0.0000E+00
     516.500  3953.500     0.0000E+00
     517.500  3953.500     0.0000E+00
     518.500  3953.500     0.0000E+00
     519.500  3953.500     0.0000E+00
     520.500  3953.500     0.0000E+00
     521.500  3953.500     0.0000E+00
     522.500  3953.500     0.0000E+00
     523.500  3953.500     0.0000E+00
     524.500  3953.500     0.0000E+00
     525.500  3953.500     0.0000E+00
     526.500  3953.500     0.0000E+00
     527.500  3953.500     0.0000E+00
     528.500  3953.500     0.0000E+00
     529.500  3953.500     0.0000E+00
     530.500  3953.500     0.0000E+00
     531.500  3953.500     0.0000E+00
     532.500  3953.500     0.0000E+00
     533.500  3953.500     0.0000E+00
     534.500  3953.500     0.0000E+00
     535.500  3953.500     0.0000E+00
     536.500  3953.500     0.0000E+00
     537.500  3953.500     0.0000E+00
     538.500  3953.500     0.0000E+00
     539.500  3953.500     0.0000E+00
     540.500  3953.500     0.0000E+00
     541.500  3953.500     0.0000E+00
     542.500  3953.500     0.0000E+00
     543.500  3953.500     0.0000E+00
     544.500  3953.500     0.0000E+00
     495.500  3954.500     0.0000E+00
     496.500  3954.500     0.0000E+00
     497.500  3954.500     0.0000E+00
     498.500  3954.500     0.0000E+00
     499.500  3954.500     0.0000E+00
     500.500  3954.500     0.0000E+00
     501.500  3954.500     0.0000E+00
     502.500  3954.500     0.0000E+00
     503.500  3954.500     0.0000E+00
     504.500  3954.500     0.0000E+00
     505.500  3954.500     0.0000E+00
     506.500  3954.500     0.0000E+00
     507.500  3954.500     0.0000E+00
     508.500  3954.500     0.0000E+00
     509.500  3954.500     0.0000E+00
     510.500  3954.500     0.0000E+00
     511.500  3954.500     0.0000E+00
     512.500  3954.500     0.0000E+00
     513.500  3954.500     0.0000E+00
     514.500  3954.500     0.0000E+00
     515.500  3954.500     0.0000E+00
     516.500  3954.500     0.0000E+00
     517.500  3954.500     0.0000E+00
     518.500  3954.500     0.0000E+00
     519.500  3954.500     0.0000E+00
     520.500  3954.500     0.0000E+00
     521.500  3954.500     0.0000E+00
     522.500  3954.500     0.0000E+00
     523.500  3954.500     0.0000E+00
     524.500  3954.500     0.0000E+00
     525.500  3954.500     0.0000E+00
     526.500  3954.500     0.0000E+00
     527.500  3954.500     0.0000E+00
     528.500  3954.500     0.0000E+00
     529.500  3954.500     0.0000E+00
     530.500  3954.500     0.0000E+00
     531.500  3954.500     0.0000E+00
     532.500  3954.500     0.0000E+00
     533.500  3954.500     0.0000E+00
     534.500  3954.500     0.0000E+00
     535.500  3954.500     0.0000E+00
     536.500  3954.500     0.0000E+00
     537.500  3954.500     0.0000E+00
     538.500  3954.500     0.0000E+00
     539.500  3954.500     0.0000E+00
     540.500  3954.500     0.0000E+00
     541.500  3954.500     0.0000E+00
     542.500  3954.500     0.0000E+00
     543.500  3954.500     0.0000E+00
     544.500  3954.500     0.0000E+00
     523.642  3934.174     0.0000E+00
     533.661  3935.153     0.0000E+00
     534.934  3933.278     0.0000E+00
     537.941  3928.923     0.0000E+00
     539.209  3926.428     0.0000E+00
     530.687  3933.234     0.0000E+00
     528.743  3936.682     0.0000E+00
     529.379  3937.549     0.0000E+00
     527.900  3932.391     0.0000E+00
     529.626  3931.465     0.0000E+00
     530.937  3931.355     1.8998E-02
     534.513  3928.843     6.5665E-08
     530.716  3928.240     1.4393E-01
     527.755  3927.782     1.4775E-02
     530.426  3921.802     4.0160E-01
     528.551  3921.285     5.4821E+00
     529.374  3937.537     0.0000E+00
