        1   HOUR AVERAGE  CONCENTRATION VALUES AT EACH RECEPTOR  (ug/m**3)    

                   PM2.5         1

     RECEPTOR (x,y) km      VALUE
 
     495.500  3905.500     0.0000E+00
     496.500  3905.500     0.0000E+00
     497.500  3905.500     3.3356E-06
     498.500  3905.500     3.6476E-05
     499.500  3905.500     5.6498E-05
     500.500  3905.500     1.5135E-04
     501.500  3905.500     2.1476E-04
     502.500  3905.500     3.3244E-04
     503.500  3905.500     4.5053E-04
     504.500  3905.500     5.7917E-04
     505.500  3905.500     7.3827E-04
     506.500  3905.500     9.0997E-04
     507.500  3905.500     1.0825E-03
     508.500  3905.500     1.2838E-03
     509.500  3905.500     1.4883E-03
     510.500  3905.500     1.6990E-03
     511.500  3905.500     1.9417E-03
     512.500  3905.500     2.1752E-03
     513.500  3905.500     2.4625E-03
     514.500  3905.500     2.8224E-03
     515.500  3905.500     3.1395E-03
     516.500  3905.500     3.4514E-03
     517.500  3905.500     3.8566E-03
     518.500  3905.500     4.1206E-03
     519.500  3905.500     4.5309E-03
     520.500  3905.500     4.8903E-03
     521.500  3905.500     5.0622E-03
     522.500  3905.500     5.4665E-03
     523.500  3905.500     5.4638E-03
     524.500  3905.500     5.5541E-03
     525.500  3905.500     5.8202E-03
     526.500  3905.500     6.1298E-03
     527.500  3905.500     6.2844E-03
     528.500  3905.500     6.4059E-03
     529.500  3905.500     6.4777E-03
     530.500  3905.500     6.5202E-03
     531.500  3905.500     6.5320E-03
     532.500  3905.500     6.3745E-03
     533.500  3905.500     6.1503E-03
     534.500  3905.500     5.8670E-03
     535.500  3905.500     5.5433E-03
     536.500  3905.500     5.1684E-03
     537.500  3905.500     4.7065E-03
     538.500  3905.500     4.2407E-03
     539.500  3905.500     3.8949E-03
     540.500  3905.500     3.5332E-03
     541.500  3905.500     3.0797E-03
     542.500  3905.500     2.6768E-03
     543.500  3905.500     2.3550E-03
     544.500  3905.500     2.0523E-03
     495.500  3906.500     0.0000E+00
     496.500  3906.500     0.0000E+00
     497.500  3906.500     1.6922E-05
     498.500  3906.500     3.9736E-05
     499.500  3906.500     1.1313E-04
     500.500  3906.500     1.6313E-04
     501.500  3906.500     2.4464E-04
     502.500  3906.500     3.5969E-04
     503.500  3906.500     5.0446E-04
     504.500  3906.500     6.4177E-04
     505.500  3906.500     8.2356E-04
     506.500  3906.500     9.8921E-04
     507.500  3906.500     1.2079E-03
     508.500  3906.500     1.4145E-03
     509.500  3906.500     1.6488E-03
     510.500  3906.500     1.8858E-03
     511.500  3906.500     2.1882E-03
     512.500  3906.500     2.4779E-03
     513.500  3906.500     2.9035E-03
     514.500  3906.500     3.2182E-03
     515.500  3906.500     3.5820E-03
     516.500  3906.500     4.0296E-03
     517.500  3906.500     4.5151E-03
     518.500  3906.500     4.9339E-03
     519.500  3906.500     5.3683E-03
     520.500  3906.500     5.8088E-03
     521.500  3906.500     5.9922E-03
     522.500  3906.500     6.3886E-03
     523.500  3906.500     6.4718E-03
     524.500  3906.500     6.6806E-03
     525.500  3906.500     6.9743E-03
     526.500  3906.500     7.2404E-03
     527.500  3906.500     7.5294E-03
     528.500  3906.500     7.8057E-03
     529.500  3906.500     7.8792E-03
     530.500  3906.500     7.8874E-03
     531.500  3906.500     7.8289E-03
     532.500  3906.500     7.6659E-03
     533.500  3906.500     7.3868E-03
     534.500  3906.500     7.0351E-03
     535.500  3906.500     6.6536E-03
     536.500  3906.500     6.1717E-03
     537.500  3906.500     5.7108E-03
     538.500  3906.500     5.1157E-03
     539.500  3906.500     4.6382E-03
     540.500  3906.500     4.0685E-03
     541.500  3906.500     3.6205E-03
     542.500  3906.500     3.1968E-03
     543.500  3906.500     2.7950E-03
     544.500  3906.500     2.3448E-03
     495.500  3907.500     0.0000E+00
     496.500  3907.500     2.7518E-06
     497.500  3907.500     2.1823E-05
     498.500  3907.500     8.1696E-05
     499.500  3907.500     1.2382E-04
     500.500  3907.500     1.8568E-04
     501.500  3907.500     2.7504E-04
     502.500  3907.500     4.0070E-04
     503.500  3907.500     5.3510E-04
     504.500  3907.500     6.9542E-04
     505.500  3907.500     8.9259E-04
     506.500  3907.500     1.0785E-03
     507.500  3907.500     1.3144E-03
     508.500  3907.500     1.5657E-03
     509.500  3907.500     1.8381E-03
     510.500  3907.500     2.1228E-03
     511.500  3907.500     2.4473E-03
     512.500  3907.500     2.9267E-03
     513.500  3907.500     3.2813E-03
     514.500  3907.500     3.7099E-03
     515.500  3907.500     4.2531E-03
     516.500  3907.500     4.7400E-03
     517.500  3907.500     5.1987E-03
     518.500  3907.500     5.7545E-03
     519.500  3907.500     6.2740E-03
     520.500  3907.500     6.8732E-03
     521.500  3907.500     6.9172E-03
     522.500  3907.500     7.3964E-03
     523.500  3907.500     7.9389E-03
     524.500  3907.500     7.9054E-03
     525.500  3907.500     8.3626E-03
     526.500  3907.500     8.8077E-03
     527.500  3907.500     9.0778E-03
     528.500  3907.500     9.3062E-03
     529.500  3907.500     9.5364E-03
     530.500  3907.500     9.5259E-03
     531.500  3907.500     9.4037E-03
     532.500  3907.500     9.1991E-03
     533.500  3907.500     8.8022E-03
     534.500  3907.500     8.3437E-03
     535.500  3907.500     7.8860E-03
     536.500  3907.500     7.2925E-03
     537.500  3907.500     6.7072E-03
     538.500  3907.500     6.0965E-03
     539.500  3907.500     5.4507E-03
     540.500  3907.500     4.8876E-03
     541.500  3907.500     4.2465E-03
     542.500  3907.500     3.6979E-03
     543.500  3907.500     3.1943E-03
     544.500  3907.500     2.7622E-03
     495.500  3908.500     2.7022E-06
     496.500  3908.500     7.3937E-06
     497.500  3908.500     5.3065E-05
     498.500  3908.500     9.9648E-05
     499.500  3908.500     1.6157E-04
     500.500  3908.500     2.1680E-04
     501.500  3908.500     3.1107E-04
     502.500  3908.500     4.1915E-04
     503.500  3908.500     5.9355E-04
     504.500  3908.500     7.5660E-04
     505.500  3908.500     9.4926E-04
     506.500  3908.500     1.1833E-03
     507.500  3908.500     1.4312E-03
     508.500  3908.500     1.7155E-03
     509.500  3908.500     2.0232E-03
     510.500  3908.500     2.4288E-03
     511.500  3908.500     2.8631E-03
     512.500  3908.500     3.2804E-03
     513.500  3908.500     3.7524E-03
     514.500  3908.500     4.3824E-03
     515.500  3908.500     4.8381E-03
     516.500  3908.500     5.1950E-03
     517.500  3908.500     5.7619E-03
     518.500  3908.500     6.4418E-03
     519.500  3908.500     7.3386E-03
     520.500  3908.500     7.7963E-03
     521.500  3908.500     8.2672E-03
     522.500  3908.500     9.0145E-03
     523.500  3908.500     9.5149E-03
     524.500  3908.500     9.8566E-03
     525.500  3908.500     1.0040E-02
     526.500  3908.500     1.1009E-02
     527.500  3908.500     1.1469E-02
     528.500  3908.500     1.1333E-02
     529.500  3908.500     1.1449E-02
     530.500  3908.500     1.1477E-02
     531.500  3908.500     1.1361E-02
     532.500  3908.500     1.1078E-02
     533.500  3908.500     1.0670E-02
     534.500  3908.500     1.0144E-02
     535.500  3908.500     9.4762E-03
     536.500  3908.500     8.6439E-03
     537.500  3908.500     7.9024E-03
     538.500  3908.500     7.1375E-03
     539.500  3908.500     6.3482E-03
     540.500  3908.500     5.6552E-03
     541.500  3908.500     5.0140E-03
     542.500  3908.500     4.2507E-03
     543.500  3908.500     3.7282E-03
     544.500  3908.500     3.1992E-03
     495.500  3909.500     5.7239E-06
     496.500  3909.500     1.7903E-05
     497.500  3909.500     8.5494E-05
     498.500  3909.500     1.2612E-04
     499.500  3909.500     1.8717E-04
     500.500  3909.500     2.5480E-04
     501.500  3909.500     3.4146E-04
     502.500  3909.500     4.6151E-04
     503.500  3909.500     6.3504E-04
     504.500  3909.500     8.1867E-04
     505.500  3909.500     1.0173E-03
     506.500  3909.500     1.2645E-03
     507.500  3909.500     1.5507E-03
     508.500  3909.500     1.8669E-03
     509.500  3909.500     2.2954E-03
     510.500  3909.500     2.7360E-03
     511.500  3909.500     3.1782E-03
     512.500  3909.500     3.7242E-03
     513.500  3909.500     4.3945E-03
     514.500  3909.500     4.9337E-03
     515.500  3909.500     5.3949E-03
     516.500  3909.500     6.1532E-03
     517.500  3909.500     6.9621E-03
     518.500  3909.500     7.7845E-03
     519.500  3909.500     8.9082E-03
     520.500  3909.500     1.0088E-02
     521.500  3909.500     1.0114E-02
     522.500  3909.500     1.1222E-02
     523.500  3909.500     1.2201E-02
     524.500  3909.500     1.2624E-02
     525.500  3909.500     1.2520E-02
     526.500  3909.500     1.4591E-02
     527.500  3909.500     1.4042E-02
     528.500  3909.500     1.4043E-02
     529.500  3909.500     1.3721E-02
     530.500  3909.500     1.3729E-02
     531.500  3909.500     1.3617E-02
     532.500  3909.500     1.3265E-02
     533.500  3909.500     1.2792E-02
     534.500  3909.500     1.2038E-02
     535.500  3909.500     1.1260E-02
     536.500  3909.500     1.0366E-02
     537.500  3909.500     9.3308E-03
     538.500  3909.500     8.3914E-03
     539.500  3909.500     7.4575E-03
     540.500  3909.500     6.4816E-03
     541.500  3909.500     5.7001E-03
     542.500  3909.500     4.9309E-03
     543.500  3909.500     4.3045E-03
     544.500  3909.500     3.5766E-03
     495.500  3910.500     8.6856E-06
     496.500  3910.500     5.0435E-05
     497.500  3910.500     1.0777E-04
     498.500  3910.500     1.4889E-04
     499.500  3910.500     2.1674E-04
     500.500  3910.500     3.0163E-04
     501.500  3910.500     3.9252E-04
     502.500  3910.500     5.0045E-04
     503.500  3910.500     6.6797E-04
     504.500  3910.500     8.7465E-04
     505.500  3910.500     1.0953E-03
     506.500  3910.500     1.3581E-03
     507.500  3910.500     1.6603E-03
     508.500  3910.500     2.0305E-03
     509.500  3910.500     2.5327E-03
     510.500  3910.500     2.9893E-03
     511.500  3910.500     3.6227E-03
     512.500  3910.500     4.2628E-03
     513.500  3910.500     4.8885E-03
     514.500  3910.500     5.5888E-03
     515.500  3910.500     6.3904E-03
     516.500  3910.500     7.1641E-03
     517.500  3910.500     8.6335E-03
     518.500  3910.500     9.8063E-03
     519.500  3910.500     1.1027E-02
     520.500  3910.500     1.2356E-02
     521.500  3910.500     1.3706E-02
     522.500  3910.500     1.3453E-02
     523.500  3910.500     1.3607E-02
     524.500  3910.500     1.4411E-02
     525.500  3910.500     1.5736E-02
     526.500  3910.500     1.7298E-02
     527.500  3910.500     1.6769E-02
     528.500  3910.500     1.7329E-02
     529.500  3910.500     1.6572E-02
     530.500  3910.500     1.6613E-02
     531.500  3910.500     1.6392E-02
     532.500  3910.500     1.5983E-02
     533.500  3910.500     1.5308E-02
     534.500  3910.500     1.4433E-02
     535.500  3910.500     1.3402E-02
     536.500  3910.500     1.2220E-02
     537.500  3910.500     1.0954E-02
     538.500  3910.500     9.8148E-03
     539.500  3910.500     8.6243E-03
     540.500  3910.500     7.6320E-03
     541.500  3910.500     6.5668E-03
     542.500  3910.500     5.6413E-03
     543.500  3910.500     4.8164E-03
     544.500  3910.500     4.2076E-03
     495.500  3911.500     3.5070E-05
     496.500  3911.500     8.0383E-05
     497.500  3911.500     1.3090E-04
     498.500  3911.500     1.7647E-04
     499.500  3911.500     2.4652E-04
     500.500  3911.500     3.4203E-04
     501.500  3911.500     4.4015E-04
     502.500  3911.500     5.5777E-04
     503.500  3911.500     7.1144E-04
     504.500  3911.500     9.4700E-04
     505.500  3911.500     1.1885E-03
     506.500  3911.500     1.4596E-03
     507.500  3911.500     1.8077E-03
     508.500  3911.500     2.2762E-03
     509.500  3911.500     2.7400E-03
     510.500  3911.500     3.3423E-03
     511.500  3911.500     4.0371E-03
     512.500  3911.500     4.6887E-03
     513.500  3911.500     5.5668E-03
     514.500  3911.500     6.3952E-03
     515.500  3911.500     7.7235E-03
     516.500  3911.500     8.9565E-03
     517.500  3911.500     1.0356E-02
     518.500  3911.500     1.1882E-02
     519.500  3911.500     1.3477E-02
     520.500  3911.500     1.6083E-02
     521.500  3911.500     1.8589E-02
     522.500  3911.500     1.6481E-02
     523.500  3911.500     1.6799E-02
     524.500  3911.500     2.0277E-02
     525.500  3911.500     2.0058E-02
     526.500  3911.500     1.9636E-02
     527.500  3911.500     2.0223E-02
     528.500  3911.500     2.0952E-02
     529.500  3911.500     2.0547E-02
     530.500  3911.500     1.9918E-02
     531.500  3911.500     1.9777E-02
     532.500  3911.500     1.9214E-02
     533.500  3911.500     1.8232E-02
     534.500  3911.500     1.7071E-02
     535.500  3911.500     1.5751E-02
     536.500  3911.500     1.4384E-02
     537.500  3911.500     1.2853E-02
     538.500  3911.500     1.1452E-02
     539.500  3911.500     9.9690E-03
     540.500  3911.500     8.6837E-03
     541.500  3911.500     7.5521E-03
     542.500  3911.500     6.4876E-03
     543.500  3911.500     5.4922E-03
     544.500  3911.500     4.6356E-03
     495.500  3912.500     5.8571E-05
     496.500  3912.500     1.1017E-04
     497.500  3912.500     1.5775E-04
     498.500  3912.500     2.1770E-04
     499.500  3912.500     2.8841E-04
     500.500  3912.500     3.8360E-04
     501.500  3912.500     4.9560E-04
     502.500  3912.500     6.3852E-04
     503.500  3912.500     7.7081E-04
     504.500  3912.500     1.0172E-03
     505.500  3912.500     1.2855E-03
     506.500  3912.500     1.5871E-03
     507.500  3912.500     2.0264E-03
     508.500  3912.500     2.4515E-03
     509.500  3912.500     3.0069E-03
     510.500  3912.500     3.6948E-03
     511.500  3912.500     4.3812E-03
     512.500  3912.500     5.2767E-03
     513.500  3912.500     6.1648E-03
     514.500  3912.500     7.5771E-03
     515.500  3912.500     8.9422E-03
     516.500  3912.500     1.0567E-02
     517.500  3912.500     1.2398E-02
     518.500  3912.500     1.4885E-02
     519.500  3912.500     1.9521E-02
     520.500  3912.500     2.2925E-02
     521.500  3912.500     2.6323E-02
     522.500  3912.500     2.1956E-02
     523.500  3912.500     2.2960E-02
     524.500  3912.500     2.8844E-02
     525.500  3912.500     2.7938E-02
     526.500  3912.500     2.4972E-02
     527.500  3912.500     2.4729E-02
     528.500  3912.500     2.6698E-02
     529.500  3912.500     2.6441E-02
     530.500  3912.500     2.5677E-02
     531.500  3912.500     2.5506E-02
     532.500  3912.500     2.4485E-02
     533.500  3912.500     2.2017E-02
     534.500  3912.500     2.0206E-02
     535.500  3912.500     1.8392E-02
     536.500  3912.500     1.6611E-02
     537.500  3912.500     1.4867E-02
     538.500  3912.500     1.3137E-02
     539.500  3912.500     1.1518E-02
     540.500  3912.500     9.9070E-03
     541.500  3912.500     8.5818E-03
     542.500  3912.500     7.2322E-03
     543.500  3912.500     6.2139E-03
     544.500  3912.500     5.1523E-03
     495.500  3913.500     8.2234E-05
     496.500  3913.500     1.3545E-04
     497.500  3913.500     1.9320E-04
     498.500  3913.500     2.5765E-04
     499.500  3913.500     3.3604E-04
     500.500  3913.500     4.4329E-04
     501.500  3913.500     5.6451E-04
     502.500  3913.500     7.1026E-04
     503.500  3913.500     8.5786E-04
     504.500  3913.500     1.1112E-03
     505.500  3913.500     1.3793E-03
     506.500  3913.500     1.7682E-03
     507.500  3913.500     2.1882E-03
     508.500  3913.500     2.6775E-03
     509.500  3913.500     3.3304E-03
     510.500  3913.500     4.0125E-03
     511.500  3913.500     5.2873E-03
     512.500  3913.500     6.1744E-03
     513.500  3913.500     7.0364E-03
     514.500  3913.500     8.6185E-03
     515.500  3913.500     1.0376E-02
     516.500  3913.500     1.2423E-02
     517.500  3913.500     1.7300E-02
     518.500  3913.500     2.1709E-02
     519.500  3913.500     2.6851E-02
     520.500  3913.500     3.3921E-02
     521.500  3913.500     3.9930E-02
     522.500  3913.500     3.1757E-02
     523.500  3913.500     3.9945E-02
     524.500  3913.500     3.9807E-02
     525.500  3913.500     5.3940E-02
     526.500  3913.500     3.6529E-02
     527.500  3913.500     3.1458E-02
     528.500  3913.500     3.4908E-02
     529.500  3913.500     3.5045E-02
     530.500  3913.500     3.9474E-02
     531.500  3913.500     4.0245E-02
     532.500  3913.500     3.0348E-02
     533.500  3913.500     2.6449E-02
     534.500  3913.500     2.4295E-02
     535.500  3913.500     2.2059E-02
     536.500  3913.500     1.9458E-02
     537.500  3913.500     1.7006E-02
     538.500  3913.500     1.4907E-02
     539.500  3913.500     1.2982E-02
     540.500  3913.500     1.1286E-02
     541.500  3913.500     9.6345E-03
     542.500  3913.500     8.1893E-03
     543.500  3913.500     6.8059E-03
     544.500  3913.500     5.7538E-03
     495.500  3914.500     1.0659E-04
     496.500  3914.500     1.6971E-04
     497.500  3914.500     2.3107E-04
     498.500  3914.500     3.0820E-04
     499.500  3914.500     3.9646E-04
     500.500  3914.500     5.0999E-04
     501.500  3914.500     6.4414E-04
     502.500  3914.500     8.0651E-04
     503.500  3914.500     1.0244E-03
     504.500  3914.500     1.2101E-03
     505.500  3914.500     1.5375E-03
     506.500  3914.500     1.9631E-03
     507.500  3914.500     2.4007E-03
     508.500  3914.500     2.9980E-03
     509.500  3914.500     3.6331E-03
     510.500  3914.500     5.2743E-03
     511.500  3914.500     6.2667E-03
     512.500  3914.500     8.2048E-03
     513.500  3914.500     9.8332E-03
     514.500  3914.500     1.1856E-02
     515.500  3914.500     1.2990E-02
     516.500  3914.500     1.7305E-02
     517.500  3914.500     2.2654E-02
     518.500  3914.500     3.1149E-02
     519.500  3914.500     4.0396E-02
     520.500  3914.500     5.0777E-02
     521.500  3914.500     6.1725E-02
     522.500  3914.500     5.9245E-02
     523.500  3914.500     5.8056E-02
     524.500  3914.500     7.0736E-02
     525.500  3914.500     7.5186E-02
     526.500  3914.500     1.0728E-01
     527.500  3914.500     4.7093E-02
     528.500  3914.500     1.9026E-01
     529.500  3914.500     2.7715E-01
     530.500  3914.500     1.3096E-01
     531.500  3914.500     4.2475E-02
     532.500  3914.500     3.5371E-02
     533.500  3914.500     3.1706E-02
     534.500  3914.500     2.8765E-02
     535.500  3914.500     2.5605E-02
     536.500  3914.500     2.2562E-02
     537.500  3914.500     1.9383E-02
     538.500  3914.500     1.6946E-02
     539.500  3914.500     1.4648E-02
     540.500  3914.500     1.2553E-02
     541.500  3914.500     1.0563E-02
     542.500  3914.500     9.0755E-03
     543.500  3914.500     7.5617E-03
     544.500  3914.500     6.2050E-03
     495.500  3915.500     1.3984E-04
     496.500  3915.500     2.0213E-04
     497.500  3915.500     2.7524E-04
     498.500  3915.500     3.5644E-04
     499.500  3915.500     4.6080E-04
     500.500  3915.500     5.8903E-04
     501.500  3915.500     7.4564E-04
     502.500  3915.500     9.3557E-04
     503.500  3915.500     1.1722E-03
     504.500  3915.500     1.3489E-03
     505.500  3915.500     1.7794E-03
     506.500  3915.500     2.2075E-03
     507.500  3915.500     2.7162E-03
     508.500  3915.500     3.3199E-03
     509.500  3915.500     5.1363E-03
     510.500  3915.500     6.1889E-03
     511.500  3915.500     8.6977E-03
     512.500  3915.500     1.0503E-02
     513.500  3915.500     1.4015E-02
     514.500  3915.500     1.6296E-02
     515.500  3915.500     1.9457E-02
     516.500  3915.500     2.3983E-02
     517.500  3915.500     3.1740E-02
     518.500  3915.500     4.3960E-02
     519.500  3915.500     5.9259E-02
     520.500  3915.500     7.9042E-02
     521.500  3915.500     9.9230E-02
     522.500  3915.500     1.1635E-01
     523.500  3915.500     1.2260E-01
     524.500  3915.500     1.3732E-01
     525.500  3915.500     1.4319E-01
     526.500  3915.500     1.8386E-01
     527.500  3915.500     2.4742E-01
     528.500  3915.500     3.7035E-01
     529.500  3915.500     6.5798E-01
     530.500  3915.500     6.7441E-02
     531.500  3915.500     4.7379E-02
     532.500  3915.500     4.1601E-02
     533.500  3915.500     3.8226E-02
     534.500  3915.500     3.4114E-02
     535.500  3915.500     2.9678E-02
     536.500  3915.500     2.5816E-02
     537.500  3915.500     2.2075E-02
     538.500  3915.500     1.8783E-02
     539.500  3915.500     1.6230E-02
     540.500  3915.500     1.3916E-02
     541.500  3915.500     1.1730E-02
     542.500  3915.500     9.7893E-03
     543.500  3915.500     8.2344E-03
     544.500  3915.500     6.8140E-03
     495.500  3916.500     1.7059E-04
     496.500  3916.500     2.3641E-04
     497.500  3916.500     3.2028E-04
     498.500  3916.500     4.2263E-04
     499.500  3916.500     5.3853E-04
     500.500  3916.500     6.8681E-04
     501.500  3916.500     8.5640E-04
     502.500  3916.500     1.0739E-03
     503.500  3916.500     1.3348E-03
     504.500  3916.500     1.5924E-03
     505.500  3916.500     1.9589E-03
     506.500  3916.500     2.4787E-03
     507.500  3916.500     3.0308E-03
     508.500  3916.500     3.6409E-03
     509.500  3916.500     5.8390E-03
     510.500  3916.500     6.9434E-03
     511.500  3916.500     9.9960E-03
     512.500  3916.500     1.2381E-02
     513.500  3916.500     1.7334E-02
     514.500  3916.500     2.1463E-02
     515.500  3916.500     2.7285E-02
     516.500  3916.500     3.5503E-02
     517.500  3916.500     4.5937E-02
     518.500  3916.500     6.1284E-02
     519.500  3916.500     8.7446E-02
     520.500  3916.500     1.1846E-01
     521.500  3916.500     1.5599E-01
     522.500  3916.500     1.8023E-01
     523.500  3916.500     1.7360E-01
     524.500  3916.500     2.4823E-01
     525.500  3916.500     2.0585E-01
     526.500  3916.500     1.0540E-01
     527.500  3916.500     3.2450E-01
     528.500  3916.500     3.0393E-01
     529.500  3916.500     2.4366E-01
     530.500  3916.500     6.1360E-02
     531.500  3916.500     6.1982E-02
     532.500  3916.500     6.0118E-02
     533.500  3916.500     4.5313E-02
     534.500  3916.500     3.9366E-02
     535.500  3916.500     3.3938E-02
     536.500  3916.500     2.8907E-02
     537.500  3916.500     2.4536E-02
     538.500  3916.500     2.0938E-02
     539.500  3916.500     1.7986E-02
     540.500  3916.500     1.4988E-02
     541.500  3916.500     1.2649E-02
     542.500  3916.500     1.0691E-02
     543.500  3916.500     8.6606E-03
     544.500  3916.500     7.2561E-03
     495.500  3917.500     1.9876E-04
     496.500  3917.500     2.8437E-04
     497.500  3917.500     3.7034E-04
     498.500  3917.500     4.8912E-04
     499.500  3917.500     6.2860E-04
     500.500  3917.500     7.9058E-04
     501.500  3917.500     9.8422E-04
     502.500  3917.500     1.2425E-03
     503.500  3917.500     1.5255E-03
     504.500  3917.500     1.8312E-03
     505.500  3917.500     2.1941E-03
     506.500  3917.500     2.7671E-03
     507.500  3917.500     3.3613E-03
     508.500  3917.500     5.3796E-03
     509.500  3917.500     6.4536E-03
     510.500  3917.500     9.8572E-03
     511.500  3917.500     1.1662E-02
     512.500  3917.500     1.6907E-02
     513.500  3917.500     2.0543E-02
     514.500  3917.500     2.4730E-02
     515.500  3917.500     3.4607E-02
     516.500  3917.500     4.6460E-02
     517.500  3917.500     6.3497E-02
     518.500  3917.500     8.8917E-02
     519.500  3917.500     1.2384E-01
     520.500  3917.500     1.7326E-01
     521.500  3917.500     2.3089E-01
     522.500  3917.500     2.0178E-01
     523.500  3917.500     1.4490E-01
     524.500  3917.500     2.8227E-01
     525.500  3917.500     2.1896E-01
     526.500  3917.500     8.4614E-02
     527.500  3917.500     7.8024E-02
     528.500  3917.500     6.6897E-02
     529.500  3917.500     6.3069E-02
     530.500  3917.500     1.0554E-01
     531.500  3917.500     5.3213E-01
     532.500  3917.500     4.8615E-01
     533.500  3917.500     5.6542E-02
     534.500  3917.500     4.4835E-02
     535.500  3917.500     3.7993E-02
     536.500  3917.500     3.1943E-02
     537.500  3917.500     2.6760E-02
     538.500  3917.500     2.2696E-02
     539.500  3917.500     1.9268E-02
     540.500  3917.500     1.6342E-02
     541.500  3917.500     1.3587E-02
     542.500  3917.500     1.1256E-02
     543.500  3917.500     9.4056E-03
     544.500  3917.500     7.5529E-03
     495.500  3918.500     2.3880E-04
     496.500  3918.500     3.2732E-04
     497.500  3918.500     4.3326E-04
     498.500  3918.500     5.6188E-04
     499.500  3918.500     7.2111E-04
     500.500  3918.500     9.0189E-04
     501.500  3918.500     1.1400E-03
     502.500  3918.500     1.4185E-03
     503.500  3918.500     1.7432E-03
     504.500  3918.500     2.0920E-03
     505.500  3918.500     2.4690E-03
     506.500  3918.500     3.1213E-03
     507.500  3918.500     4.3373E-03
     508.500  3918.500     7.0692E-03
     509.500  3918.500     8.3041E-03
     510.500  3918.500     1.1487E-02
     511.500  3918.500     1.3917E-02
     512.500  3918.500     1.9878E-02
     513.500  3918.500     2.4454E-02
     514.500  3918.500     2.7217E-02
     515.500  3918.500     3.7936E-02
     516.500  3918.500     5.5453E-02
     517.500  3918.500     7.7850E-02
     518.500  3918.500     1.1203E-01
     519.500  3918.500     1.6281E-01
     520.500  3918.500     2.3391E-01
     521.500  3918.500     3.3837E-01
     522.500  3918.500     4.4202E-01
     523.500  3918.500     1.7138E-01
     524.500  3918.500     1.7363E-01
     525.500  3918.500     1.1699E-01
     526.500  3918.500     6.7334E-02
     527.500  3918.500     5.7412E-02
     528.500  3918.500     6.1865E-02
     529.500  3918.500     7.7133E-02
     530.500  3918.500     3.7804E-01
     531.500  3918.500     1.6307E-01
     532.500  3918.500     7.5249E-01
     533.500  3918.500     7.6480E-02
     534.500  3918.500     4.9076E-02
     535.500  3918.500     4.1007E-02
     536.500  3918.500     3.4380E-02
     537.500  3918.500     2.8798E-02
     538.500  3918.500     2.4265E-02
     539.500  3918.500     2.0486E-02
     540.500  3918.500     1.7111E-02
     541.500  3918.500     1.4356E-02
     542.500  3918.500     1.1846E-02
     543.500  3918.500     9.7233E-03
     544.500  3918.500     7.9597E-03
     495.500  3919.500     2.7426E-04
     496.500  3919.500     3.7844E-04
     497.500  3919.500     4.9540E-04
     498.500  3919.500     6.4864E-04
     499.500  3919.500     8.1728E-04
     500.500  3919.500     1.0451E-03
     501.500  3919.500     1.2990E-03
     502.500  3919.500     1.6077E-03
     503.500  3919.500     1.9752E-03
     504.500  3919.500     2.9358E-03
     505.500  3919.500     3.2927E-03
     506.500  3919.500     4.7975E-03
     507.500  3919.500     6.2826E-03
     508.500  3919.500     8.7941E-03
     509.500  3919.500     1.0256E-02
     510.500  3919.500     1.4372E-02
     511.500  3919.500     1.8223E-02
     512.500  3919.500     2.4004E-02
     513.500  3919.500     3.0215E-02
     514.500  3919.500     3.5375E-02
     515.500  3919.500     4.3631E-02
     516.500  3919.500     6.0613E-02
     517.500  3919.500     9.0850E-02
     518.500  3919.500     1.2865E-01
     519.500  3919.500     2.0528E-01
     520.500  3919.500     3.0252E-01
     521.500  3919.500     4.3247E-01
     522.500  3919.500     5.7228E-01
     523.500  3919.500     3.1545E-01
     524.500  3919.500     1.0701E-01
     525.500  3919.500     8.7598E-02
     526.500  3919.500     7.2185E-02
     527.500  3919.500     1.0745E-01
     528.500  3919.500     1.2239E-01
     529.500  3919.500     1.4139E-01
     530.500  3919.500     7.9403E-02
     531.500  3919.500     8.5985E-02
     532.500  3919.500     5.1860E-01
     533.500  3919.500     5.8735E-02
     534.500  3919.500     4.8940E-02
     535.500  3919.500     4.2067E-02
     536.500  3919.500     3.5662E-02
     537.500  3919.500     3.0016E-02
     538.500  3919.500     2.5302E-02
     539.500  3919.500     2.1314E-02
     540.500  3919.500     1.7787E-02
     541.500  3919.500     1.4647E-02
     542.500  3919.500     1.2239E-02
     543.500  3919.500     9.8087E-03
     544.500  3919.500     8.1190E-03
     495.500  3920.500     3.1270E-04
     496.500  3920.500     4.3363E-04
     497.500  3920.500     5.6764E-04
     498.500  3920.500     7.3025E-04
     499.500  3920.500     9.3706E-04
     500.500  3920.500     1.1829E-03
     501.500  3920.500     1.4709E-03
     502.500  3920.500     1.8077E-03
     503.500  3920.500     2.8567E-03
     504.500  3920.500     3.9822E-03
     505.500  3920.500     4.9775E-03
     506.500  3920.500     7.1375E-03
     507.500  3920.500     8.3935E-03
     508.500  3920.500     1.3093E-02
     509.500  3920.500     1.6361E-02
     510.500  3920.500     2.0604E-02
     511.500  3920.500     2.5415E-02
     512.500  3920.500     3.1811E-02
     513.500  3920.500     3.8097E-02
     514.500  3920.500     4.4617E-02
     515.500  3920.500     5.6139E-02
     516.500  3920.500     5.5411E-02
     517.500  3920.500     9.7939E-02
     518.500  3920.500     1.5605E-01
     519.500  3920.500     2.2875E-01
     520.500  3920.500     3.3760E-01
     521.500  3920.500     4.4843E-01
     522.500  3920.500     4.0965E-01
     523.500  3920.500     2.1302E-01
     524.500  3920.500     1.3599E-01
     525.500  3920.500     1.6707E-01
     526.500  3920.500     1.0367E+00
     527.500  3920.500     1.3322E-01
     528.500  3920.500     9.8761E-02
     529.500  3920.500     1.1455E-01
     530.500  3920.500     6.8401E-02
     531.500  3920.500     2.7311E-01
     532.500  3920.500     6.5055E-02
     533.500  3920.500     5.5575E-02
     534.500  3920.500     5.3229E-02
     535.500  3920.500     4.8582E-02
     536.500  3920.500     3.7116E-02
     537.500  3920.500     3.1616E-02
     538.500  3920.500     2.5903E-02
     539.500  3920.500     2.1723E-02
     540.500  3920.500     1.8223E-02
     541.500  3920.500     1.4986E-02
     542.500  3920.500     1.2421E-02
     543.500  3920.500     1.0127E-02
     544.500  3920.500     8.2046E-03
     495.500  3921.500     3.6020E-04
     496.500  3921.500     4.8367E-04
     497.500  3921.500     6.3644E-04
     498.500  3921.500     8.2527E-04
     499.500  3921.500     1.0516E-03
     500.500  3921.500     1.3265E-03
     501.500  3921.500     2.2003E-03
     502.500  3921.500     3.2746E-03
     503.500  3921.500     4.6779E-03
     504.500  3921.500     6.1466E-03
     505.500  3921.500     7.4791E-03
     506.500  3921.500     1.0413E-02
     507.500  3921.500     1.6170E-02
     508.500  3921.500     2.0561E-02
     509.500  3921.500     2.3639E-02
     510.500  3921.500     2.9621E-02
     511.500  3921.500     3.6000E-02
     512.500  3921.500     4.3485E-02
     513.500  3921.500     5.1086E-02
     514.500  3921.500     6.1323E-02
     515.500  3921.500     7.2688E-02
     516.500  3921.500     8.7218E-02
     517.500  3921.500     8.8228E-02
     518.500  3921.500     1.7791E-01
     519.500  3921.500     2.3018E-01
     520.500  3921.500     2.6952E-01
     521.500  3921.500     4.2898E-01
     522.500  3921.500     4.6314E-01
     523.500  3921.500     2.9457E-01
     524.500  3921.500     1.9807E-01
     525.500  3921.500     2.0034E-01
     526.500  3921.500     1.9804E-01
     527.500  3921.500     7.0998E-02
     528.500  3921.500     1.1000E-01
     529.500  3921.500     1.2592E-01
     530.500  3921.500     6.8309E-02
     531.500  3921.500     6.5454E-02
     532.500  3921.500     7.0440E-02
     533.500  3921.500     6.0599E-02
     534.500  3921.500     1.5590E-01
     535.500  3921.500     1.7123E-01
     536.500  3921.500     4.2034E-02
     537.500  3921.500     3.2739E-02
     538.500  3921.500     2.7359E-02
     539.500  3921.500     2.1995E-02
     540.500  3921.500     1.8282E-02
     541.500  3921.500     1.5187E-02
     542.500  3921.500     1.2502E-02
     543.500  3921.500     1.0288E-02
     544.500  3921.500     8.1937E-03
     495.500  3922.500     4.0492E-04
     496.500  3922.500     5.4390E-04
     497.500  3922.500     7.1073E-04
     498.500  3922.500     9.2503E-04
     499.500  3922.500     1.1715E-03
     500.500  3922.500     2.0706E-03
     501.500  3922.500     3.1926E-03
     502.500  3922.500     4.6867E-03
     503.500  3922.500     6.5115E-03
     504.500  3922.500     9.8795E-03
     505.500  3922.500     1.3916E-02
     506.500  3922.500     1.6635E-02
     507.500  3922.500     2.4044E-02
     508.500  3922.500     2.9609E-02
     509.500  3922.500     3.5960E-02
     510.500  3922.500     4.4645E-02
     511.500  3922.500     5.6274E-02
     512.500  3922.500     6.3038E-02
     513.500  3922.500     7.1743E-02
     514.500  3922.500     7.9424E-02
     515.500  3922.500     8.5259E-02
     516.500  3922.500     1.0390E-01
     517.500  3922.500     1.1873E-01
     518.500  3922.500     1.0935E-01
     519.500  3922.500     3.0770E-01
     520.500  3922.500     8.3325E-01
     521.500  3922.500     5.6429E+00
     522.500  3922.500     1.6432E+00
     523.500  3922.500     5.5383E-01
     524.500  3922.500     1.1024E+00
     525.500  3922.500     2.5799E-01
     526.500  3922.500     1.1803E-01
     527.500  3922.500     8.5635E-02
     528.500  3922.500     1.7837E-01
     529.500  3922.500     1.0043E-01
     530.500  3922.500     7.1096E-02
     531.500  3922.500     6.2148E-02
     532.500  3922.500     6.5464E-02
     533.500  3922.500     7.1310E-02
     534.500  3922.500     5.0082E-01
     535.500  3922.500     4.7062E-01
     536.500  3922.500     5.7302E-02
     537.500  3922.500     3.5120E-02
     538.500  3922.500     2.8460E-02
     539.500  3922.500     2.3341E-02
     540.500  3922.500     1.8305E-02
     541.500  3922.500     1.5136E-02
     542.500  3922.500     1.2471E-02
     543.500  3922.500     1.0220E-02
     544.500  3922.500     8.1278E-03
     495.500  3923.500     4.4665E-04
     496.500  3923.500     6.0159E-04
     497.500  3923.500     7.8828E-04
     498.500  3923.500     1.0180E-03
     499.500  3923.500     1.9087E-03
     500.500  3923.500     3.0575E-03
     501.500  3923.500     5.2445E-03
     502.500  3923.500     7.2300E-03
     503.500  3923.500     1.0978E-02
     504.500  3923.500     1.5940E-02
     505.500  3923.500     2.1380E-02
     506.500  3923.500     2.6693E-02
     507.500  3923.500     3.5716E-02
     508.500  3923.500     4.4758E-02
     509.500  3923.500     5.5554E-02
     510.500  3923.500     6.6778E-02
     511.500  3923.500     7.5635E-02
     512.500  3923.500     8.6950E-02
     513.500  3923.500     9.5822E-02
     514.500  3923.500     1.0869E-01
     515.500  3923.500     1.1476E-01
     516.500  3923.500     1.2249E-01
     517.500  3923.500     1.4960E-01
     518.500  3923.500     1.2931E-01
     519.500  3923.500     2.7860E-01
     520.500  3923.500     2.5093E+00
     521.500  3923.500     3.8474E+00
     522.500  3923.500     1.4286E+00
     523.500  3923.500     5.4043E+00
     524.500  3923.500     5.4281E-01
     525.500  3923.500     2.5218E-01
     526.500  3923.500     7.5044E-02
     527.500  3923.500     1.6384E-01
     528.500  3923.500     5.2517E-01
     529.500  3923.500     2.0614E-01
     530.500  3923.500     6.4989E-02
     531.500  3923.500     5.7700E-02
     532.500  3923.500     6.1747E-02
     533.500  3923.500     8.0892E-02
     534.500  3923.500     5.8625E-01
     535.500  3923.500     2.9379E-01
     536.500  3923.500     7.1863E-02
     537.500  3923.500     3.7514E-02
     538.500  3923.500     2.9604E-02
     539.500  3923.500     2.3916E-02
     540.500  3923.500     1.8570E-02
     541.500  3923.500     1.5073E-02
     542.500  3923.500     1.2421E-02
     543.500  3923.500     1.0045E-02
     544.500  3923.500     8.2406E-03
     495.500  3924.500     4.8793E-04
     496.500  3924.500     6.5892E-04
     497.500  3924.500     8.6855E-04
     498.500  3924.500     1.7262E-03
     499.500  3924.500     2.8768E-03
     500.500  3924.500     5.1265E-03
     501.500  3924.500     7.2406E-03
     502.500  3924.500     1.1321E-02
     503.500  3924.500     1.6848E-02
     504.500  3924.500     2.3141E-02
     505.500  3924.500     3.1255E-02
     506.500  3924.500     4.1889E-02
     507.500  3924.500     5.2863E-02
     508.500  3924.500     6.7479E-02
     509.500  3924.500     7.8850E-02
     510.500  3924.500     9.2654E-02
     511.500  3924.500     1.0869E-01
     512.500  3924.500     1.2354E-01
     513.500  3924.500     1.3541E-01
     514.500  3924.500     1.4596E-01
     515.500  3924.500     1.5268E-01
     516.500  3924.500     1.8062E-01
     517.500  3924.500     2.1135E-01
     518.500  3924.500     1.7473E-01
     519.500  3924.500     1.7171E-01
     520.500  3924.500     8.5822E-01
     521.500  3924.500     1.3060E+00
     522.500  3924.500     1.5082E+00
     523.500  3924.500     3.9659E-01
     524.500  3924.500     2.6263E-01
     525.500  3924.500     1.9803E-01
     526.500  3924.500     7.1944E-02
     527.500  3924.500     3.1567E-01
     528.500  3924.500     3.1464E-01
     529.500  3924.500     2.7356E-01
     530.500  3924.500     9.4009E-02
     531.500  3924.500     5.1594E-02
     532.500  3924.500     6.1761E-02
     533.500  3924.500     7.8823E-02
     534.500  3924.500     3.0651E-01
     535.500  3924.500     4.5612E-01
     536.500  3924.500     1.1082E-01
     537.500  3924.500     4.8757E-02
     538.500  3924.500     3.0629E-02
     539.500  3924.500     2.4057E-02
     540.500  3924.500     1.8538E-02
     541.500  3924.500     1.4883E-02
     542.500  3924.500     1.2090E-02
     543.500  3924.500     9.7588E-03
     544.500  3924.500     8.0090E-03
     495.500  3925.500     5.3887E-04
     496.500  3925.500     7.1472E-04
     497.500  3925.500     1.5341E-03
     498.500  3925.500     2.6406E-03
     499.500  3925.500     4.8840E-03
     500.500  3925.500     7.0650E-03
     501.500  3925.500     1.1350E-02
     502.500  3925.500     1.8086E-02
     503.500  3925.500     2.5779E-02
     504.500  3925.500     3.5294E-02
     505.500  3925.500     4.6751E-02
     506.500  3925.500     6.2575E-02
     507.500  3925.500     7.6219E-02
     508.500  3925.500     9.2945E-02
     509.500  3925.500     1.1387E-01
     510.500  3925.500     1.3305E-01
     511.500  3925.500     1.5037E-01
     512.500  3925.500     1.6932E-01
     513.500  3925.500     1.8435E-01
     514.500  3925.500     1.9759E-01
     515.500  3925.500     2.0809E-01
     516.500  3925.500     2.5004E-01
     517.500  3925.500     2.9026E-01
     518.500  3925.500     3.9306E-01
     519.500  3925.500     2.8206E-01
     520.500  3925.500     2.0162E-01
     521.500  3925.500     6.0538E-01
     522.500  3925.500     4.7042E-01
     523.500  3925.500     1.7490E-01
     524.500  3925.500     1.2360E-01
     525.500  3925.500     1.3731E-01
     526.500  3925.500     2.1621E-01
     527.500  3925.500     1.4643E-01
     528.500  3925.500     1.4716E-01
     529.500  3925.500     2.8343E-01
     530.500  3925.500     7.4399E-02
     531.500  3925.500     5.1839E-02
     532.500  3925.500     7.3645E-02
     533.500  3925.500     1.3313E-01
     534.500  3925.500     9.9619E-01
     535.500  3925.500     1.3206E+00
     536.500  3925.500     8.2067E-02
     537.500  3925.500     3.9775E-02
     538.500  3925.500     3.0105E-02
     539.500  3925.500     2.3372E-02
     540.500  3925.500     1.7892E-02
     541.500  3925.500     1.4357E-02
     542.500  3925.500     1.1607E-02
     543.500  3925.500     9.3248E-03
     544.500  3925.500     7.6385E-03
     495.500  3926.500     5.7684E-04
     496.500  3926.500     1.3238E-03
     497.500  3926.500     2.3712E-03
     498.500  3926.500     4.5240E-03
     499.500  3926.500     6.7028E-03
     500.500  3926.500     1.1035E-02
     501.500  3926.500     1.8029E-02
     502.500  3926.500     2.7018E-02
     503.500  3926.500     3.8344E-02
     504.500  3926.500     4.9752E-02
     505.500  3926.500     6.8488E-02
     506.500  3926.500     8.5232E-02
     507.500  3926.500     1.0459E-01
     508.500  3926.500     1.3180E-01
     509.500  3926.500     1.5554E-01
     510.500  3926.500     1.7973E-01
     511.500  3926.500     2.0524E-01
     512.500  3926.500     2.2744E-01
     513.500  3926.500     2.4984E-01
     514.500  3926.500     2.6643E-01
     515.500  3926.500     2.9608E-01
     516.500  3926.500     3.2411E-01
     517.500  3926.500     3.6723E-01
     518.500  3926.500     4.8309E-01
     519.500  3926.500     4.1293E-01
     520.500  3926.500     6.4867E-01
     521.500  3926.500     3.0437E+00
     522.500  3926.500     2.3455E-01
     523.500  3926.500     7.7102E-01
     524.500  3926.500     3.4752E-01
     525.500  3926.500     4.3773E-01
     526.500  3926.500     1.6506E-01
     527.500  3926.500     8.5096E-02
     528.500  3926.500     8.3874E-02
     529.500  3926.500     2.5788E-01
     530.500  3926.500     4.5268E-02
     531.500  3926.500     4.9736E-02
     532.500  3926.500     8.1521E-02
     533.500  3926.500     3.8330E-01
     534.500  3926.500     2.1309E+00
     535.500  3926.500     9.4568E-02
     536.500  3926.500     4.4220E-02
     537.500  3926.500     3.9668E-02
     538.500  3926.500     2.8125E-02
     539.500  3926.500     2.2274E-02
     540.500  3926.500     1.6765E-02
     541.500  3926.500     1.3388E-02
     542.500  3926.500     1.0836E-02
     543.500  3926.500     8.6698E-03
     544.500  3926.500     6.8637E-03
     495.500  3927.500     6.1190E-04
     496.500  3927.500     2.0716E-03
     497.500  3927.500     4.0717E-03
     498.500  3927.500     6.1662E-03
     499.500  3927.500     1.0399E-02
     500.500  3927.500     1.7358E-02
     501.500  3927.500     2.4997E-02
     502.500  3927.500     3.6778E-02
     503.500  3927.500     5.0921E-02
     504.500  3927.500     7.1429E-02
     505.500  3927.500     9.1506E-02
     506.500  3927.500     1.1631E-01
     507.500  3927.500     1.4562E-01
     508.500  3927.500     1.7709E-01
     509.500  3927.500     2.0954E-01
     510.500  3927.500     2.4264E-01
     511.500  3927.500     2.7672E-01
     512.500  3927.500     3.0686E-01
     513.500  3927.500     3.3553E-01
     514.500  3927.500     3.5648E-01
     515.500  3927.500     3.9030E-01
     516.500  3927.500     4.1990E-01
     517.500  3927.500     4.6217E-01
     518.500  3927.500     5.9725E-01
     519.500  3927.500     4.2041E-01
     520.500  3927.500     1.7891E+00
     521.500  3927.500     2.1330E+00
     522.500  3927.500     2.4283E+00
     523.500  3927.500     4.9539E-01
     524.500  3927.500     2.3471E-01
     525.500  3927.500     2.0279E-01
     526.500  3927.500     1.2916E-01
     527.500  3927.500     1.0888E-01
     528.500  3927.500     9.8970E-02
     529.500  3927.500     6.9409E-02
     530.500  3927.500     5.4131E-02
     531.500  3927.500     1.0548E-01
     532.500  3927.500     1.6092E-01
     533.500  3927.500     1.9408E+00
     534.500  3927.500     4.0612E-01
     535.500  3927.500     3.3031E-02
     536.500  3927.500     3.2007E-02
     537.500  3927.500     4.3368E-02
     538.500  3927.500     2.9490E-02
     539.500  3927.500     2.3084E-02
     540.500  3927.500     1.5302E-02
     541.500  3927.500     1.1940E-02
     542.500  3927.500     9.6161E-03
     543.500  3927.500     7.7665E-03
     544.500  3927.500     6.1699E-03
     495.500  3928.500     1.2489E-03
     496.500  3928.500     3.0171E-03
     497.500  3928.500     5.5056E-03
     498.500  3928.500     9.4671E-03
     499.500  3928.500     1.5303E-02
     500.500  3928.500     2.2854E-02
     501.500  3928.500     3.4483E-02
     502.500  3928.500     5.0024E-02
     503.500  3928.500     7.1532E-02
     504.500  3928.500     9.3712E-02
     505.500  3928.500     1.2172E-01
     506.500  3928.500     1.5569E-01
     507.500  3928.500     1.9232E-01
     508.500  3928.500     2.3289E-01
     509.500  3928.500     2.7757E-01
     510.500  3928.500     3.2247E-01
     511.500  3928.500     3.6590E-01
     512.500  3928.500     4.0991E-01
     513.500  3928.500     4.4503E-01
     514.500  3928.500     4.7473E-01
     515.500  3928.500     5.1196E-01
     516.500  3928.500     5.2895E-01
     517.500  3928.500     5.9053E-01
     518.500  3928.500     7.1709E-01
     519.500  3928.500     9.6667E-01
     520.500  3928.500     1.9635E+00
     521.500  3928.500     1.7339E+00
     522.500  3928.500     1.5489E+00
     523.500  3928.500     4.8514E-01
     524.500  3928.500     3.5035E-01
     525.500  3928.500     2.5563E-01
     526.500  3928.500     1.6425E-01
     527.500  3928.500     1.1349E-01
     528.500  3928.500     1.1063E-01
     529.500  3928.500     8.4070E-02
     530.500  3928.500     1.5077E-01
     531.500  3928.500     5.2808E-02
     532.500  3928.500     8.7596E-02
     533.500  3928.500     1.5921E+00
     534.500  3928.500     2.5312E-02
     535.500  3928.500     2.4327E-02
     536.500  3928.500     2.8751E-02
     537.500  3928.500     5.1035E-02
     538.500  3928.500     2.3137E-02
     539.500  3928.500     1.5842E-02
     540.500  3928.500     1.2206E-02
     541.500  3928.500     9.9538E-03
     542.500  3928.500     8.1360E-03
     543.500  3928.500     6.6124E-03
     544.500  3928.500     5.1704E-03
     495.500  3929.500     2.0146E-03
     496.500  3929.500     4.2252E-03
     497.500  3929.500     7.2451E-03
     498.500  3929.500     1.2490E-02
     499.500  3929.500     2.0791E-02
     500.500  3929.500     3.1980E-02
     501.500  3929.500     4.7233E-02
     502.500  3929.500     6.5963E-02
     503.500  3929.500     9.2030E-02
     504.500  3929.500     1.2006E-01
     505.500  3929.500     1.5936E-01
     506.500  3929.500     2.0145E-01
     507.500  3929.500     2.4955E-01
     508.500  3929.500     3.0486E-01
     509.500  3929.500     3.6475E-01
     510.500  3929.500     4.2563E-01
     511.500  3929.500     4.8502E-01
     512.500  3929.500     5.2071E-01
     513.500  3929.500     5.8146E-01
     514.500  3929.500     6.2209E-01
     515.500  3929.500     6.5729E-01
     516.500  3929.500     6.7797E-01
     517.500  3929.500     7.3905E-01
     518.500  3929.500     8.9950E-01
     519.500  3929.500     1.0004E+00
     520.500  3929.500     1.2408E+00
     521.500  3929.500     7.4017E-01
     522.500  3929.500     1.6576E+00
     523.500  3929.500     6.5180E-01
     524.500  3929.500     3.1424E-01
     525.500  3929.500     2.3587E-01
     526.500  3929.500     2.7071E-01
     527.500  3929.500     1.7395E-01
     528.500  3929.500     2.0514E-01
     529.500  3929.500     4.1229E-01
     530.500  3929.500     7.6907E-02
     531.500  3929.500     3.9035E-02
     532.500  3929.500     3.7764E+00
     533.500  3929.500     2.9830E-02
     534.500  3929.500     2.3521E-02
     535.500  3929.500     1.5394E-02
     536.500  3929.500     3.9290E-02
     537.500  3929.500     4.9086E-02
     538.500  3929.500     1.9678E-02
     539.500  3929.500     1.0999E-02
     540.500  3929.500     8.9460E-03
     541.500  3929.500     7.5457E-03
     542.500  3929.500     6.2844E-03
     543.500  3929.500     5.0988E-03
     544.500  3929.500     4.1581E-03
     495.500  3930.500     2.9520E-03
     496.500  3930.500     5.6551E-03
     497.500  3930.500     1.0014E-02
     498.500  3930.500     1.7463E-02
     499.500  3930.500     2.6941E-02
     500.500  3930.500     4.2805E-02
     501.500  3930.500     6.0951E-02
     502.500  3930.500     8.6584E-02
     503.500  3930.500     1.1553E-01
     504.500  3930.500     1.5610E-01
     505.500  3930.500     2.0167E-01
     506.500  3930.500     2.5706E-01
     507.500  3930.500     3.2208E-01
     508.500  3930.500     3.9464E-01
     509.500  3930.500     4.7070E-01
     510.500  3930.500     5.5070E-01
     511.500  3930.500     6.2685E-01
     512.500  3930.500     6.9719E-01
     513.500  3930.500     7.5367E-01
     514.500  3930.500     7.6751E-01
     515.500  3930.500     8.3622E-01
     516.500  3930.500     8.2551E-01
     517.500  3930.500     8.9747E-01
     518.500  3930.500     1.0647E+00
     519.500  3930.500     1.0635E+00
     520.500  3930.500     1.2827E+00
     521.500  3930.500     8.1347E-01
     522.500  3930.500     8.1531E-01
     523.500  3930.500     6.7725E-01
     524.500  3930.500     3.2351E-01
     525.500  3930.500     3.3025E-01
     526.500  3930.500     2.5834E-01
     527.500  3930.500     2.2184E-01
     528.500  3930.500     4.2464E-01
     529.500  3930.500     7.0007E-01
     530.500  3930.500     8.4813E-02
     531.500  3930.500     6.1152E-02
     532.500  3930.500     4.4000E-02
     533.500  3930.500     3.1590E-02
     534.500  3930.500     2.5849E-02
     535.500  3930.500     1.6381E-02
     536.500  3930.500     5.4212E-02
     537.500  3930.500     4.1868E-02
     538.500  3930.500     1.7805E-02
     539.500  3930.500     7.9546E-03
     540.500  3930.500     6.0984E-03
     541.500  3930.500     5.1407E-03
     542.500  3930.500     4.3561E-03
     543.500  3930.500     3.7210E-03
     544.500  3930.500     3.0578E-03
     495.500  3931.500     4.1017E-03
     496.500  3931.500     7.2599E-03
     497.500  3931.500     1.2820E-02
     498.500  3931.500     2.3165E-02
     499.500  3931.500     3.5039E-02
     500.500  3931.500     5.2752E-02
     501.500  3931.500     7.6482E-02
     502.500  3931.500     1.0642E-01
     503.500  3931.500     1.4457E-01
     504.500  3931.500     1.9411E-01
     505.500  3931.500     2.5465E-01
     506.500  3931.500     3.2634E-01
     507.500  3931.500     4.0866E-01
     508.500  3931.500     4.9882E-01
     509.500  3931.500     5.9558E-01
     510.500  3931.500     6.9509E-01
     511.500  3931.500     7.9493E-01
     512.500  3931.500     8.8574E-01
     513.500  3931.500     9.6483E-01
     514.500  3931.500     9.4727E-01
     515.500  3931.500     1.0951E+00
     516.500  3931.500     1.0418E+00
     517.500  3931.500     1.1241E+00
     518.500  3931.500     1.1583E+00
     519.500  3931.500     1.1893E+00
     520.500  3931.500     1.3844E+00
     521.500  3931.500     1.0239E+00
     522.500  3931.500     6.3676E-01
     523.500  3931.500     5.0759E-01
     524.500  3931.500     4.3854E-01
     525.500  3931.500     4.0328E-01
     526.500  3931.500     2.7068E-01
     527.500  3931.500     5.9223E-01
     528.500  3931.500     2.4713E+00
     529.500  3931.500     1.1183E-01
     530.500  3931.500     1.0261E-01
     531.500  3931.500     6.9741E-02
     532.500  3931.500     4.4362E-02
     533.500  3931.500     4.5334E-02
     534.500  3931.500     3.4924E-02
     535.500  3931.500     1.9101E-02
     536.500  3931.500     2.8915E-02
     537.500  3931.500     3.4669E-02
     538.500  3931.500     1.3729E-02
     539.500  3931.500     6.3301E-03
     540.500  3931.500     4.0934E-03
     541.500  3931.500     3.3132E-03
     542.500  3931.500     2.8641E-03
     543.500  3931.500     2.5094E-03
     544.500  3931.500     2.1418E-03
     495.500  3932.500     5.3657E-03
     496.500  3932.500     9.7175E-03
     497.500  3932.500     1.7278E-02
     498.500  3932.500     2.7392E-02
     499.500  3932.500     4.3325E-02
     500.500  3932.500     6.3705E-02
     501.500  3932.500     9.3942E-02
     502.500  3932.500     1.2833E-01
     503.500  3932.500     1.7818E-01
     504.500  3932.500     2.4036E-01
     505.500  3932.500     3.1616E-01
     506.500  3932.500     4.0402E-01
     507.500  3932.500     5.0567E-01
     508.500  3932.500     6.1927E-01
     509.500  3932.500     7.4030E-01
     510.500  3932.500     8.5681E-01
     511.500  3932.500     9.9169E-01
     512.500  3932.500     1.1144E+00
     513.500  3932.500     1.2353E+00
     514.500  3932.500     1.3377E+00
     515.500  3932.500     1.3644E+00
     516.500  3932.500     1.2741E+00
     517.500  3932.500     1.3264E+00
     518.500  3932.500     1.3191E+00
     519.500  3932.500     1.3984E+00
     520.500  3932.500     1.7529E+00
     521.500  3932.500     1.9838E+00
     522.500  3932.500     1.1830E+00
     523.500  3932.500     5.8665E-01
     524.500  3932.500     8.9498E-01
     525.500  3932.500     4.8199E-01
     526.500  3932.500     3.8999E-01
     527.500  3932.500     2.4103E+00
     528.500  3932.500     1.3265E+00
     529.500  3932.500     1.2047E-01
     530.500  3932.500     9.5059E-02
     531.500  3932.500     7.0526E-02
     532.500  3932.500     5.9485E-02
     533.500  3932.500     4.2726E-02
     534.500  3932.500     3.0555E-02
     535.500  3932.500     2.9112E-02
     536.500  3932.500     6.5770E-02
     537.500  3932.500     2.9052E-02
     538.500  3932.500     1.5351E-02
     539.500  3932.500     6.8546E-03
     540.500  3932.500     4.9061E-03
     541.500  3932.500     2.3785E-03
     542.500  3932.500     1.9689E-03
     543.500  3932.500     1.6590E-03
     544.500  3932.500     1.3962E-03
     495.500  3933.500     6.6913E-03
     496.500  3933.500     1.2014E-02
     497.500  3933.500     2.0493E-02
     498.500  3933.500     3.4260E-02
     499.500  3933.500     5.3197E-02
     500.500  3933.500     7.6837E-02
     501.500  3933.500     1.1088E-01
     502.500  3933.500     1.5505E-01
     503.500  3933.500     2.1691E-01
     504.500  3933.500     2.9227E-01
     505.500  3933.500     3.8247E-01
     506.500  3933.500     4.9080E-01
     507.500  3933.500     6.1576E-01
     508.500  3933.500     7.5636E-01
     509.500  3933.500     9.0983E-01
     510.500  3933.500     1.0595E+00
     511.500  3933.500     1.1914E+00
     512.500  3933.500     1.3009E+00
     513.500  3933.500     1.4958E+00
     514.500  3933.500     1.5928E+00
     515.500  3933.500     1.6169E+00
     516.500  3933.500     1.3957E+00
     517.500  3933.500     1.5838E+00
     518.500  3933.500     1.5853E+00
     519.500  3933.500     1.7648E+00
     520.500  3933.500     2.2039E+00
     521.500  3933.500     1.8993E+00
     522.500  3933.500     1.3112E+00
     523.500  3933.500     1.6953E+00
     524.500  3933.500     2.6119E+00
     525.500  3933.500     5.7980E-01
     526.500  3933.500     1.0107E+00
     527.500  3933.500     1.4790E+00
     528.500  3933.500     2.1091E-01
     529.500  3933.500     3.2887E-01
     530.500  3933.500     1.0575E-01
     531.500  3933.500     8.1076E-02
     532.500  3933.500     5.9800E-02
     533.500  3933.500     4.6400E-02
     534.500  3933.500     3.8069E-02
     535.500  3933.500     5.2318E-02
     536.500  3933.500     5.4215E-02
     537.500  3933.500     3.5875E-02
     538.500  3933.500     1.4486E-02
     539.500  3933.500     1.3500E-02
     540.500  3933.500     9.0267E-03
     541.500  3933.500     2.0125E-03
     542.500  3933.500     1.5849E-03
     543.500  3933.500     1.2465E-03
     544.500  3933.500     9.8712E-04
     495.500  3934.500     7.5262E-03
     496.500  3934.500     1.3571E-02
     497.500  3934.500     2.5317E-02
     498.500  3934.500     3.9888E-02
     499.500  3934.500     6.1215E-02
     500.500  3934.500     9.1839E-02
     501.500  3934.500     1.2928E-01
     502.500  3934.500     1.8545E-01
     503.500  3934.500     2.5879E-01
     504.500  3934.500     3.4645E-01
     505.500  3934.500     4.5450E-01
     506.500  3934.500     5.8408E-01
     507.500  3934.500     7.3601E-01
     508.500  3934.500     9.0878E-01
     509.500  3934.500     1.0979E+00
     510.500  3934.500     1.2911E+00
     511.500  3934.500     1.4596E+00
     512.500  3934.500     1.5910E+00
     513.500  3934.500     1.9781E+00
     514.500  3934.500     2.0701E+00
     515.500  3934.500     1.9276E+00
     516.500  3934.500     1.5340E+00
     517.500  3934.500     1.8074E+00
     518.500  3934.500     1.9650E+00
     519.500  3934.500     2.2446E+00
     520.500  3934.500     3.7148E+00
     521.500  3934.500     2.2759E+00
     522.500  3934.500     1.5636E+00
     523.500  3934.500     7.7061E+00
     524.500  3934.500     7.2195E-01
     525.500  3934.500     5.0615E-01
     526.500  3934.500     8.7795E-01
     527.500  3934.500     3.4223E-01
     528.500  3934.500     4.3079E-01
     529.500  3934.500     3.6615E-01
     530.500  3934.500     1.2009E-01
     531.500  3934.500     9.4525E-02
     532.500  3934.500     7.2472E-02
     533.500  3934.500     5.3894E-02
     534.500  3934.500     5.5628E-02
     535.500  3934.500     8.2467E-02
     536.500  3934.500     5.4255E-02
     537.500  3934.500     3.4620E-02
     538.500  3934.500     2.2437E-02
     539.500  3934.500     1.4673E-02
     540.500  3934.500     7.8914E-03
     541.500  3934.500     1.8518E-03
     542.500  3934.500     1.3099E-03
     543.500  3934.500     1.0090E-03
     544.500  3934.500     7.9638E-04
     495.500  3935.500     9.5742E-03
     496.500  3935.500     1.7400E-02
     497.500  3935.500     2.8995E-02
     498.500  3935.500     4.5477E-02
     499.500  3935.500     6.9480E-02
     500.500  3935.500     1.0479E-01
     501.500  3935.500     1.5105E-01
     502.500  3935.500     2.1651E-01
     503.500  3935.500     3.0000E-01
     504.500  3935.500     4.0168E-01
     505.500  3935.500     5.2851E-01
     506.500  3935.500     6.8117E-01
     507.500  3935.500     8.6255E-01
     508.500  3935.500     1.0680E+00
     509.500  3935.500     1.3075E+00
     510.500  3935.500     1.5020E+00
     511.500  3935.500     1.6355E+00
     512.500  3935.500     2.0522E+00
     513.500  3935.500     2.2875E+00
     514.500  3935.500     2.3850E+00
     515.500  3935.500     2.3677E+00
     516.500  3935.500     2.1905E+00
     517.500  3935.500     1.8527E+00
     518.500  3935.500     2.5302E+00
     519.500  3935.500     3.2364E+00
     520.500  3935.500     5.3066E+00
     521.500  3935.500     3.2460E+00
     522.500  3935.500     4.5303E+00
     523.500  3935.500     8.7498E+00
     524.500  3935.500     8.1278E-01
     525.500  3935.500     1.8120E+00
     526.500  3935.500     8.7351E-01
     527.500  3935.500     5.3565E-01
     528.500  3935.500     8.1849E-01
     529.500  3935.500     2.9576E-01
     530.500  3935.500     1.7516E-01
     531.500  3935.500     1.0847E-01
     532.500  3935.500     8.1351E-02
     533.500  3935.500     6.0608E-02
     534.500  3935.500     6.1522E-02
     535.500  3935.500     7.6458E-02
     536.500  3935.500     5.3911E-02
     537.500  3935.500     3.4032E-02
     538.500  3935.500     2.2553E-02
     539.500  3935.500     1.4427E-02
     540.500  3935.500     7.5539E-03
     541.500  3935.500     3.2554E-03
     542.500  3935.500     1.1086E-03
     543.500  3935.500     8.4181E-04
     544.500  3935.500     6.3349E-04
     495.500  3936.500     1.0482E-02
     496.500  3936.500     1.9673E-02
     497.500  3936.500     3.2613E-02
     498.500  3936.500     5.3563E-02
     499.500  3936.500     7.9244E-02
     500.500  3936.500     1.1921E-01
     501.500  3936.500     1.7377E-01
     502.500  3936.500     2.4839E-01
     503.500  3936.500     3.3950E-01
     504.500  3936.500     4.5660E-01
     505.500  3936.500     6.0167E-01
     506.500  3936.500     7.7962E-01
     507.500  3936.500     9.9018E-01
     508.500  3936.500     1.2310E+00
     509.500  3936.500     1.4884E+00
     510.500  3936.500     1.7902E+00
     511.500  3936.500     1.9045E+00
     512.500  3936.500     2.3558E+00
     513.500  3936.500     2.6679E+00
     514.500  3936.500     2.9043E+00
     515.500  3936.500     2.9756E+00
     516.500  3936.500     2.7959E+00
     517.500  3936.500     2.2600E+00
     518.500  3936.500     2.0193E+00
     519.500  3936.500     4.4135E+00
     520.500  3936.500     6.0560E+00
     521.500  3936.500     2.8607E+00
     522.500  3936.500     1.1863E+01
     523.500  3936.500     7.6982E+00
     524.500  3936.500     1.5566E+00
     525.500  3936.500     3.6091E+00
     526.500  3936.500     9.5307E-01
     527.500  3936.500     1.3711E+00
     528.500  3936.500     1.1181E+00
     529.500  3936.500     3.7091E-01
     530.500  3936.500     2.2592E-01
     531.500  3936.500     1.2898E-01
     532.500  3936.500     8.9454E-02
     533.500  3936.500     8.0732E-02
     534.500  3936.500     8.5127E-02
     535.500  3936.500     8.0707E-02
     536.500  3936.500     5.7504E-02
     537.500  3936.500     3.7801E-02
     538.500  3936.500     2.6913E-02
     539.500  3936.500     1.7256E-02
     540.500  3936.500     6.1304E-03
     541.500  3936.500     3.5405E-03
     542.500  3936.500     9.6023E-04
     543.500  3936.500     7.0755E-04
     544.500  3936.500     5.2152E-04
     495.500  3937.500     1.2242E-02
     496.500  3937.500     2.2320E-02
     497.500  3937.500     3.7475E-02
     498.500  3937.500     5.8659E-02
     499.500  3937.500     8.7059E-02
     500.500  3937.500     1.3520E-01
     501.500  3937.500     1.9361E-01
     502.500  3937.500     2.7475E-01
     503.500  3937.500     3.7740E-01
     504.500  3937.500     5.0834E-01
     505.500  3937.500     6.7510E-01
     506.500  3937.500     8.7721E-01
     507.500  3937.500     1.1078E+00
     508.500  3937.500     1.3685E+00
     509.500  3937.500     1.6708E+00
     510.500  3937.500     2.0099E+00
     511.500  3937.500     2.1230E+00
     512.500  3937.500     2.5960E+00
     513.500  3937.500     3.0208E+00
     514.500  3937.500     3.1785E+00
     515.500  3937.500     3.2587E+00
     516.500  3937.500     2.9867E+00
     517.500  3937.500     2.5691E+00
     518.500  3937.500     3.3004E+00
     519.500  3937.500     7.3652E+00
     520.500  3937.500     6.8024E+00
     521.500  3937.500     2.4975E+00
     522.500  3937.500     1.2538E+01
     523.500  3937.500     2.3492E+00
     524.500  3937.500     1.7612E+00
     525.500  3937.500     2.1058E+00
     526.500  3937.500     1.2571E+00
     527.500  3937.500     1.4708E+00
     528.500  3937.500     8.8967E-01
     529.500  3937.500     5.2313E-01
     530.500  3937.500     2.4579E-01
     531.500  3937.500     1.4637E-01
     532.500  3937.500     1.0206E-01
     533.500  3937.500     9.4903E-02
     534.500  3937.500     1.0480E-01
     535.500  3937.500     8.2979E-02
     536.500  3937.500     5.9919E-02
     537.500  3937.500     3.9038E-02
     538.500  3937.500     2.7304E-02
     539.500  3937.500     1.5340E-02
     540.500  3937.500     5.3185E-03
     541.500  3937.500     3.6546E-03
     542.500  3937.500     8.7139E-04
     543.500  3937.500     6.2198E-04
     544.500  3937.500     4.4710E-04
     495.500  3938.500     1.3239E-02
     496.500  3938.500     2.4196E-02
     497.500  3938.500     4.0837E-02
     498.500  3938.500     6.3227E-02
     499.500  3938.500     9.6448E-02
     500.500  3938.500     1.4697E-01
     501.500  3938.500     2.0989E-01
     502.500  3938.500     2.9946E-01
     503.500  3938.500     4.1181E-01
     504.500  3938.500     5.5858E-01
     505.500  3938.500     7.4103E-01
     506.500  3938.500     9.5941E-01
     507.500  3938.500     1.2105E+00
     508.500  3938.500     1.4993E+00
     509.500  3938.500     1.8266E+00
     510.500  3938.500     2.1339E+00
     511.500  3938.500     2.4722E+00
     512.500  3938.500     2.8190E+00
     513.500  3938.500     3.1980E+00
     514.500  3938.500     3.3806E+00
     515.500  3938.500     3.4483E+00
     516.500  3938.500     3.2717E+00
     517.500  3938.500     3.6739E+00
     518.500  3938.500     8.1384E+00
     519.500  3938.500     1.7410E+01
     520.500  3938.500     8.3237E+00
     521.500  3938.500     4.6910E+00
     522.500  3938.500     8.0345E+00
     523.500  3938.500     2.3228E+00
     524.500  3938.500     1.7161E+00
     525.500  3938.500     1.4245E+00
     526.500  3938.500     1.5144E+00
     527.500  3938.500     1.0941E+00
     528.500  3938.500     6.1311E-01
     529.500  3938.500     5.0672E-01
     530.500  3938.500     2.8227E-01
     531.500  3938.500     1.4133E-01
     532.500  3938.500     1.1357E-01
     533.500  3938.500     1.0381E-01
     534.500  3938.500     1.0663E-01
     535.500  3938.500     8.3273E-02
     536.500  3938.500     5.9954E-02
     537.500  3938.500     4.0285E-02
     538.500  3938.500     2.6161E-02
     539.500  3938.500     1.7719E-02
     540.500  3938.500     9.4767E-03
     541.500  3938.500     4.5971E-03
     542.500  3938.500     8.0617E-04
     543.500  3938.500     5.5927E-04
     544.500  3938.500     3.9414E-04
     495.500  3939.500     1.4150E-02
     496.500  3939.500     2.6182E-02
     497.500  3939.500     4.3114E-02
     498.500  3939.500     6.6686E-02
     499.500  3939.500     1.0432E-01
     500.500  3939.500     1.5674E-01
     501.500  3939.500     2.2469E-01
     502.500  3939.500     3.2056E-01
     503.500  3939.500     4.4275E-01
     504.500  3939.500     6.0211E-01
     505.500  3939.500     7.9811E-01
     506.500  3939.500     1.0316E+00
     507.500  3939.500     1.2973E+00
     508.500  3939.500     1.6137E+00
     509.500  3939.500     1.9455E+00
     510.500  3939.500     2.2920E+00
     511.500  3939.500     2.6592E+00
     512.500  3939.500     2.9688E+00
     513.500  3939.500     3.2999E+00
     514.500  3939.500     3.5785E+00
     515.500  3939.500     3.7661E+00
     516.500  3939.500     3.7565E+00
     517.500  3939.500     5.8638E+00
     518.500  3939.500     1.6985E+01
     519.500  3939.500     1.6773E+01
     520.500  3939.500     9.5643E+00
     521.500  3939.500     9.8121E+00
     522.500  3939.500     3.3082E+00
     523.500  3939.500     3.4774E+00
     524.500  3939.500     2.3707E+00
     525.500  3939.500     1.3970E+00
     526.500  3939.500     1.8168E+00
     527.500  3939.500     9.3525E-01
     528.500  3939.500     5.3039E-01
     529.500  3939.500     3.6618E-01
     530.500  3939.500     2.6643E-01
     531.500  3939.500     1.5412E-01
     532.500  3939.500     1.1654E-01
     533.500  3939.500     1.0385E-01
     534.500  3939.500     1.0572E-01
     535.500  3939.500     8.3793E-02
     536.500  3939.500     6.1270E-02
     537.500  3939.500     4.1295E-02
     538.500  3939.500     2.4837E-02
     539.500  3939.500     1.6619E-02
     540.500  3939.500     1.2204E-02
     541.500  3939.500     5.1784E-03
     542.500  3939.500     7.5954E-04
     543.500  3939.500     5.2029E-04
     544.500  3939.500     3.3106E-04
     495.500  3940.500     1.4865E-02
     496.500  3940.500     2.7238E-02
     497.500  3940.500     4.4538E-02
     498.500  3940.500     7.0970E-02
     499.500  3940.500     1.1016E-01
     500.500  3940.500     1.6510E-01
     501.500  3940.500     2.3722E-01
     502.500  3940.500     3.3955E-01
     503.500  3940.500     4.7122E-01
     504.500  3940.500     6.3870E-01
     505.500  3940.500     8.4309E-01
     506.500  3940.500     1.0834E+00
     507.500  3940.500     1.3720E+00
     508.500  3940.500     1.6929E+00
     509.500  3940.500     2.0478E+00
     510.500  3940.500     2.4208E+00
     511.500  3940.500     2.7622E+00
     512.500  3940.500     3.0880E+00
     513.500  3940.500     3.3700E+00
     514.500  3940.500     3.7779E+00
     515.500  3940.500     4.1394E+00
     516.500  3940.500     5.5423E+00
     517.500  3940.500     9.3112E+00
     518.500  3940.500     1.8249E+01
     519.500  3940.500     1.5635E+01
     520.500  3940.500     2.0431E+01
     521.500  3940.500     1.6465E+01
     522.500  3940.500     7.2788E+00
     523.500  3940.500     1.2343E+01
     524.500  3940.500     2.6053E+00
     525.500  3940.500     1.2716E+00
     526.500  3940.500     1.5098E+00
     527.500  3940.500     9.1069E-01
     528.500  3940.500     5.4807E-01
     529.500  3940.500     4.3579E-01
     530.500  3940.500     3.1054E-01
     531.500  3940.500     1.6480E-01
     532.500  3940.500     1.2527E-01
     533.500  3940.500     1.1222E-01
     534.500  3940.500     1.0510E-01
     535.500  3940.500     8.4190E-02
     536.500  3940.500     6.2872E-02
     537.500  3940.500     3.9135E-02
     538.500  3940.500     2.4040E-02
     539.500  3940.500     1.4309E-02
     540.500  3940.500     1.1790E-02
     541.500  3940.500     4.4528E-03
     542.500  3940.500     7.1005E-04
     543.500  3940.500     4.7153E-04
     544.500  3940.500     2.9076E-04
     495.500  3941.500     1.5415E-02
     496.500  3941.500     2.7815E-02
     497.500  3941.500     4.4091E-02
     498.500  3941.500     7.2697E-02
     499.500  3941.500     1.1499E-01
     500.500  3941.500     1.7354E-01
     501.500  3941.500     2.4947E-01
     502.500  3941.500     3.5502E-01
     503.500  3941.500     4.9513E-01
     504.500  3941.500     6.6516E-01
     505.500  3941.500     8.7439E-01
     506.500  3941.500     1.1211E+00
     507.500  3941.500     1.4103E+00
     508.500  3941.500     1.7344E+00
     509.500  3941.500     2.0851E+00
     510.500  3941.500     2.4505E+00
     511.500  3941.500     2.8044E+00
     512.500  3941.500     3.1455E+00
     513.500  3941.500     3.4660E+00
     514.500  3941.500     4.1345E+00
     515.500  3941.500     5.0967E+00
     516.500  3941.500     7.1068E+00
     517.500  3941.500     9.3579E+00
     518.500  3941.500     1.0825E+01
     519.500  3941.500     1.1646E+01
     520.500  3941.500     2.9445E+01
     521.500  3941.500     2.1961E+01
     522.500  3941.500     1.0890E+01
     523.500  3941.500     9.7571E+00
     524.500  3941.500     1.4217E+00
     525.500  3941.500     1.3584E+00
     526.500  3941.500     1.4341E+00
     527.500  3941.500     8.9477E-01
     528.500  3941.500     5.6601E-01
     529.500  3941.500     3.8039E-01
     530.500  3941.500     2.5422E-01
     531.500  3941.500     1.6616E-01
     532.500  3941.500     1.3000E-01
     533.500  3941.500     1.2056E-01
     534.500  3941.500     1.0569E-01
     535.500  3941.500     8.4722E-02
     536.500  3941.500     6.4203E-02
     537.500  3941.500     4.3789E-02
     538.500  3941.500     2.8704E-02
     539.500  3941.500     1.7735E-02
     540.500  3941.500     9.4590E-03
     541.500  3941.500     4.0814E-03
     542.500  3941.500     6.3658E-04
     543.500  3941.500     4.2128E-04
     544.500  3941.500     2.6913E-04
     495.500  3942.500     1.4850E-02
     496.500  3942.500     2.7884E-02
     497.500  3942.500     4.5963E-02
     498.500  3942.500     7.7152E-02
     499.500  3942.500     1.2165E-01
     500.500  3942.500     1.8191E-01
     501.500  3942.500     2.6094E-01
     502.500  3942.500     3.7115E-01
     503.500  3942.500     5.1097E-01
     504.500  3942.500     6.8344E-01
     505.500  3942.500     8.9231E-01
     506.500  3942.500     1.1411E+00
     507.500  3942.500     1.4240E+00
     508.500  3942.500     1.7362E+00
     509.500  3942.500     2.0668E+00
     510.500  3942.500     2.4103E+00
     511.500  3942.500     2.7658E+00
     512.500  3942.500     3.2025E+00
     513.500  3942.500     3.7668E+00
     514.500  3942.500     4.4424E+00
     515.500  3942.500     5.4949E+00
     516.500  3942.500     6.4832E+00
     517.500  3942.500     7.2142E+00
     518.500  3942.500     7.4487E+00
     519.500  3942.500     1.3500E+01
     520.500  3942.500     2.9574E+01
     521.500  3942.500     2.1872E+01
     522.500  3942.500     1.0484E+01
     523.500  3942.500     3.2581E+00
     524.500  3942.500     1.6634E+00
     525.500  3942.500     1.4135E+00
     526.500  3942.500     1.2219E+00
     527.500  3942.500     7.8706E-01
     528.500  3942.500     4.9282E-01
     529.500  3942.500     3.2952E-01
     530.500  3942.500     2.4010E-01
     531.500  3942.500     1.6997E-01
     532.500  3942.500     1.4428E-01
     533.500  3942.500     1.3479E-01
     534.500  3942.500     1.0666E-01
     535.500  3942.500     8.5977E-02
     536.500  3942.500     6.5925E-02
     537.500  3942.500     4.5382E-02
     538.500  3942.500     3.1482E-02
     539.500  3942.500     1.7024E-02
     540.500  3942.500     9.5817E-03
     541.500  3942.500     4.5770E-03
     542.500  3942.500     8.1064E-04
     543.500  3942.500     3.8754E-04
     544.500  3942.500     2.5096E-04
     495.500  3943.500     1.5026E-02
     496.500  3943.500     2.8306E-02
     497.500  3943.500     5.1468E-02
     498.500  3943.500     8.1669E-02
     499.500  3943.500     1.2674E-01
     500.500  3943.500     1.8813E-01
     501.500  3943.500     2.7191E-01
     502.500  3943.500     3.8285E-01
     503.500  3943.500     5.2297E-01
     504.500  3943.500     6.9274E-01
     505.500  3943.500     8.9995E-01
     506.500  3943.500     1.1397E+00
     507.500  3943.500     1.4063E+00
     508.500  3943.500     1.6935E+00
     509.500  3943.500     2.0029E+00
     510.500  3943.500     2.3439E+00
     511.500  3943.500     2.7362E+00
     512.500  3943.500     3.2088E+00
     513.500  3943.500     3.7632E+00
     514.500  3943.500     4.3020E+00
     515.500  3943.500     4.9503E+00
     516.500  3943.500     5.5045E+00
     517.500  3943.500     5.8425E+00
     518.500  3943.500     6.1367E+00
     519.500  3943.500     1.6410E+01
     520.500  3943.500     2.7803E+01
     521.500  3943.500     1.9573E+01
     522.500  3943.500     9.4755E+00
     523.500  3943.500     3.6133E+00
     524.500  3943.500     2.5671E+00
     525.500  3943.500     1.5071E+00
     526.500  3943.500     1.0740E+00
     527.500  3943.500     7.6124E-01
     528.500  3943.500     4.3848E-01
     529.500  3943.500     3.5153E-01
     530.500  3943.500     2.3429E-01
     531.500  3943.500     1.7693E-01
     532.500  3943.500     1.5575E-01
     533.500  3943.500     1.3703E-01
     534.500  3943.500     1.0881E-01
     535.500  3943.500     8.6158E-02
     536.500  3943.500     6.7323E-02
     537.500  3943.500     4.5977E-02
     538.500  3943.500     3.3109E-02
     539.500  3943.500     1.7572E-02
     540.500  3943.500     9.8255E-03
     541.500  3943.500     4.6637E-03
     542.500  3943.500     1.8771E-03
     543.500  3943.500     3.6572E-04
     544.500  3943.500     2.3092E-04
     495.500  3944.500     1.4678E-02
     496.500  3944.500     3.0966E-02
     497.500  3944.500     5.6011E-02
     498.500  3944.500     8.7325E-02
     499.500  3944.500     1.3325E-01
     500.500  3944.500     1.9640E-01
     501.500  3944.500     2.8293E-01
     502.500  3944.500     3.8945E-01
     503.500  3944.500     5.2631E-01
     504.500  3944.500     6.9724E-01
     505.500  3944.500     8.9420E-01
     506.500  3944.500     1.1165E+00
     507.500  3944.500     1.3612E+00
     508.500  3944.500     1.6275E+00
     509.500  3944.500     1.9245E+00
     510.500  3944.500     2.2524E+00
     511.500  3944.500     2.6327E+00
     512.500  3944.500     3.0573E+00
     513.500  3944.500     3.5328E+00
     514.500  3944.500     3.8912E+00
     515.500  3944.500     4.3161E+00
     516.500  3944.500     4.4929E+00
     517.500  3944.500     4.7081E+00
     518.500  3944.500     6.2548E+00
     519.500  3944.500     1.6918E+01
     520.500  3944.500     2.3250E+01
     521.500  3944.500     1.2916E+01
     522.500  3944.500     7.8594E+00
     523.500  3944.500     3.0461E+00
     524.500  3944.500     2.6716E+00
     525.500  3944.500     1.4715E+00
     526.500  3944.500     1.0055E+00
     527.500  3944.500     7.2260E-01
     528.500  3944.500     5.5115E-01
     529.500  3944.500     3.3383E-01
     530.500  3944.500     2.2506E-01
     531.500  3944.500     1.9088E-01
     532.500  3944.500     1.6385E-01
     533.500  3944.500     1.3791E-01
     534.500  3944.500     1.1023E-01
     535.500  3944.500     8.6196E-02
     536.500  3944.500     6.7553E-02
     537.500  3944.500     4.2780E-02
     538.500  3944.500     3.3253E-02
     539.500  3944.500     1.7948E-02
     540.500  3944.500     8.0618E-03
     541.500  3944.500     4.8698E-03
     542.500  3944.500     9.7932E-04
     543.500  3944.500     3.3592E-04
     544.500  3944.500     2.1716E-04
     495.500  3945.500     1.8177E-02
     496.500  3945.500     3.5079E-02
     497.500  3945.500     6.1673E-02
     498.500  3945.500     9.2627E-02
     499.500  3945.500     1.4000E-01
     500.500  3945.500     2.0632E-01
     501.500  3945.500     2.9141E-01
     502.500  3945.500     3.9792E-01
     503.500  3945.500     5.3282E-01
     504.500  3945.500     6.9358E-01
     505.500  3945.500     8.7552E-01
     506.500  3945.500     1.0774E+00
     507.500  3945.500     1.3012E+00
     508.500  3945.500     1.5498E+00
     509.500  3945.500     1.8251E+00
     510.500  3945.500     2.1253E+00
     511.500  3945.500     2.4598E+00
     512.500  3945.500     2.8280E+00
     513.500  3945.500     3.2022E+00
     514.500  3945.500     3.5282E+00
     515.500  3945.500     3.7219E+00
     516.500  3945.500     3.8453E+00
     517.500  3945.500     3.9748E+00
     518.500  3945.500     7.6117E+00
     519.500  3945.500     2.0401E+01
     520.500  3945.500     2.0691E+01
     521.500  3945.500     9.8196E+00
     522.500  3945.500     6.5331E+00
     523.500  3945.500     3.5177E+00
     524.500  3945.500     2.1338E+00
     525.500  3945.500     1.3840E+00
     526.500  3945.500     8.9768E-01
     527.500  3945.500     7.5537E-01
     528.500  3945.500     5.2578E-01
     529.500  3945.500     3.6266E-01
     530.500  3945.500     2.2413E-01
     531.500  3945.500     2.0426E-01
     532.500  3945.500     1.7840E-01
     533.500  3945.500     1.4009E-01
     534.500  3945.500     1.1179E-01
     535.500  3945.500     8.6091E-02
     536.500  3945.500     6.9053E-02
     537.500  3945.500     4.3777E-02
     538.500  3945.500     3.2486E-02
     539.500  3945.500     1.8593E-02
     540.500  3945.500     1.0391E-02
     541.500  3945.500     5.1196E-03
     542.500  3945.500     1.0185E-03
     543.500  3945.500     3.1402E-04
     544.500  3945.500     2.0222E-04
     495.500  3946.500     2.2880E-02
     496.500  3946.500     3.9870E-02
     497.500  3946.500     6.6740E-02
     498.500  3946.500     1.0035E-01
     499.500  3946.500     1.4982E-01
     500.500  3946.500     2.1465E-01
     501.500  3946.500     3.0015E-01
     502.500  3946.500     4.0637E-01
     503.500  3946.500     5.3138E-01
     504.500  3946.500     6.7804E-01
     505.500  3946.500     8.4490E-01
     506.500  3946.500     1.0255E+00
     507.500  3946.500     1.2308E+00
     508.500  3946.500     1.4535E+00
     509.500  3946.500     1.6977E+00
     510.500  3946.500     1.9624E+00
     511.500  3946.500     2.2427E+00
     512.500  3946.500     2.5457E+00
     513.500  3946.500     2.8341E+00
     514.500  3946.500     3.0847E+00
     515.500  3946.500     3.2175E+00
     516.500  3946.500     3.3444E+00
     517.500  3946.500     3.9377E+00
     518.500  3946.500     1.0439E+01
     519.500  3946.500     2.1998E+01
     520.500  3946.500     1.8895E+01
     521.500  3946.500     8.1964E+00
     522.500  3946.500     5.5465E+00
     523.500  3946.500     3.4854E+00
     524.500  3946.500     2.0160E+00
     525.500  3946.500     1.2309E+00
     526.500  3946.500     8.3334E-01
     527.500  3946.500     6.6788E-01
     528.500  3946.500     5.6169E-01
     529.500  3946.500     3.8222E-01
     530.500  3946.500     2.3397E-01
     531.500  3946.500     2.2401E-01
     532.500  3946.500     1.7778E-01
     533.500  3946.500     1.4092E-01
     534.500  3946.500     1.1285E-01
     535.500  3946.500     8.6892E-02
     536.500  3946.500     6.5937E-02
     537.500  3946.500     4.5128E-02
     538.500  3946.500     3.5240E-02
     539.500  3946.500     1.8796E-02
     540.500  3946.500     9.3695E-03
     541.500  3946.500     5.2861E-03
     542.500  3946.500     1.1800E-03
     543.500  3946.500     2.8419E-04
     544.500  3946.500     1.7786E-04
     495.500  3947.500     2.8580E-02
     496.500  3947.500     4.4595E-02
     497.500  3947.500     7.2415E-02
     498.500  3947.500     1.1100E-01
     499.500  3947.500     1.5802E-01
     500.500  3947.500     2.2383E-01
     501.500  3947.500     3.0733E-01
     502.500  3947.500     4.0898E-01
     503.500  3947.500     5.2337E-01
     504.500  3947.500     6.5685E-01
     505.500  3947.500     8.0451E-01
     506.500  3947.500     9.6897E-01
     507.500  3947.500     1.1495E+00
     508.500  3947.500     1.3444E+00
     509.500  3947.500     1.5542E+00
     510.500  3947.500     1.7873E+00
     511.500  3947.500     2.0229E+00
     512.500  3947.500     2.2572E+00
     513.500  3947.500     2.5107E+00
     514.500  3947.500     2.7254E+00
     515.500  3947.500     2.8331E+00
     516.500  3947.500     3.3005E+00
     517.500  3947.500     5.8153E+00
     518.500  3947.500     1.1466E+01
     519.500  3947.500     1.9078E+01
     520.500  3947.500     1.5829E+01
     521.500  3947.500     8.0945E+00
     522.500  3947.500     4.9766E+00
     523.500  3947.500     3.4013E+00
     524.500  3947.500     2.3305E+00
     525.500  3947.500     1.1657E+00
     526.500  3947.500     7.4336E-01
     527.500  3947.500     5.3964E-01
     528.500  3947.500     4.5649E-01
     529.500  3947.500     3.0085E-01
     530.500  3947.500     2.4141E-01
     531.500  3947.500     2.2233E-01
     532.500  3947.500     1.7629E-01
     533.500  3947.500     1.4141E-01
     534.500  3947.500     1.1103E-01
     535.500  3947.500     8.7674E-02
     536.500  3947.500     6.7146E-02
     537.500  3947.500     4.6160E-02
     538.500  3947.500     2.6299E-02
     539.500  3947.500     1.6649E-02
     540.500  3947.500     9.6455E-03
     541.500  3947.500     4.1783E-03
     542.500  3947.500     1.2416E-03
     543.500  3947.500     2.6865E-04
     544.500  3947.500     1.6050E-04
     495.500  3948.500     3.2029E-02
     496.500  3948.500     5.2454E-02
     497.500  3948.500     8.0423E-02
     498.500  3948.500     1.2182E-01
     499.500  3948.500     1.7002E-01
     500.500  3948.500     2.3381E-01
     501.500  3948.500     3.1308E-01
     502.500  3948.500     4.0183E-01
     503.500  3948.500     5.0934E-01
     504.500  3948.500     6.2555E-01
     505.500  3948.500     7.5812E-01
     506.500  3948.500     9.0317E-01
     507.500  3948.500     1.0601E+00
     508.500  3948.500     1.2281E+00
     509.500  3948.500     1.4130E+00
     510.500  3948.500     1.6042E+00
     511.500  3948.500     1.7992E+00
     512.500  3948.500     2.0022E+00
     513.500  3948.500     2.2016E+00
     514.500  3948.500     2.4091E+00
     515.500  3948.500     2.7109E+00
     516.500  3948.500     4.0668E+00
     517.500  3948.500     7.6789E+00
     518.500  3948.500     1.2678E+01
     519.500  3948.500     1.6207E+01
     520.500  3948.500     1.3306E+01
     521.500  3948.500     8.1857E+00
     522.500  3948.500     4.8995E+00
     523.500  3948.500     3.3497E+00
     524.500  3948.500     2.5824E+00
     525.500  3948.500     1.2886E+00
     526.500  3948.500     7.7189E-01
     527.500  3948.500     4.9932E-01
     528.500  3948.500     3.8402E-01
     529.500  3948.500     2.7935E-01
     530.500  3948.500     2.4636E-01
     531.500  3948.500     2.1232E-01
     532.500  3948.500     1.7471E-01
     533.500  3948.500     1.4067E-01
     534.500  3948.500     1.0970E-01
     535.500  3948.500     8.8759E-02
     536.500  3948.500     6.1338E-02
     537.500  3948.500     4.7617E-02
     538.500  3948.500     2.9574E-02
     539.500  3948.500     1.6960E-02
     540.500  3948.500     9.7130E-03
     541.500  3948.500     4.4351E-03
     542.500  3948.500     1.3273E-03
     543.500  3948.500     2.5496E-04
     544.500  3948.500     1.4037E-04
     495.500  3949.500     3.9347E-02
     496.500  3949.500     6.1315E-02
     497.500  3949.500     9.0469E-02
     498.500  3949.500     1.2987E-01
     499.500  3949.500     1.7962E-01
     500.500  3949.500     2.3696E-01
     501.500  3949.500     3.0840E-01
     502.500  3949.500     3.9249E-01
     503.500  3949.500     4.8794E-01
     504.500  3949.500     5.9170E-01
     505.500  3949.500     7.0591E-01
     506.500  3949.500     8.3253E-01
     507.500  3949.500     9.6901E-01
     508.500  3949.500     1.1151E+00
     509.500  3949.500     1.2673E+00
     510.500  3949.500     1.4272E+00
     511.500  3949.500     1.5975E+00
     512.500  3949.500     1.7707E+00
     513.500  3949.500     1.9597E+00
     514.500  3949.500     2.2559E+00
     515.500  3949.500     3.1824E+00
     516.500  3949.500     5.3311E+00
     517.500  3949.500     8.5350E+00
     518.500  3949.500     1.0883E+01
     519.500  3949.500     1.1455E+01
     520.500  3949.500     1.0400E+01
     521.500  3949.500     7.9676E+00
     522.500  3949.500     5.0855E+00
     523.500  3949.500     3.3484E+00
     524.500  3949.500     2.4999E+00
     525.500  3949.500     1.2721E+00
     526.500  3949.500     8.1492E-01
     527.500  3949.500     5.3139E-01
     528.500  3949.500     3.7348E-01
     529.500  3949.500     2.8341E-01
     530.500  3949.500     2.4930E-01
     531.500  3949.500     2.0663E-01
     532.500  3949.500     1.7165E-01
     533.500  3949.500     1.3423E-01
     534.500  3949.500     1.0869E-01
     535.500  3949.500     8.4465E-02
     536.500  3949.500     6.1721E-02
     537.500  3949.500     4.9515E-02
     538.500  3949.500     2.8647E-02
     539.500  3949.500     1.7494E-02
     540.500  3949.500     1.0014E-02
     541.500  3949.500     5.0728E-03
     542.500  3949.500     1.7088E-03
     543.500  3949.500     2.2535E-04
     544.500  3949.500     1.1286E-04
     495.500  3950.500     4.7420E-02
     496.500  3950.500     6.9363E-02
     497.500  3950.500     9.9546E-02
     498.500  3950.500     1.3731E-01
     499.500  3950.500     1.8454E-01
     500.500  3950.500     2.3818E-01
     501.500  3950.500     2.9994E-01
     502.500  3950.500     3.7547E-01
     503.500  3950.500     4.5971E-01
     504.500  3950.500     5.5454E-01
     505.500  3950.500     6.5514E-01
     506.500  3950.500     7.6299E-01
     507.500  3950.500     8.7592E-01
     508.500  3950.500     1.0025E+00
     509.500  3950.500     1.1317E+00
     510.500  3950.500     1.2709E+00
     511.500  3950.500     1.4131E+00
     512.500  3950.500     1.5667E+00
     513.500  3950.500     1.8303E+00
     514.500  3950.500     2.4055E+00
     515.500  3950.500     3.7859E+00
     516.500  3950.500     6.0745E+00
     517.500  3950.500     8.3770E+00
     518.500  3950.500     9.2373E+00
     519.500  3950.500     9.7151E+00
     520.500  3950.500     1.1292E+01
     521.500  3950.500     7.9824E+00
     522.500  3950.500     5.3094E+00
     523.500  3950.500     3.5078E+00
     524.500  3950.500     2.2731E+00
     525.500  3950.500     1.6664E+00
     526.500  3950.500     9.1503E-01
     527.500  3950.500     4.9056E-01
     528.500  3950.500     3.4882E-01
     529.500  3950.500     2.6785E-01
     530.500  3950.500     2.4837E-01
     531.500  3950.500     2.0279E-01
     532.500  3950.500     1.6431E-01
     533.500  3950.500     1.3129E-01
     534.500  3950.500     1.0719E-01
     535.500  3950.500     7.7404E-02
     536.500  3950.500     6.2396E-02
     537.500  3950.500     4.2117E-02
     538.500  3950.500     2.9094E-02
     539.500  3950.500     1.5663E-02
     540.500  3950.500     9.7112E-03
     541.500  3950.500     5.0982E-03
     542.500  3950.500     1.7376E-03
     543.500  3950.500     1.9045E-04
     544.500  3950.500     9.9397E-05
     495.500  3951.500     5.4459E-02
     496.500  3951.500     7.7506E-02
     497.500  3951.500     1.0585E-01
     498.500  3951.500     1.4111E-01
     499.500  3951.500     1.8424E-01
     500.500  3951.500     2.3504E-01
     501.500  3951.500     2.9205E-01
     502.500  3951.500     3.5537E-01
     503.500  3951.500     4.3040E-01
     504.500  3951.500     5.1201E-01
     505.500  3951.500     5.9961E-01
     506.500  3951.500     6.9343E-01
     507.500  3951.500     7.9074E-01
     508.500  3951.500     8.9677E-01
     509.500  3951.500     1.0080E+00
     510.500  3951.500     1.1267E+00
     511.500  3951.500     1.2533E+00
     512.500  3951.500     1.4327E+00
     513.500  3951.500     1.8483E+00
     514.500  3951.500     2.6930E+00
     515.500  3951.500     4.0539E+00
     516.500  3951.500     5.6433E+00
     517.500  3951.500     6.6753E+00
     518.500  3951.500     7.5666E+00
     519.500  3951.500     8.6943E+00
     520.500  3951.500     9.7058E+00
     521.500  3951.500     7.4531E+00
     522.500  3951.500     5.2295E+00
     523.500  3951.500     3.3103E+00
     524.500  3951.500     1.9157E+00
     525.500  3951.500     1.3273E+00
     526.500  3951.500     7.1644E-01
     527.500  3951.500     5.1905E-01
     528.500  3951.500     3.5320E-01
     529.500  3951.500     2.6089E-01
     530.500  3951.500     2.3784E-01
     531.500  3951.500     2.0132E-01
     532.500  3951.500     1.5632E-01
     533.500  3951.500     1.2777E-01
     534.500  3951.500     1.0095E-01
     535.500  3951.500     7.6097E-02
     536.500  3951.500     6.1377E-02
     537.500  3951.500     3.9065E-02
     538.500  3951.500     2.5521E-02
     539.500  3951.500     1.7283E-02
     540.500  3951.500     9.3313E-03
     541.500  3951.500     3.7598E-03
     542.500  3951.500     1.6737E-03
     543.500  3951.500     1.5354E-04
     544.500  3951.500     8.7427E-05
     495.500  3952.500     5.9609E-02
     496.500  3952.500     8.1804E-02
     497.500  3952.500     1.1053E-01
     498.500  3952.500     1.4365E-01
     499.500  3952.500     1.8135E-01
     500.500  3952.500     2.2747E-01
     501.500  3952.500     2.7947E-01
     502.500  3952.500     3.3656E-01
     503.500  3952.500     3.9950E-01
     504.500  3952.500     4.6999E-01
     505.500  3952.500     5.4474E-01
     506.500  3952.500     6.2739E-01
     507.500  3952.500     7.1049E-01
     508.500  3952.500     7.9913E-01
     509.500  3952.500     8.9147E-01
     510.500  3952.500     9.9572E-01
     511.500  3952.500     1.1506E+00
     512.500  3952.500     1.4309E+00
     513.500  3952.500     2.0239E+00
     514.500  3952.500     3.1079E+00
     515.500  3952.500     4.8082E+00
     516.500  3952.500     6.8540E+00
     517.500  3952.500     6.9092E+00
     518.500  3952.500     5.7468E+00
     519.500  3952.500     6.5534E+00
     520.500  3952.500     5.9686E+00
     521.500  3952.500     5.1771E+00
     522.500  3952.500     4.1904E+00
     523.500  3952.500     2.8446E+00
     524.500  3952.500     1.8322E+00
     525.500  3952.500     1.2370E+00
     526.500  3952.500     6.5931E-01
     527.500  3952.500     4.8353E-01
     528.500  3952.500     3.2396E-01
     529.500  3952.500     2.6291E-01
     530.500  3952.500     2.2716E-01
     531.500  3952.500     1.9091E-01
     532.500  3952.500     1.5182E-01
     533.500  3952.500     1.2353E-01
     534.500  3952.500     9.1976E-02
     535.500  3952.500     7.5333E-02
     536.500  3952.500     5.7063E-02
     537.500  3952.500     3.8486E-02
     538.500  3952.500     2.5861E-02
     539.500  3952.500     1.7023E-02
     540.500  3952.500     9.7887E-03
     541.500  3952.500     4.1718E-03
     542.500  3952.500     1.4008E-03
     543.500  3952.500     1.3760E-04
     544.500  3952.500     8.2680E-05
     495.500  3953.500     6.3732E-02
     496.500  3953.500     8.4383E-02
     497.500  3953.500     1.1230E-01
     498.500  3953.500     1.4285E-01
     499.500  3953.500     1.7872E-01
     500.500  3953.500     2.1835E-01
     501.500  3953.500     2.6541E-01
     502.500  3953.500     3.1628E-01
     503.500  3953.500     3.6916E-01
     504.500  3953.500     4.2880E-01
     505.500  3953.500     4.9445E-01
     506.500  3953.500     5.6146E-01
     507.500  3953.500     6.3621E-01
     508.500  3953.500     7.1386E-01
     509.500  3953.500     7.9043E-01
     510.500  3953.500     9.0657E-01
     511.500  3953.500     1.0949E+00
     512.500  3953.500     1.4575E+00
     513.500  3953.500     2.0954E+00
     514.500  3953.500     3.0858E+00
     515.500  3953.500     3.7363E+00
     516.500  3953.500     5.7211E+00
     517.500  3953.500     5.5242E+00
     518.500  3953.500     4.3134E+00
     519.500  3953.500     5.1279E+00
     520.500  3953.500     4.1763E+00
     521.500  3953.500     3.8953E+00
     522.500  3953.500     3.5627E+00
     523.500  3953.500     2.8387E+00
     524.500  3953.500     1.7482E+00
     525.500  3953.500     9.1235E-01
     526.500  3953.500     6.3026E-01
     527.500  3953.500     3.9529E-01
     528.500  3953.500     3.0684E-01
     529.500  3953.500     2.5331E-01
     530.500  3953.500     2.1148E-01
     531.500  3953.500     1.7497E-01
     532.500  3953.500     1.4500E-01
     533.500  3953.500     1.1337E-01
     534.500  3953.500     8.9054E-02
     535.500  3953.500     7.2590E-02
     536.500  3953.500     4.8729E-02
     537.500  3953.500     3.5087E-02
     538.500  3953.500     2.3657E-02
     539.500  3953.500     1.4124E-02
     540.500  3953.500     9.2203E-03
     541.500  3953.500     4.4588E-03
     542.500  3953.500     1.6120E-03
     543.500  3953.500     1.2764E-04
     544.500  3953.500     6.4648E-05
     495.500  3954.500     6.1641E-02
     496.500  3954.500     8.6571E-02
     497.500  3954.500     1.0982E-01
     498.500  3954.500     1.4127E-01
     499.500  3954.500     1.7246E-01
     500.500  3954.500     2.0853E-01
     501.500  3954.500     2.4862E-01
     502.500  3954.500     2.9423E-01
     503.500  3954.500     3.4116E-01
     504.500  3954.500     3.9072E-01
     505.500  3954.500     4.4526E-01
     506.500  3954.500     5.0496E-01
     507.500  3954.500     5.6821E-01
     508.500  3954.500     6.3535E-01
     509.500  3954.500     7.1688E-01
     510.500  3954.500     8.4249E-01
     511.500  3954.500     1.0597E+00
     512.500  3954.500     1.4192E+00
     513.500  3954.500     1.9433E+00
     514.500  3954.500     2.5017E+00
     515.500  3954.500     2.8079E+00
     516.500  3954.500     3.7795E+00
     517.500  3954.500     3.2740E+00
     518.500  3954.500     3.3850E+00
     519.500  3954.500     4.4825E+00
     520.500  3954.500     3.7525E+00
     521.500  3954.500     3.0124E+00
     522.500  3954.500     3.2440E+00
     523.500  3954.500     2.6584E+00
     524.500  3954.500     1.7039E+00
     525.500  3954.500     7.7511E-01
     526.500  3954.500     5.2128E-01
     527.500  3954.500     3.9119E-01
     528.500  3954.500     2.9106E-01
     529.500  3954.500     2.3697E-01
     530.500  3954.500     1.9956E-01
     531.500  3954.500     1.6653E-01
     532.500  3954.500     1.3347E-01
     533.500  3954.500     1.0397E-01
     534.500  3954.500     8.4736E-02
     535.500  3954.500     6.5609E-02
     536.500  3954.500     4.7629E-02
     537.500  3954.500     3.2724E-02
     538.500  3954.500     2.3245E-02
     539.500  3954.500     1.3616E-02
     540.500  3954.500     7.2927E-03
     541.500  3954.500     4.0794E-03
     542.500  3954.500     1.6551E-03
     543.500  3954.500     1.2393E-04
     544.500  3954.500     5.1473E-05
     523.642  3934.174     7.5545E+00
     533.661  3935.153     5.7931E-02
     534.934  3933.278     3.9030E-02
     537.941  3928.923     3.4712E-02
     539.209  3926.428     2.4595E-02
     530.687  3933.234     9.6332E-02
     528.743  3936.682     7.7865E-01
     529.379  3937.549     5.3028E-01
     527.900  3932.391     3.8049E+00
     529.626  3931.465     1.0632E-01
     530.937  3931.355     8.7231E-02
     534.513  3928.843     2.3949E-02
     530.716  3928.240     1.4181E-01
     527.755  3927.782     1.1505E-01
     530.426  3921.802     7.0800E-02
     528.551  3921.285     1.0849E-01
     529.374  3937.537     5.3049E-01
