        1   HOUR AVERAGE  CONCENTRATION VALUES AT EACH RECEPTOR  (ug/m**3)    

                   PM2.5         1

     RECEPTOR (x,y) km      VALUE
 
     495.500  3905.500     0.0000E+00
     496.500  3905.500     0.0000E+00
     497.500  3905.500     0.0000E+00
     498.500  3905.500     0.0000E+00
     499.500  3905.500     0.0000E+00
     500.500  3905.500     0.0000E+00
     501.500  3905.500     0.0000E+00
     502.500  3905.500     0.0000E+00
     503.500  3905.500     0.0000E+00
     504.500  3905.500     0.0000E+00
     505.500  3905.500     0.0000E+00
     506.500  3905.500     0.0000E+00
     507.500  3905.500     0.0000E+00
     508.500  3905.500     0.0000E+00
     509.500  3905.500     0.0000E+00
     510.500  3905.500     0.0000E+00
     511.500  3905.500     0.0000E+00
     512.500  3905.500     0.0000E+00
     513.500  3905.500     0.0000E+00
     514.500  3905.500     0.0000E+00
     515.500  3905.500     0.0000E+00
     516.500  3905.500     0.0000E+00
     517.500  3905.500     0.0000E+00
     518.500  3905.500     0.0000E+00
     519.500  3905.500     0.0000E+00
     520.500  3905.500     0.0000E+00
     521.500  3905.500     0.0000E+00
     522.500  3905.500     0.0000E+00
     523.500  3905.500     0.0000E+00
     524.500  3905.500     0.0000E+00
     525.500  3905.500     0.0000E+00
     526.500  3905.500     0.0000E+00
     527.500  3905.500     0.0000E+00
     528.500  3905.500     0.0000E+00
     529.500  3905.500     0.0000E+00
     530.500  3905.500     0.0000E+00
     531.500  3905.500     0.0000E+00
     532.500  3905.500     0.0000E+00
     533.500  3905.500     0.0000E+00
     534.500  3905.500     0.0000E+00
     535.500  3905.500     0.0000E+00
     536.500  3905.500     0.0000E+00
     537.500  3905.500     0.0000E+00
     538.500  3905.500     0.0000E+00
     539.500  3905.500     0.0000E+00
     540.500  3905.500     0.0000E+00
     541.500  3905.500     0.0000E+00
     542.500  3905.500     0.0000E+00
     543.500  3905.500     0.0000E+00
     544.500  3905.500     0.0000E+00
     495.500  3906.500     0.0000E+00
     496.500  3906.500     0.0000E+00
     497.500  3906.500     0.0000E+00
     498.500  3906.500     0.0000E+00
     499.500  3906.500     0.0000E+00
     500.500  3906.500     0.0000E+00
     501.500  3906.500     0.0000E+00
     502.500  3906.500     0.0000E+00
     503.500  3906.500     0.0000E+00
     504.500  3906.500     0.0000E+00
     505.500  3906.500     0.0000E+00
     506.500  3906.500     0.0000E+00
     507.500  3906.500     0.0000E+00
     508.500  3906.500     0.0000E+00
     509.500  3906.500     0.0000E+00
     510.500  3906.500     0.0000E+00
     511.500  3906.500     0.0000E+00
     512.500  3906.500     0.0000E+00
     513.500  3906.500     0.0000E+00
     514.500  3906.500     0.0000E+00
     515.500  3906.500     0.0000E+00
     516.500  3906.500     0.0000E+00
     517.500  3906.500     0.0000E+00
     518.500  3906.500     0.0000E+00
     519.500  3906.500     0.0000E+00
     520.500  3906.500     0.0000E+00
     521.500  3906.500     0.0000E+00
     522.500  3906.500     0.0000E+00
     523.500  3906.500     0.0000E+00
     524.500  3906.500     0.0000E+00
     525.500  3906.500     0.0000E+00
     526.500  3906.500     0.0000E+00
     527.500  3906.500     0.0000E+00
     528.500  3906.500     0.0000E+00
     529.500  3906.500     0.0000E+00
     530.500  3906.500     0.0000E+00
     531.500  3906.500     0.0000E+00
     532.500  3906.500     0.0000E+00
     533.500  3906.500     0.0000E+00
     534.500  3906.500     0.0000E+00
     535.500  3906.500     0.0000E+00
     536.500  3906.500     0.0000E+00
     537.500  3906.500     0.0000E+00
     538.500  3906.500     0.0000E+00
     539.500  3906.500     0.0000E+00
     540.500  3906.500     0.0000E+00
     541.500  3906.500     0.0000E+00
     542.500  3906.500     0.0000E+00
     543.500  3906.500     0.0000E+00
     544.500  3906.500     0.0000E+00
     495.500  3907.500     0.0000E+00
     496.500  3907.500     0.0000E+00
     497.500  3907.500     0.0000E+00
     498.500  3907.500     0.0000E+00
     499.500  3907.500     0.0000E+00
     500.500  3907.500     0.0000E+00
     501.500  3907.500     0.0000E+00
     502.500  3907.500     0.0000E+00
     503.500  3907.500     0.0000E+00
     504.500  3907.500     0.0000E+00
     505.500  3907.500     0.0000E+00
     506.500  3907.500     0.0000E+00
     507.500  3907.500     0.0000E+00
     508.500  3907.500     0.0000E+00
     509.500  3907.500     0.0000E+00
     510.500  3907.500     0.0000E+00
     511.500  3907.500     0.0000E+00
     512.500  3907.500     0.0000E+00
     513.500  3907.500     0.0000E+00
     514.500  3907.500     0.0000E+00
     515.500  3907.500     0.0000E+00
     516.500  3907.500     0.0000E+00
     517.500  3907.500     0.0000E+00
     518.500  3907.500     0.0000E+00
     519.500  3907.500     0.0000E+00
     520.500  3907.500     0.0000E+00
     521.500  3907.500     0.0000E+00
     522.500  3907.500     0.0000E+00
     523.500  3907.500     0.0000E+00
     524.500  3907.500     0.0000E+00
     525.500  3907.500     0.0000E+00
     526.500  3907.500     0.0000E+00
     527.500  3907.500     0.0000E+00
     528.500  3907.500     0.0000E+00
     529.500  3907.500     0.0000E+00
     530.500  3907.500     0.0000E+00
     531.500  3907.500     0.0000E+00
     532.500  3907.500     0.0000E+00
     533.500  3907.500     0.0000E+00
     534.500  3907.500     0.0000E+00
     535.500  3907.500     0.0000E+00
     536.500  3907.500     0.0000E+00
     537.500  3907.500     0.0000E+00
     538.500  3907.500     0.0000E+00
     539.500  3907.500     0.0000E+00
     540.500  3907.500     0.0000E+00
     541.500  3907.500     0.0000E+00
     542.500  3907.500     0.0000E+00
     543.500  3907.500     0.0000E+00
     544.500  3907.500     0.0000E+00
     495.500  3908.500     0.0000E+00
     496.500  3908.500     0.0000E+00
     497.500  3908.500     0.0000E+00
     498.500  3908.500     0.0000E+00
     499.500  3908.500     0.0000E+00
     500.500  3908.500     0.0000E+00
     501.500  3908.500     0.0000E+00
     502.500  3908.500     0.0000E+00
     503.500  3908.500     0.0000E+00
     504.500  3908.500     0.0000E+00
     505.500  3908.500     0.0000E+00
     506.500  3908.500     0.0000E+00
     507.500  3908.500     0.0000E+00
     508.500  3908.500     0.0000E+00
     509.500  3908.500     0.0000E+00
     510.500  3908.500     0.0000E+00
     511.500  3908.500     0.0000E+00
     512.500  3908.500     0.0000E+00
     513.500  3908.500     0.0000E+00
     514.500  3908.500     0.0000E+00
     515.500  3908.500     0.0000E+00
     516.500  3908.500     0.0000E+00
     517.500  3908.500     0.0000E+00
     518.500  3908.500     0.0000E+00
     519.500  3908.500     0.0000E+00
     520.500  3908.500     0.0000E+00
     521.500  3908.500     0.0000E+00
     522.500  3908.500     0.0000E+00
     523.500  3908.500     0.0000E+00
     524.500  3908.500     0.0000E+00
     525.500  3908.500     0.0000E+00
     526.500  3908.500     0.0000E+00
     527.500  3908.500     0.0000E+00
     528.500  3908.500     0.0000E+00
     529.500  3908.500     0.0000E+00
     530.500  3908.500     0.0000E+00
     531.500  3908.500     0.0000E+00
     532.500  3908.500     0.0000E+00
     533.500  3908.500     0.0000E+00
     534.500  3908.500     0.0000E+00
     535.500  3908.500     0.0000E+00
     536.500  3908.500     0.0000E+00
     537.500  3908.500     0.0000E+00
     538.500  3908.500     0.0000E+00
     539.500  3908.500     0.0000E+00
     540.500  3908.500     0.0000E+00
     541.500  3908.500     0.0000E+00
     542.500  3908.500     0.0000E+00
     543.500  3908.500     0.0000E+00
     544.500  3908.500     0.0000E+00
     495.500  3909.500     0.0000E+00
     496.500  3909.500     0.0000E+00
     497.500  3909.500     0.0000E+00
     498.500  3909.500     0.0000E+00
     499.500  3909.500     0.0000E+00
     500.500  3909.500     0.0000E+00
     501.500  3909.500     0.0000E+00
     502.500  3909.500     0.0000E+00
     503.500  3909.500     0.0000E+00
     504.500  3909.500     0.0000E+00
     505.500  3909.500     0.0000E+00
     506.500  3909.500     0.0000E+00
     507.500  3909.500     0.0000E+00
     508.500  3909.500     0.0000E+00
     509.500  3909.500     0.0000E+00
     510.500  3909.500     0.0000E+00
     511.500  3909.500     0.0000E+00
     512.500  3909.500     0.0000E+00
     513.500  3909.500     0.0000E+00
     514.500  3909.500     0.0000E+00
     515.500  3909.500     0.0000E+00
     516.500  3909.500     0.0000E+00
     517.500  3909.500     0.0000E+00
     518.500  3909.500     0.0000E+00
     519.500  3909.500     0.0000E+00
     520.500  3909.500     0.0000E+00
     521.500  3909.500     0.0000E+00
     522.500  3909.500     0.0000E+00
     523.500  3909.500     0.0000E+00
     524.500  3909.500     0.0000E+00
     525.500  3909.500     0.0000E+00
     526.500  3909.500     0.0000E+00
     527.500  3909.500     0.0000E+00
     528.500  3909.500     0.0000E+00
     529.500  3909.500     0.0000E+00
     530.500  3909.500     0.0000E+00
     531.500  3909.500     0.0000E+00
     532.500  3909.500     0.0000E+00
     533.500  3909.500     0.0000E+00
     534.500  3909.500     0.0000E+00
     535.500  3909.500     0.0000E+00
     536.500  3909.500     0.0000E+00
     537.500  3909.500     0.0000E+00
     538.500  3909.500     0.0000E+00
     539.500  3909.500     0.0000E+00
     540.500  3909.500     0.0000E+00
     541.500  3909.500     0.0000E+00
     542.500  3909.500     0.0000E+00
     543.500  3909.500     0.0000E+00
     544.500  3909.500     0.0000E+00
     495.500  3910.500     0.0000E+00
     496.500  3910.500     0.0000E+00
     497.500  3910.500     0.0000E+00
     498.500  3910.500     0.0000E+00
     499.500  3910.500     0.0000E+00
     500.500  3910.500     0.0000E+00
     501.500  3910.500     0.0000E+00
     502.500  3910.500     0.0000E+00
     503.500  3910.500     0.0000E+00
     504.500  3910.500     0.0000E+00
     505.500  3910.500     0.0000E+00
     506.500  3910.500     0.0000E+00
     507.500  3910.500     0.0000E+00
     508.500  3910.500     0.0000E+00
     509.500  3910.500     0.0000E+00
     510.500  3910.500     0.0000E+00
     511.500  3910.500     0.0000E+00
     512.500  3910.500     0.0000E+00
     513.500  3910.500     0.0000E+00
     514.500  3910.500     0.0000E+00
     515.500  3910.500     0.0000E+00
     516.500  3910.500     0.0000E+00
     517.500  3910.500     0.0000E+00
     518.500  3910.500     0.0000E+00
     519.500  3910.500     0.0000E+00
     520.500  3910.500     0.0000E+00
     521.500  3910.500     0.0000E+00
     522.500  3910.500     0.0000E+00
     523.500  3910.500     0.0000E+00
     524.500  3910.500     0.0000E+00
     525.500  3910.500     0.0000E+00
     526.500  3910.500     0.0000E+00
     527.500  3910.500     0.0000E+00
     528.500  3910.500     0.0000E+00
     529.500  3910.500     0.0000E+00
     530.500  3910.500     0.0000E+00
     531.500  3910.500     0.0000E+00
     532.500  3910.500     0.0000E+00
     533.500  3910.500     0.0000E+00
     534.500  3910.500     0.0000E+00
     535.500  3910.500     0.0000E+00
     536.500  3910.500     0.0000E+00
     537.500  3910.500     0.0000E+00
     538.500  3910.500     0.0000E+00
     539.500  3910.500     0.0000E+00
     540.500  3910.500     0.0000E+00
     541.500  3910.500     0.0000E+00
     542.500  3910.500     0.0000E+00
     543.500  3910.500     0.0000E+00
     544.500  3910.500     0.0000E+00
     495.500  3911.500     0.0000E+00
     496.500  3911.500     0.0000E+00
     497.500  3911.500     0.0000E+00
     498.500  3911.500     0.0000E+00
     499.500  3911.500     0.0000E+00
     500.500  3911.500     0.0000E+00
     501.500  3911.500     0.0000E+00
     502.500  3911.500     0.0000E+00
     503.500  3911.500     0.0000E+00
     504.500  3911.500     0.0000E+00
     505.500  3911.500     0.0000E+00
     506.500  3911.500     0.0000E+00
     507.500  3911.500     0.0000E+00
     508.500  3911.500     0.0000E+00
     509.500  3911.500     0.0000E+00
     510.500  3911.500     0.0000E+00
     511.500  3911.500     0.0000E+00
     512.500  3911.500     0.0000E+00
     513.500  3911.500     0.0000E+00
     514.500  3911.500     0.0000E+00
     515.500  3911.500     0.0000E+00
     516.500  3911.500     0.0000E+00
     517.500  3911.500     0.0000E+00
     518.500  3911.500     0.0000E+00
     519.500  3911.500     0.0000E+00
     520.500  3911.500     0.0000E+00
     521.500  3911.500     0.0000E+00
     522.500  3911.500     0.0000E+00
     523.500  3911.500     0.0000E+00
     524.500  3911.500     0.0000E+00
     525.500  3911.500     0.0000E+00
     526.500  3911.500     0.0000E+00
     527.500  3911.500     0.0000E+00
     528.500  3911.500     0.0000E+00
     529.500  3911.500     0.0000E+00
     530.500  3911.500     0.0000E+00
     531.500  3911.500     0.0000E+00
     532.500  3911.500     0.0000E+00
     533.500  3911.500     0.0000E+00
     534.500  3911.500     0.0000E+00
     535.500  3911.500     0.0000E+00
     536.500  3911.500     0.0000E+00
     537.500  3911.500     0.0000E+00
     538.500  3911.500     0.0000E+00
     539.500  3911.500     0.0000E+00
     540.500  3911.500     0.0000E+00
     541.500  3911.500     0.0000E+00
     542.500  3911.500     0.0000E+00
     543.500  3911.500     0.0000E+00
     544.500  3911.500     0.0000E+00
     495.500  3912.500     0.0000E+00
     496.500  3912.500     0.0000E+00
     497.500  3912.500     0.0000E+00
     498.500  3912.500     0.0000E+00
     499.500  3912.500     0.0000E+00
     500.500  3912.500     0.0000E+00
     501.500  3912.500     0.0000E+00
     502.500  3912.500     0.0000E+00
     503.500  3912.500     0.0000E+00
     504.500  3912.500     0.0000E+00
     505.500  3912.500     0.0000E+00
     506.500  3912.500     0.0000E+00
     507.500  3912.500     0.0000E+00
     508.500  3912.500     0.0000E+00
     509.500  3912.500     0.0000E+00
     510.500  3912.500     0.0000E+00
     511.500  3912.500     0.0000E+00
     512.500  3912.500     0.0000E+00
     513.500  3912.500     0.0000E+00
     514.500  3912.500     0.0000E+00
     515.500  3912.500     0.0000E+00
     516.500  3912.500     0.0000E+00
     517.500  3912.500     0.0000E+00
     518.500  3912.500     0.0000E+00
     519.500  3912.500     0.0000E+00
     520.500  3912.500     0.0000E+00
     521.500  3912.500     0.0000E+00
     522.500  3912.500     0.0000E+00
     523.500  3912.500     0.0000E+00
     524.500  3912.500     0.0000E+00
     525.500  3912.500     0.0000E+00
     526.500  3912.500     0.0000E+00
     527.500  3912.500     0.0000E+00
     528.500  3912.500     0.0000E+00
     529.500  3912.500     0.0000E+00
     530.500  3912.500     0.0000E+00
     531.500  3912.500     0.0000E+00
     532.500  3912.500     0.0000E+00
     533.500  3912.500     0.0000E+00
     534.500  3912.500     0.0000E+00
     535.500  3912.500     0.0000E+00
     536.500  3912.500     0.0000E+00
     537.500  3912.500     0.0000E+00
     538.500  3912.500     0.0000E+00
     539.500  3912.500     0.0000E+00
     540.500  3912.500     0.0000E+00
     541.500  3912.500     0.0000E+00
     542.500  3912.500     0.0000E+00
     543.500  3912.500     0.0000E+00
     544.500  3912.500     0.0000E+00
     495.500  3913.500     0.0000E+00
     496.500  3913.500     0.0000E+00
     497.500  3913.500     0.0000E+00
     498.500  3913.500     0.0000E+00
     499.500  3913.500     0.0000E+00
     500.500  3913.500     0.0000E+00
     501.500  3913.500     0.0000E+00
     502.500  3913.500     0.0000E+00
     503.500  3913.500     0.0000E+00
     504.500  3913.500     0.0000E+00
     505.500  3913.500     0.0000E+00
     506.500  3913.500     0.0000E+00
     507.500  3913.500     0.0000E+00
     508.500  3913.500     0.0000E+00
     509.500  3913.500     0.0000E+00
     510.500  3913.500     0.0000E+00
     511.500  3913.500     0.0000E+00
     512.500  3913.500     0.0000E+00
     513.500  3913.500     0.0000E+00
     514.500  3913.500     0.0000E+00
     515.500  3913.500     0.0000E+00
     516.500  3913.500     0.0000E+00
     517.500  3913.500     0.0000E+00
     518.500  3913.500     0.0000E+00
     519.500  3913.500     0.0000E+00
     520.500  3913.500     0.0000E+00
     521.500  3913.500     0.0000E+00
     522.500  3913.500     0.0000E+00
     523.500  3913.500     0.0000E+00
     524.500  3913.500     0.0000E+00
     525.500  3913.500     0.0000E+00
     526.500  3913.500     0.0000E+00
     527.500  3913.500     0.0000E+00
     528.500  3913.500     0.0000E+00
     529.500  3913.500     0.0000E+00
     530.500  3913.500     0.0000E+00
     531.500  3913.500     0.0000E+00
     532.500  3913.500     0.0000E+00
     533.500  3913.500     0.0000E+00
     534.500  3913.500     0.0000E+00
     535.500  3913.500     0.0000E+00
     536.500  3913.500     0.0000E+00
     537.500  3913.500     0.0000E+00
     538.500  3913.500     0.0000E+00
     539.500  3913.500     0.0000E+00
     540.500  3913.500     0.0000E+00
     541.500  3913.500     0.0000E+00
     542.500  3913.500     0.0000E+00
     543.500  3913.500     0.0000E+00
     544.500  3913.500     0.0000E+00
     495.500  3914.500     0.0000E+00
     496.500  3914.500     0.0000E+00
     497.500  3914.500     0.0000E+00
     498.500  3914.500     0.0000E+00
     499.500  3914.500     0.0000E+00
     500.500  3914.500     0.0000E+00
     501.500  3914.500     0.0000E+00
     502.500  3914.500     0.0000E+00
     503.500  3914.500     0.0000E+00
     504.500  3914.500     0.0000E+00
     505.500  3914.500     0.0000E+00
     506.500  3914.500     0.0000E+00
     507.500  3914.500     0.0000E+00
     508.500  3914.500     0.0000E+00
     509.500  3914.500     0.0000E+00
     510.500  3914.500     0.0000E+00
     511.500  3914.500     0.0000E+00
     512.500  3914.500     0.0000E+00
     513.500  3914.500     0.0000E+00
     514.500  3914.500     0.0000E+00
     515.500  3914.500     0.0000E+00
     516.500  3914.500     0.0000E+00
     517.500  3914.500     0.0000E+00
     518.500  3914.500     0.0000E+00
     519.500  3914.500     0.0000E+00
     520.500  3914.500     0.0000E+00
     521.500  3914.500     0.0000E+00
     522.500  3914.500     0.0000E+00
     523.500  3914.500     0.0000E+00
     524.500  3914.500     0.0000E+00
     525.500  3914.500     0.0000E+00
     526.500  3914.500     0.0000E+00
     527.500  3914.500     0.0000E+00
     528.500  3914.500     0.0000E+00
     529.500  3914.500     0.0000E+00
     530.500  3914.500     0.0000E+00
     531.500  3914.500     0.0000E+00
     532.500  3914.500     0.0000E+00
     533.500  3914.500     0.0000E+00
     534.500  3914.500     0.0000E+00
     535.500  3914.500     0.0000E+00
     536.500  3914.500     0.0000E+00
     537.500  3914.500     0.0000E+00
     538.500  3914.500     0.0000E+00
     539.500  3914.500     0.0000E+00
     540.500  3914.500     0.0000E+00
     541.500  3914.500     0.0000E+00
     542.500  3914.500     0.0000E+00
     543.500  3914.500     0.0000E+00
     544.500  3914.500     0.0000E+00
     495.500  3915.500     0.0000E+00
     496.500  3915.500     0.0000E+00
     497.500  3915.500     0.0000E+00
     498.500  3915.500     0.0000E+00
     499.500  3915.500     0.0000E+00
     500.500  3915.500     0.0000E+00
     501.500  3915.500     0.0000E+00
     502.500  3915.500     0.0000E+00
     503.500  3915.500     0.0000E+00
     504.500  3915.500     0.0000E+00
     505.500  3915.500     0.0000E+00
     506.500  3915.500     0.0000E+00
     507.500  3915.500     0.0000E+00
     508.500  3915.500     0.0000E+00
     509.500  3915.500     0.0000E+00
     510.500  3915.500     0.0000E+00
     511.500  3915.500     0.0000E+00
     512.500  3915.500     0.0000E+00
     513.500  3915.500     0.0000E+00
     514.500  3915.500     0.0000E+00
     515.500  3915.500     0.0000E+00
     516.500  3915.500     0.0000E+00
     517.500  3915.500     0.0000E+00
     518.500  3915.500     0.0000E+00
     519.500  3915.500     0.0000E+00
     520.500  3915.500     0.0000E+00
     521.500  3915.500     0.0000E+00
     522.500  3915.500     0.0000E+00
     523.500  3915.500     0.0000E+00
     524.500  3915.500     0.0000E+00
     525.500  3915.500     0.0000E+00
     526.500  3915.500     0.0000E+00
     527.500  3915.500     0.0000E+00
     528.500  3915.500     0.0000E+00
     529.500  3915.500     0.0000E+00
     530.500  3915.500     0.0000E+00
     531.500  3915.500     0.0000E+00
     532.500  3915.500     0.0000E+00
     533.500  3915.500     0.0000E+00
     534.500  3915.500     0.0000E+00
     535.500  3915.500     0.0000E+00
     536.500  3915.500     0.0000E+00
     537.500  3915.500     0.0000E+00
     538.500  3915.500     0.0000E+00
     539.500  3915.500     0.0000E+00
     540.500  3915.500     0.0000E+00
     541.500  3915.500     0.0000E+00
     542.500  3915.500     0.0000E+00
     543.500  3915.500     0.0000E+00
     544.500  3915.500     0.0000E+00
     495.500  3916.500     0.0000E+00
     496.500  3916.500     0.0000E+00
     497.500  3916.500     0.0000E+00
     498.500  3916.500     0.0000E+00
     499.500  3916.500     0.0000E+00
     500.500  3916.500     0.0000E+00
     501.500  3916.500     0.0000E+00
     502.500  3916.500     0.0000E+00
     503.500  3916.500     0.0000E+00
     504.500  3916.500     0.0000E+00
     505.500  3916.500     0.0000E+00
     506.500  3916.500     0.0000E+00
     507.500  3916.500     0.0000E+00
     508.500  3916.500     0.0000E+00
     509.500  3916.500     0.0000E+00
     510.500  3916.500     0.0000E+00
     511.500  3916.500     0.0000E+00
     512.500  3916.500     0.0000E+00
     513.500  3916.500     0.0000E+00
     514.500  3916.500     0.0000E+00
     515.500  3916.500     0.0000E+00
     516.500  3916.500     0.0000E+00
     517.500  3916.500     0.0000E+00
     518.500  3916.500     0.0000E+00
     519.500  3916.500     0.0000E+00
     520.500  3916.500     0.0000E+00
     521.500  3916.500     0.0000E+00
     522.500  3916.500     0.0000E+00
     523.500  3916.500     0.0000E+00
     524.500  3916.500     0.0000E+00
     525.500  3916.500     0.0000E+00
     526.500  3916.500     0.0000E+00
     527.500  3916.500     0.0000E+00
     528.500  3916.500     0.0000E+00
     529.500  3916.500     0.0000E+00
     530.500  3916.500     0.0000E+00
     531.500  3916.500     0.0000E+00
     532.500  3916.500     0.0000E+00
     533.500  3916.500     0.0000E+00
     534.500  3916.500     0.0000E+00
     535.500  3916.500     0.0000E+00
     536.500  3916.500     0.0000E+00
     537.500  3916.500     0.0000E+00
     538.500  3916.500     0.0000E+00
     539.500  3916.500     0.0000E+00
     540.500  3916.500     0.0000E+00
     541.500  3916.500     0.0000E+00
     542.500  3916.500     0.0000E+00
     543.500  3916.500     0.0000E+00
     544.500  3916.500     0.0000E+00
     495.500  3917.500     0.0000E+00
     496.500  3917.500     0.0000E+00
     497.500  3917.500     0.0000E+00
     498.500  3917.500     0.0000E+00
     499.500  3917.500     0.0000E+00
     500.500  3917.500     0.0000E+00
     501.500  3917.500     0.0000E+00
     502.500  3917.500     0.0000E+00
     503.500  3917.500     0.0000E+00
     504.500  3917.500     0.0000E+00
     505.500  3917.500     0.0000E+00
     506.500  3917.500     0.0000E+00
     507.500  3917.500     0.0000E+00
     508.500  3917.500     0.0000E+00
     509.500  3917.500     0.0000E+00
     510.500  3917.500     0.0000E+00
     511.500  3917.500     0.0000E+00
     512.500  3917.500     0.0000E+00
     513.500  3917.500     0.0000E+00
     514.500  3917.500     0.0000E+00
     515.500  3917.500     0.0000E+00
     516.500  3917.500     0.0000E+00
     517.500  3917.500     0.0000E+00
     518.500  3917.500     0.0000E+00
     519.500  3917.500     0.0000E+00
     520.500  3917.500     0.0000E+00
     521.500  3917.500     0.0000E+00
     522.500  3917.500     0.0000E+00
     523.500  3917.500     0.0000E+00
     524.500  3917.500     0.0000E+00
     525.500  3917.500     0.0000E+00
     526.500  3917.500     0.0000E+00
     527.500  3917.500     0.0000E+00
     528.500  3917.500     0.0000E+00
     529.500  3917.500     0.0000E+00
     530.500  3917.500     0.0000E+00
     531.500  3917.500     0.0000E+00
     532.500  3917.500     0.0000E+00
     533.500  3917.500     0.0000E+00
     534.500  3917.500     0.0000E+00
     535.500  3917.500     0.0000E+00
     536.500  3917.500     0.0000E+00
     537.500  3917.500     0.0000E+00
     538.500  3917.500     0.0000E+00
     539.500  3917.500     0.0000E+00
     540.500  3917.500     0.0000E+00
     541.500  3917.500     0.0000E+00
     542.500  3917.500     0.0000E+00
     543.500  3917.500     0.0000E+00
     544.500  3917.500     0.0000E+00
     495.500  3918.500     0.0000E+00
     496.500  3918.500     0.0000E+00
     497.500  3918.500     0.0000E+00
     498.500  3918.500     0.0000E+00
     499.500  3918.500     0.0000E+00
     500.500  3918.500     0.0000E+00
     501.500  3918.500     0.0000E+00
     502.500  3918.500     0.0000E+00
     503.500  3918.500     0.0000E+00
     504.500  3918.500     0.0000E+00
     505.500  3918.500     0.0000E+00
     506.500  3918.500     0.0000E+00
     507.500  3918.500     0.0000E+00
     508.500  3918.500     0.0000E+00
     509.500  3918.500     0.0000E+00
     510.500  3918.500     0.0000E+00
     511.500  3918.500     0.0000E+00
     512.500  3918.500     0.0000E+00
     513.500  3918.500     0.0000E+00
     514.500  3918.500     0.0000E+00
     515.500  3918.500     0.0000E+00
     516.500  3918.500     0.0000E+00
     517.500  3918.500     0.0000E+00
     518.500  3918.500     0.0000E+00
     519.500  3918.500     0.0000E+00
     520.500  3918.500     0.0000E+00
     521.500  3918.500     0.0000E+00
     522.500  3918.500     0.0000E+00
     523.500  3918.500     0.0000E+00
     524.500  3918.500     0.0000E+00
     525.500  3918.500     0.0000E+00
     526.500  3918.500     0.0000E+00
     527.500  3918.500     0.0000E+00
     528.500  3918.500     0.0000E+00
     529.500  3918.500     0.0000E+00
     530.500  3918.500     0.0000E+00
     531.500  3918.500     0.0000E+00
     532.500  3918.500     0.0000E+00
     533.500  3918.500     7.4608E-04
     534.500  3918.500     3.6752E-03
     535.500  3918.500     4.5865E-03
     536.500  3918.500     4.0931E-03
     537.500  3918.500     3.3604E-03
     538.500  3918.500     2.8136E-03
     539.500  3918.500     2.3554E-03
     540.500  3918.500     2.0156E-03
     541.500  3918.500     1.7466E-03
     542.500  3918.500     1.5374E-03
     543.500  3918.500     1.3747E-03
     544.500  3918.500     1.1179E-03
     495.500  3919.500     0.0000E+00
     496.500  3919.500     0.0000E+00
     497.500  3919.500     0.0000E+00
     498.500  3919.500     0.0000E+00
     499.500  3919.500     0.0000E+00
     500.500  3919.500     0.0000E+00
     501.500  3919.500     0.0000E+00
     502.500  3919.500     0.0000E+00
     503.500  3919.500     0.0000E+00
     504.500  3919.500     0.0000E+00
     505.500  3919.500     0.0000E+00
     506.500  3919.500     0.0000E+00
     507.500  3919.500     0.0000E+00
     508.500  3919.500     0.0000E+00
     509.500  3919.500     0.0000E+00
     510.500  3919.500     0.0000E+00
     511.500  3919.500     0.0000E+00
     512.500  3919.500     0.0000E+00
     513.500  3919.500     0.0000E+00
     514.500  3919.500     0.0000E+00
     515.500  3919.500     0.0000E+00
     516.500  3919.500     0.0000E+00
     517.500  3919.500     0.0000E+00
     518.500  3919.500     0.0000E+00
     519.500  3919.500     0.0000E+00
     520.500  3919.500     0.0000E+00
     521.500  3919.500     0.0000E+00
     522.500  3919.500     0.0000E+00
     523.500  3919.500     0.0000E+00
     524.500  3919.500     0.0000E+00
     525.500  3919.500     0.0000E+00
     526.500  3919.500     0.0000E+00
     527.500  3919.500     0.0000E+00
     528.500  3919.500     0.0000E+00
     529.500  3919.500     0.0000E+00
     530.500  3919.500     0.0000E+00
     531.500  3919.500     2.4006E+00
     532.500  3919.500     2.8570E+00
     533.500  3919.500     6.9976E-01
     534.500  3919.500     3.2304E-01
     535.500  3919.500     1.8128E-01
     536.500  3919.500     1.1656E-01
     537.500  3919.500     8.8261E-02
     538.500  3919.500     7.5460E-02
     539.500  3919.500     6.4230E-02
     540.500  3919.500     5.4061E-02
     541.500  3919.500     4.6291E-02
     542.500  3919.500     3.9819E-02
     543.500  3919.500     3.4265E-02
     544.500  3919.500     2.7459E-02
     495.500  3920.500     0.0000E+00
     496.500  3920.500     0.0000E+00
     497.500  3920.500     0.0000E+00
     498.500  3920.500     0.0000E+00
     499.500  3920.500     0.0000E+00
     500.500  3920.500     0.0000E+00
     501.500  3920.500     0.0000E+00
     502.500  3920.500     0.0000E+00
     503.500  3920.500     0.0000E+00
     504.500  3920.500     0.0000E+00
     505.500  3920.500     0.0000E+00
     506.500  3920.500     0.0000E+00
     507.500  3920.500     0.0000E+00
     508.500  3920.500     0.0000E+00
     509.500  3920.500     0.0000E+00
     510.500  3920.500     0.0000E+00
     511.500  3920.500     0.0000E+00
     512.500  3920.500     0.0000E+00
     513.500  3920.500     0.0000E+00
     514.500  3920.500     0.0000E+00
     515.500  3920.500     0.0000E+00
     516.500  3920.500     0.0000E+00
     517.500  3920.500     0.0000E+00
     518.500  3920.500     0.0000E+00
     519.500  3920.500     0.0000E+00
     520.500  3920.500     0.0000E+00
     521.500  3920.500     0.0000E+00
     522.500  3920.500     0.0000E+00
     523.500  3920.500     0.0000E+00
     524.500  3920.500     0.0000E+00
     525.500  3920.500     0.0000E+00
     526.500  3920.500     0.0000E+00
     527.500  3920.500     0.0000E+00
     528.500  3920.500     0.0000E+00
     529.500  3920.500     0.0000E+00
     530.500  3920.500     0.0000E+00
     531.500  3920.500     0.0000E+00
     532.500  3920.500     0.0000E+00
     533.500  3920.500     4.8686E-04
     534.500  3920.500     9.1820E-02
     535.500  3920.500     3.7971E-01
     536.500  3920.500     5.9454E-01
     537.500  3920.500     6.2241E-01
     538.500  3920.500     5.4561E-01
     539.500  3920.500     4.4456E-01
     540.500  3920.500     3.5490E-01
     541.500  3920.500     2.8404E-01
     542.500  3920.500     2.3016E-01
     543.500  3920.500     1.8910E-01
     544.500  3920.500     1.4782E-01
     495.500  3921.500     0.0000E+00
     496.500  3921.500     0.0000E+00
     497.500  3921.500     0.0000E+00
     498.500  3921.500     0.0000E+00
     499.500  3921.500     0.0000E+00
     500.500  3921.500     0.0000E+00
     501.500  3921.500     0.0000E+00
     502.500  3921.500     0.0000E+00
     503.500  3921.500     0.0000E+00
     504.500  3921.500     0.0000E+00
     505.500  3921.500     0.0000E+00
     506.500  3921.500     0.0000E+00
     507.500  3921.500     0.0000E+00
     508.500  3921.500     0.0000E+00
     509.500  3921.500     0.0000E+00
     510.500  3921.500     0.0000E+00
     511.500  3921.500     0.0000E+00
     512.500  3921.500     0.0000E+00
     513.500  3921.500     0.0000E+00
     514.500  3921.500     0.0000E+00
     515.500  3921.500     0.0000E+00
     516.500  3921.500     0.0000E+00
     517.500  3921.500     0.0000E+00
     518.500  3921.500     0.0000E+00
     519.500  3921.500     0.0000E+00
     520.500  3921.500     0.0000E+00
     521.500  3921.500     0.0000E+00
     522.500  3921.500     0.0000E+00
     523.500  3921.500     0.0000E+00
     524.500  3921.500     0.0000E+00
     525.500  3921.500     0.0000E+00
     526.500  3921.500     0.0000E+00
     527.500  3921.500     0.0000E+00
     528.500  3921.500     0.0000E+00
     529.500  3921.500     0.0000E+00
     530.500  3921.500     0.0000E+00
     531.500  3921.500     1.2036E-01
     532.500  3921.500     4.2541E-02
     533.500  3921.500     4.9977E-02
     534.500  3921.500     1.5618E-01
     535.500  3921.500     2.0738E-01
     536.500  3921.500     1.7349E-01
     537.500  3921.500     1.3674E-01
     538.500  3921.500     1.4727E-01
     539.500  3921.500     1.8165E-01
     540.500  3921.500     2.2177E-01
     541.500  3921.500     2.4825E-01
     542.500  3921.500     2.5697E-01
     543.500  3921.500     2.5116E-01
     544.500  3921.500     2.1951E-01
     495.500  3922.500     0.0000E+00
     496.500  3922.500     0.0000E+00
     497.500  3922.500     0.0000E+00
     498.500  3922.500     0.0000E+00
     499.500  3922.500     0.0000E+00
     500.500  3922.500     0.0000E+00
     501.500  3922.500     0.0000E+00
     502.500  3922.500     0.0000E+00
     503.500  3922.500     0.0000E+00
     504.500  3922.500     0.0000E+00
     505.500  3922.500     0.0000E+00
     506.500  3922.500     0.0000E+00
     507.500  3922.500     0.0000E+00
     508.500  3922.500     0.0000E+00
     509.500  3922.500     0.0000E+00
     510.500  3922.500     0.0000E+00
     511.500  3922.500     0.0000E+00
     512.500  3922.500     0.0000E+00
     513.500  3922.500     0.0000E+00
     514.500  3922.500     0.0000E+00
     515.500  3922.500     0.0000E+00
     516.500  3922.500     0.0000E+00
     517.500  3922.500     0.0000E+00
     518.500  3922.500     0.0000E+00
     519.500  3922.500     0.0000E+00
     520.500  3922.500     0.0000E+00
     521.500  3922.500     0.0000E+00
     522.500  3922.500     0.0000E+00
     523.500  3922.500     0.0000E+00
     524.500  3922.500     0.0000E+00
     525.500  3922.500     0.0000E+00
     526.500  3922.500     0.0000E+00
     527.500  3922.500     0.0000E+00
     528.500  3922.500     0.0000E+00
     529.500  3922.500     0.0000E+00
     530.500  3922.500     0.0000E+00
     531.500  3922.500     0.0000E+00
     532.500  3922.500     1.2373E-02
     533.500  3922.500     2.9370E-01
     534.500  3922.500     4.2560E-01
     535.500  3922.500     3.7349E-01
     536.500  3922.500     2.9171E-01
     537.500  3922.500     2.3151E-01
     538.500  3922.500     1.9429E-01
     539.500  3922.500     1.7127E-01
     540.500  3922.500     1.5566E-01
     541.500  3922.500     1.4938E-01
     542.500  3922.500     1.4932E-01
     543.500  3922.500     1.5334E-01
     544.500  3922.500     1.4336E-01
     495.500  3923.500     0.0000E+00
     496.500  3923.500     0.0000E+00
     497.500  3923.500     0.0000E+00
     498.500  3923.500     0.0000E+00
     499.500  3923.500     0.0000E+00
     500.500  3923.500     0.0000E+00
     501.500  3923.500     0.0000E+00
     502.500  3923.500     0.0000E+00
     503.500  3923.500     0.0000E+00
     504.500  3923.500     0.0000E+00
     505.500  3923.500     0.0000E+00
     506.500  3923.500     0.0000E+00
     507.500  3923.500     0.0000E+00
     508.500  3923.500     0.0000E+00
     509.500  3923.500     0.0000E+00
     510.500  3923.500     0.0000E+00
     511.500  3923.500     0.0000E+00
     512.500  3923.500     0.0000E+00
     513.500  3923.500     0.0000E+00
     514.500  3923.500     0.0000E+00
     515.500  3923.500     0.0000E+00
     516.500  3923.500     0.0000E+00
     517.500  3923.500     0.0000E+00
     518.500  3923.500     0.0000E+00
     519.500  3923.500     0.0000E+00
     520.500  3923.500     0.0000E+00
     521.500  3923.500     0.0000E+00
     522.500  3923.500     0.0000E+00
     523.500  3923.500     0.0000E+00
     524.500  3923.500     0.0000E+00
     525.500  3923.500     0.0000E+00
     526.500  3923.500     0.0000E+00
     527.500  3923.500     0.0000E+00
     528.500  3923.500     6.7100E-02
     529.500  3923.500     4.8946E-02
     530.500  3923.500     2.0638E-02
     531.500  3923.500     1.0345E-02
     532.500  3923.500     6.2863E-03
     533.500  3923.500     4.0881E-03
     534.500  3923.500     2.8499E-03
     535.500  3923.500     4.2737E-03
     536.500  3923.500     3.9997E-02
     537.500  3923.500     1.0860E-01
     538.500  3923.500     1.7506E-01
     539.500  3923.500     2.1274E-01
     540.500  3923.500     2.2309E-01
     541.500  3923.500     2.1660E-01
     542.500  3923.500     2.0180E-01
     543.500  3923.500     1.8499E-01
     544.500  3923.500     1.5126E-01
     495.500  3924.500     0.0000E+00
     496.500  3924.500     0.0000E+00
     497.500  3924.500     0.0000E+00
     498.500  3924.500     0.0000E+00
     499.500  3924.500     0.0000E+00
     500.500  3924.500     0.0000E+00
     501.500  3924.500     0.0000E+00
     502.500  3924.500     0.0000E+00
     503.500  3924.500     0.0000E+00
     504.500  3924.500     0.0000E+00
     505.500  3924.500     0.0000E+00
     506.500  3924.500     0.0000E+00
     507.500  3924.500     0.0000E+00
     508.500  3924.500     0.0000E+00
     509.500  3924.500     0.0000E+00
     510.500  3924.500     0.0000E+00
     511.500  3924.500     0.0000E+00
     512.500  3924.500     0.0000E+00
     513.500  3924.500     0.0000E+00
     514.500  3924.500     0.0000E+00
     515.500  3924.500     0.0000E+00
     516.500  3924.500     0.0000E+00
     517.500  3924.500     0.0000E+00
     518.500  3924.500     0.0000E+00
     519.500  3924.500     0.0000E+00
     520.500  3924.500     0.0000E+00
     521.500  3924.500     0.0000E+00
     522.500  3924.500     0.0000E+00
     523.500  3924.500     0.0000E+00
     524.500  3924.500     0.0000E+00
     525.500  3924.500     0.0000E+00
     526.500  3924.500     0.0000E+00
     527.500  3924.500     0.0000E+00
     528.500  3924.500     0.0000E+00
     529.500  3924.500     0.0000E+00
     530.500  3924.500     3.5277E-04
     531.500  3924.500     2.9105E-03
     532.500  3924.500     2.4444E-02
     533.500  3924.500     2.8776E-01
     534.500  3924.500     3.2165E-01
     535.500  3924.500     1.7357E-01
     536.500  3924.500     1.0089E-01
     537.500  3924.500     6.4626E-02
     538.500  3924.500     4.5729E-02
     539.500  3924.500     4.0979E-02
     540.500  3924.500     4.7381E-02
     541.500  3924.500     6.1807E-02
     542.500  3924.500     7.9839E-02
     543.500  3924.500     9.5049E-02
     544.500  3924.500     9.1247E-02
     495.500  3925.500     0.0000E+00
     496.500  3925.500     0.0000E+00
     497.500  3925.500     0.0000E+00
     498.500  3925.500     0.0000E+00
     499.500  3925.500     0.0000E+00
     500.500  3925.500     0.0000E+00
     501.500  3925.500     0.0000E+00
     502.500  3925.500     0.0000E+00
     503.500  3925.500     0.0000E+00
     504.500  3925.500     0.0000E+00
     505.500  3925.500     0.0000E+00
     506.500  3925.500     0.0000E+00
     507.500  3925.500     0.0000E+00
     508.500  3925.500     0.0000E+00
     509.500  3925.500     0.0000E+00
     510.500  3925.500     0.0000E+00
     511.500  3925.500     0.0000E+00
     512.500  3925.500     0.0000E+00
     513.500  3925.500     0.0000E+00
     514.500  3925.500     0.0000E+00
     515.500  3925.500     0.0000E+00
     516.500  3925.500     0.0000E+00
     517.500  3925.500     0.0000E+00
     518.500  3925.500     0.0000E+00
     519.500  3925.500     0.0000E+00
     520.500  3925.500     0.0000E+00
     521.500  3925.500     0.0000E+00
     522.500  3925.500     0.0000E+00
     523.500  3925.500     0.0000E+00
     524.500  3925.500     0.0000E+00
     525.500  3925.500     0.0000E+00
     526.500  3925.500     0.0000E+00
     527.500  3925.500     0.0000E+00
     528.500  3925.500     0.0000E+00
     529.500  3925.500     0.0000E+00
     530.500  3925.500     0.0000E+00
     531.500  3925.500     0.0000E+00
     532.500  3925.500     1.7024E-06
     533.500  3925.500     5.9113E-01
     534.500  3925.500     1.0221E+00
     535.500  3925.500     8.4972E-01
     536.500  3925.500     6.9802E-01
     537.500  3925.500     6.0216E-01
     538.500  3925.500     5.0610E-01
     539.500  3925.500     4.3129E-01
     540.500  3925.500     3.5895E-01
     541.500  3925.500     2.9686E-01
     542.500  3925.500     2.4709E-01
     543.500  3925.500     2.1228E-01
     544.500  3925.500     1.7678E-01
     495.500  3926.500     0.0000E+00
     496.500  3926.500     0.0000E+00
     497.500  3926.500     0.0000E+00
     498.500  3926.500     0.0000E+00
     499.500  3926.500     0.0000E+00
     500.500  3926.500     0.0000E+00
     501.500  3926.500     0.0000E+00
     502.500  3926.500     0.0000E+00
     503.500  3926.500     0.0000E+00
     504.500  3926.500     0.0000E+00
     505.500  3926.500     0.0000E+00
     506.500  3926.500     0.0000E+00
     507.500  3926.500     0.0000E+00
     508.500  3926.500     0.0000E+00
     509.500  3926.500     0.0000E+00
     510.500  3926.500     0.0000E+00
     511.500  3926.500     0.0000E+00
     512.500  3926.500     0.0000E+00
     513.500  3926.500     0.0000E+00
     514.500  3926.500     0.0000E+00
     515.500  3926.500     0.0000E+00
     516.500  3926.500     0.0000E+00
     517.500  3926.500     0.0000E+00
     518.500  3926.500     0.0000E+00
     519.500  3926.500     0.0000E+00
     520.500  3926.500     0.0000E+00
     521.500  3926.500     0.0000E+00
     522.500  3926.500     0.0000E+00
     523.500  3926.500     0.0000E+00
     524.500  3926.500     0.0000E+00
     525.500  3926.500     0.0000E+00
     526.500  3926.500     0.0000E+00
     527.500  3926.500     0.0000E+00
     528.500  3926.500     0.0000E+00
     529.500  3926.500     0.0000E+00
     530.500  3926.500     0.0000E+00
     531.500  3926.500     0.0000E+00
     532.500  3926.500     4.1616E-02
     533.500  3926.500     8.4030E-02
     534.500  3926.500     8.7801E-02
     535.500  3926.500     1.7115E-01
     536.500  3926.500     1.3457E+00
     537.500  3926.500     2.9495E+00
     538.500  3926.500     3.4507E+00
     539.500  3926.500     3.4028E+00
     540.500  3926.500     2.9770E+00
     541.500  3926.500     2.4743E+00
     542.500  3926.500     1.9989E+00
     543.500  3926.500     1.5905E+00
     544.500  3926.500     1.2172E+00
     495.500  3927.500     0.0000E+00
     496.500  3927.500     0.0000E+00
     497.500  3927.500     0.0000E+00
     498.500  3927.500     0.0000E+00
     499.500  3927.500     0.0000E+00
     500.500  3927.500     0.0000E+00
     501.500  3927.500     0.0000E+00
     502.500  3927.500     0.0000E+00
     503.500  3927.500     0.0000E+00
     504.500  3927.500     0.0000E+00
     505.500  3927.500     0.0000E+00
     506.500  3927.500     0.0000E+00
     507.500  3927.500     0.0000E+00
     508.500  3927.500     0.0000E+00
     509.500  3927.500     0.0000E+00
     510.500  3927.500     0.0000E+00
     511.500  3927.500     0.0000E+00
     512.500  3927.500     0.0000E+00
     513.500  3927.500     0.0000E+00
     514.500  3927.500     0.0000E+00
     515.500  3927.500     0.0000E+00
     516.500  3927.500     0.0000E+00
     517.500  3927.500     0.0000E+00
     518.500  3927.500     0.0000E+00
     519.500  3927.500     0.0000E+00
     520.500  3927.500     0.0000E+00
     521.500  3927.500     0.0000E+00
     522.500  3927.500     0.0000E+00
     523.500  3927.500     0.0000E+00
     524.500  3927.500     0.0000E+00
     525.500  3927.500     0.0000E+00
     526.500  3927.500     0.0000E+00
     527.500  3927.500     0.0000E+00
     528.500  3927.500     0.0000E+00
     529.500  3927.500     0.0000E+00
     530.500  3927.500     1.8142E+00
     531.500  3927.500     1.7632E+00
     532.500  3927.500     1.4337E+00
     533.500  3927.500     1.1655E+00
     534.500  3927.500     1.2549E+00
     535.500  3927.500     9.9992E-01
     536.500  3927.500     8.4252E-01
     537.500  3927.500     7.4282E-01
     538.500  3927.500     6.5763E-01
     539.500  3927.500     6.7275E-01
     540.500  3927.500     7.6771E-01
     541.500  3927.500     9.6857E-01
     542.500  3927.500     1.1756E+00
     543.500  3927.500     1.3241E+00
     544.500  3927.500     1.2875E+00
     495.500  3928.500     0.0000E+00
     496.500  3928.500     0.0000E+00
     497.500  3928.500     0.0000E+00
     498.500  3928.500     0.0000E+00
     499.500  3928.500     0.0000E+00
     500.500  3928.500     0.0000E+00
     501.500  3928.500     0.0000E+00
     502.500  3928.500     0.0000E+00
     503.500  3928.500     0.0000E+00
     504.500  3928.500     0.0000E+00
     505.500  3928.500     0.0000E+00
     506.500  3928.500     0.0000E+00
     507.500  3928.500     0.0000E+00
     508.500  3928.500     0.0000E+00
     509.500  3928.500     0.0000E+00
     510.500  3928.500     0.0000E+00
     511.500  3928.500     0.0000E+00
     512.500  3928.500     0.0000E+00
     513.500  3928.500     0.0000E+00
     514.500  3928.500     0.0000E+00
     515.500  3928.500     0.0000E+00
     516.500  3928.500     0.0000E+00
     517.500  3928.500     0.0000E+00
     518.500  3928.500     0.0000E+00
     519.500  3928.500     0.0000E+00
     520.500  3928.500     0.0000E+00
     521.500  3928.500     0.0000E+00
     522.500  3928.500     0.0000E+00
     523.500  3928.500     0.0000E+00
     524.500  3928.500     0.0000E+00
     525.500  3928.500     0.0000E+00
     526.500  3928.500     0.0000E+00
     527.500  3928.500     0.0000E+00
     528.500  3928.500     0.0000E+00
     529.500  3928.500     5.1598E-02
     530.500  3928.500     2.7836E-01
     531.500  3928.500     1.8395E+00
     532.500  3928.500     4.2149E+00
     533.500  3928.500     4.8818E+00
     534.500  3928.500     5.0191E+00
     535.500  3928.500     4.7586E+00
     536.500  3928.500     4.4099E+00
     537.500  3928.500     3.9563E+00
     538.500  3928.500     3.3437E+00
     539.500  3928.500     2.7931E+00
     540.500  3928.500     2.3142E+00
     541.500  3928.500     1.9156E+00
     542.500  3928.500     1.5952E+00
     543.500  3928.500     1.3601E+00
     544.500  3928.500     1.1107E+00
     495.500  3929.500     0.0000E+00
     496.500  3929.500     0.0000E+00
     497.500  3929.500     0.0000E+00
     498.500  3929.500     0.0000E+00
     499.500  3929.500     0.0000E+00
     500.500  3929.500     0.0000E+00
     501.500  3929.500     0.0000E+00
     502.500  3929.500     0.0000E+00
     503.500  3929.500     0.0000E+00
     504.500  3929.500     0.0000E+00
     505.500  3929.500     0.0000E+00
     506.500  3929.500     0.0000E+00
     507.500  3929.500     0.0000E+00
     508.500  3929.500     0.0000E+00
     509.500  3929.500     0.0000E+00
     510.500  3929.500     0.0000E+00
     511.500  3929.500     0.0000E+00
     512.500  3929.500     0.0000E+00
     513.500  3929.500     0.0000E+00
     514.500  3929.500     0.0000E+00
     515.500  3929.500     0.0000E+00
     516.500  3929.500     0.0000E+00
     517.500  3929.500     0.0000E+00
     518.500  3929.500     0.0000E+00
     519.500  3929.500     0.0000E+00
     520.500  3929.500     0.0000E+00
     521.500  3929.500     0.0000E+00
     522.500  3929.500     0.0000E+00
     523.500  3929.500     0.0000E+00
     524.500  3929.500     0.0000E+00
     525.500  3929.500     0.0000E+00
     526.500  3929.500     0.0000E+00
     527.500  3929.500     0.0000E+00
     528.500  3929.500     0.0000E+00
     529.500  3929.500     0.0000E+00
     530.500  3929.500     0.0000E+00
     531.500  3929.500     5.3013E-05
     532.500  3929.500     3.6425E-02
     533.500  3929.500     1.3900E-01
     534.500  3929.500     8.0080E-01
     535.500  3929.500     1.1174E+00
     536.500  3929.500     1.4526E+00
     537.500  3929.500     1.7805E+00
     538.500  3929.500     2.0777E+00
     539.500  3929.500     2.2645E+00
     540.500  3929.500     2.3474E+00
     541.500  3929.500     2.3219E+00
     542.500  3929.500     2.2142E+00
     543.500  3929.500     2.0278E+00
     544.500  3929.500     1.6601E+00
     495.500  3930.500     0.0000E+00
     496.500  3930.500     0.0000E+00
     497.500  3930.500     0.0000E+00
     498.500  3930.500     0.0000E+00
     499.500  3930.500     0.0000E+00
     500.500  3930.500     0.0000E+00
     501.500  3930.500     0.0000E+00
     502.500  3930.500     0.0000E+00
     503.500  3930.500     0.0000E+00
     504.500  3930.500     0.0000E+00
     505.500  3930.500     0.0000E+00
     506.500  3930.500     0.0000E+00
     507.500  3930.500     0.0000E+00
     508.500  3930.500     0.0000E+00
     509.500  3930.500     0.0000E+00
     510.500  3930.500     0.0000E+00
     511.500  3930.500     0.0000E+00
     512.500  3930.500     0.0000E+00
     513.500  3930.500     0.0000E+00
     514.500  3930.500     0.0000E+00
     515.500  3930.500     0.0000E+00
     516.500  3930.500     0.0000E+00
     517.500  3930.500     0.0000E+00
     518.500  3930.500     0.0000E+00
     519.500  3930.500     0.0000E+00
     520.500  3930.500     0.0000E+00
     521.500  3930.500     0.0000E+00
     522.500  3930.500     0.0000E+00
     523.500  3930.500     0.0000E+00
     524.500  3930.500     0.0000E+00
     525.500  3930.500     0.0000E+00
     526.500  3930.500     0.0000E+00
     527.500  3930.500     0.0000E+00
     528.500  3930.500     0.0000E+00
     529.500  3930.500     0.0000E+00
     530.500  3930.500     0.0000E+00
     531.500  3930.500     0.0000E+00
     532.500  3930.500     1.0365E-01
     533.500  3930.500     2.3821E-02
     534.500  3930.500     1.0132E-01
     535.500  3930.500     1.6439E-01
     536.500  3930.500     1.5569E-01
     537.500  3930.500     3.7288E-01
     538.500  3930.500     5.6405E-01
     539.500  3930.500     7.3113E-01
     540.500  3930.500     9.3142E-01
     541.500  3930.500     1.1167E+00
     542.500  3930.500     1.2786E+00
     543.500  3930.500     1.3770E+00
     544.500  3930.500     1.2634E+00
     495.500  3931.500     0.0000E+00
     496.500  3931.500     0.0000E+00
     497.500  3931.500     0.0000E+00
     498.500  3931.500     0.0000E+00
     499.500  3931.500     0.0000E+00
     500.500  3931.500     0.0000E+00
     501.500  3931.500     0.0000E+00
     502.500  3931.500     0.0000E+00
     503.500  3931.500     0.0000E+00
     504.500  3931.500     0.0000E+00
     505.500  3931.500     0.0000E+00
     506.500  3931.500     0.0000E+00
     507.500  3931.500     0.0000E+00
     508.500  3931.500     0.0000E+00
     509.500  3931.500     0.0000E+00
     510.500  3931.500     0.0000E+00
     511.500  3931.500     0.0000E+00
     512.500  3931.500     0.0000E+00
     513.500  3931.500     0.0000E+00
     514.500  3931.500     0.0000E+00
     515.500  3931.500     0.0000E+00
     516.500  3931.500     0.0000E+00
     517.500  3931.500     0.0000E+00
     518.500  3931.500     0.0000E+00
     519.500  3931.500     0.0000E+00
     520.500  3931.500     0.0000E+00
     521.500  3931.500     0.0000E+00
     522.500  3931.500     0.0000E+00
     523.500  3931.500     0.0000E+00
     524.500  3931.500     0.0000E+00
     525.500  3931.500     0.0000E+00
     526.500  3931.500     0.0000E+00
     527.500  3931.500     0.0000E+00
     528.500  3931.500     0.0000E+00
     529.500  3931.500     0.0000E+00
     530.500  3931.500     0.0000E+00
     531.500  3931.500     0.0000E+00
     532.500  3931.500     0.0000E+00
     533.500  3931.500     3.3702E-04
     534.500  3931.500     4.9854E-02
     535.500  3931.500     7.4935E-02
     536.500  3931.500     1.1651E-01
     537.500  3931.500     9.8256E-02
     538.500  3931.500     7.3276E-02
     539.500  3931.500     7.6090E-02
     540.500  3931.500     1.2068E-01
     541.500  3931.500     2.0349E-01
     542.500  3931.500     3.3541E-01
     543.500  3931.500     4.6856E-01
     544.500  3931.500     5.1140E-01
     495.500  3932.500     0.0000E+00
     496.500  3932.500     0.0000E+00
     497.500  3932.500     0.0000E+00
     498.500  3932.500     0.0000E+00
     499.500  3932.500     0.0000E+00
     500.500  3932.500     0.0000E+00
     501.500  3932.500     0.0000E+00
     502.500  3932.500     0.0000E+00
     503.500  3932.500     0.0000E+00
     504.500  3932.500     0.0000E+00
     505.500  3932.500     0.0000E+00
     506.500  3932.500     0.0000E+00
     507.500  3932.500     0.0000E+00
     508.500  3932.500     0.0000E+00
     509.500  3932.500     0.0000E+00
     510.500  3932.500     0.0000E+00
     511.500  3932.500     0.0000E+00
     512.500  3932.500     0.0000E+00
     513.500  3932.500     0.0000E+00
     514.500  3932.500     0.0000E+00
     515.500  3932.500     0.0000E+00
     516.500  3932.500     0.0000E+00
     517.500  3932.500     0.0000E+00
     518.500  3932.500     0.0000E+00
     519.500  3932.500     0.0000E+00
     520.500  3932.500     0.0000E+00
     521.500  3932.500     0.0000E+00
     522.500  3932.500     0.0000E+00
     523.500  3932.500     0.0000E+00
     524.500  3932.500     0.0000E+00
     525.500  3932.500     0.0000E+00
     526.500  3932.500     0.0000E+00
     527.500  3932.500     0.0000E+00
     528.500  3932.500     0.0000E+00
     529.500  3932.500     0.0000E+00
     530.500  3932.500     0.0000E+00
     531.500  3932.500     0.0000E+00
     532.500  3932.500     0.0000E+00
     533.500  3932.500     0.0000E+00
     534.500  3932.500     0.0000E+00
     535.500  3932.500     6.6684E-04
     536.500  3932.500     4.6941E-03
     537.500  3932.500     5.7217E-03
     538.500  3932.500     9.3906E-03
     539.500  3932.500     1.4014E-02
     540.500  3932.500     2.0229E-02
     541.500  3932.500     2.9521E-02
     542.500  3932.500     4.6579E-02
     543.500  3932.500     7.3148E-02
     544.500  3932.500     9.8367E-02
     495.500  3933.500     0.0000E+00
     496.500  3933.500     0.0000E+00
     497.500  3933.500     0.0000E+00
     498.500  3933.500     0.0000E+00
     499.500  3933.500     0.0000E+00
     500.500  3933.500     0.0000E+00
     501.500  3933.500     0.0000E+00
     502.500  3933.500     0.0000E+00
     503.500  3933.500     0.0000E+00
     504.500  3933.500     0.0000E+00
     505.500  3933.500     0.0000E+00
     506.500  3933.500     0.0000E+00
     507.500  3933.500     0.0000E+00
     508.500  3933.500     0.0000E+00
     509.500  3933.500     0.0000E+00
     510.500  3933.500     0.0000E+00
     511.500  3933.500     0.0000E+00
     512.500  3933.500     0.0000E+00
     513.500  3933.500     0.0000E+00
     514.500  3933.500     0.0000E+00
     515.500  3933.500     0.0000E+00
     516.500  3933.500     0.0000E+00
     517.500  3933.500     0.0000E+00
     518.500  3933.500     0.0000E+00
     519.500  3933.500     0.0000E+00
     520.500  3933.500     0.0000E+00
     521.500  3933.500     0.0000E+00
     522.500  3933.500     0.0000E+00
     523.500  3933.500     0.0000E+00
     524.500  3933.500     0.0000E+00
     525.500  3933.500     0.0000E+00
     526.500  3933.500     0.0000E+00
     527.500  3933.500     0.0000E+00
     528.500  3933.500     0.0000E+00
     529.500  3933.500     0.0000E+00
     530.500  3933.500     0.0000E+00
     531.500  3933.500     0.0000E+00
     532.500  3933.500     0.0000E+00
     533.500  3933.500     0.0000E+00
     534.500  3933.500     1.0172E-03
     535.500  3933.500     5.4562E-03
     536.500  3933.500     5.7688E-03
     537.500  3933.500     5.8322E-03
     538.500  3933.500     6.6108E-03
     539.500  3933.500     6.2834E-03
     540.500  3933.500     6.4770E-03
     541.500  3933.500     7.6008E-03
     542.500  3933.500     9.6440E-03
     543.500  3933.500     1.2621E-02
     544.500  3933.500     1.6422E-02
     495.500  3934.500     0.0000E+00
     496.500  3934.500     0.0000E+00
     497.500  3934.500     0.0000E+00
     498.500  3934.500     0.0000E+00
     499.500  3934.500     0.0000E+00
     500.500  3934.500     0.0000E+00
     501.500  3934.500     0.0000E+00
     502.500  3934.500     0.0000E+00
     503.500  3934.500     0.0000E+00
     504.500  3934.500     0.0000E+00
     505.500  3934.500     0.0000E+00
     506.500  3934.500     0.0000E+00
     507.500  3934.500     0.0000E+00
     508.500  3934.500     0.0000E+00
     509.500  3934.500     0.0000E+00
     510.500  3934.500     0.0000E+00
     511.500  3934.500     0.0000E+00
     512.500  3934.500     0.0000E+00
     513.500  3934.500     0.0000E+00
     514.500  3934.500     0.0000E+00
     515.500  3934.500     0.0000E+00
     516.500  3934.500     0.0000E+00
     517.500  3934.500     0.0000E+00
     518.500  3934.500     0.0000E+00
     519.500  3934.500     0.0000E+00
     520.500  3934.500     0.0000E+00
     521.500  3934.500     0.0000E+00
     522.500  3934.500     0.0000E+00
     523.500  3934.500     0.0000E+00
     524.500  3934.500     0.0000E+00
     525.500  3934.500     0.0000E+00
     526.500  3934.500     0.0000E+00
     527.500  3934.500     0.0000E+00
     528.500  3934.500     0.0000E+00
     529.500  3934.500     0.0000E+00
     530.500  3934.500     0.0000E+00
     531.500  3934.500     0.0000E+00
     532.500  3934.500     0.0000E+00
     533.500  3934.500     0.0000E+00
     534.500  3934.500     0.0000E+00
     535.500  3934.500     0.0000E+00
     536.500  3934.500     3.5525E-06
     537.500  3934.500     1.2757E-04
     538.500  3934.500     4.0351E-04
     539.500  3934.500     7.5142E-04
     540.500  3934.500     1.2666E-03
     541.500  3934.500     1.9377E-03
     542.500  3934.500     2.7574E-03
     543.500  3934.500     3.6910E-03
     544.500  3934.500     4.3151E-03
     495.500  3935.500     0.0000E+00
     496.500  3935.500     0.0000E+00
     497.500  3935.500     0.0000E+00
     498.500  3935.500     0.0000E+00
     499.500  3935.500     0.0000E+00
     500.500  3935.500     0.0000E+00
     501.500  3935.500     0.0000E+00
     502.500  3935.500     0.0000E+00
     503.500  3935.500     0.0000E+00
     504.500  3935.500     0.0000E+00
     505.500  3935.500     0.0000E+00
     506.500  3935.500     0.0000E+00
     507.500  3935.500     0.0000E+00
     508.500  3935.500     0.0000E+00
     509.500  3935.500     0.0000E+00
     510.500  3935.500     0.0000E+00
     511.500  3935.500     0.0000E+00
     512.500  3935.500     0.0000E+00
     513.500  3935.500     0.0000E+00
     514.500  3935.500     0.0000E+00
     515.500  3935.500     0.0000E+00
     516.500  3935.500     0.0000E+00
     517.500  3935.500     0.0000E+00
     518.500  3935.500     0.0000E+00
     519.500  3935.500     0.0000E+00
     520.500  3935.500     0.0000E+00
     521.500  3935.500     0.0000E+00
     522.500  3935.500     0.0000E+00
     523.500  3935.500     0.0000E+00
     524.500  3935.500     0.0000E+00
     525.500  3935.500     0.0000E+00
     526.500  3935.500     0.0000E+00
     527.500  3935.500     0.0000E+00
     528.500  3935.500     0.0000E+00
     529.500  3935.500     0.0000E+00
     530.500  3935.500     0.0000E+00
     531.500  3935.500     0.0000E+00
     532.500  3935.500     0.0000E+00
     533.500  3935.500     0.0000E+00
     534.500  3935.500     0.0000E+00
     535.500  3935.500     0.0000E+00
     536.500  3935.500     0.0000E+00
     537.500  3935.500     0.0000E+00
     538.500  3935.500     0.0000E+00
     539.500  3935.500     9.3623E-06
     540.500  3935.500     5.8737E-05
     541.500  3935.500     1.6067E-04
     542.500  3935.500     3.4181E-04
     543.500  3935.500     6.1231E-04
     544.500  3935.500     8.5541E-04
     495.500  3936.500     0.0000E+00
     496.500  3936.500     0.0000E+00
     497.500  3936.500     0.0000E+00
     498.500  3936.500     0.0000E+00
     499.500  3936.500     0.0000E+00
     500.500  3936.500     0.0000E+00
     501.500  3936.500     0.0000E+00
     502.500  3936.500     0.0000E+00
     503.500  3936.500     0.0000E+00
     504.500  3936.500     0.0000E+00
     505.500  3936.500     0.0000E+00
     506.500  3936.500     0.0000E+00
     507.500  3936.500     0.0000E+00
     508.500  3936.500     0.0000E+00
     509.500  3936.500     0.0000E+00
     510.500  3936.500     0.0000E+00
     511.500  3936.500     0.0000E+00
     512.500  3936.500     0.0000E+00
     513.500  3936.500     0.0000E+00
     514.500  3936.500     0.0000E+00
     515.500  3936.500     0.0000E+00
     516.500  3936.500     0.0000E+00
     517.500  3936.500     0.0000E+00
     518.500  3936.500     0.0000E+00
     519.500  3936.500     0.0000E+00
     520.500  3936.500     0.0000E+00
     521.500  3936.500     0.0000E+00
     522.500  3936.500     0.0000E+00
     523.500  3936.500     0.0000E+00
     524.500  3936.500     0.0000E+00
     525.500  3936.500     0.0000E+00
     526.500  3936.500     0.0000E+00
     527.500  3936.500     0.0000E+00
     528.500  3936.500     0.0000E+00
     529.500  3936.500     0.0000E+00
     530.500  3936.500     0.0000E+00
     531.500  3936.500     0.0000E+00
     532.500  3936.500     0.0000E+00
     533.500  3936.500     0.0000E+00
     534.500  3936.500     0.0000E+00
     535.500  3936.500     0.0000E+00
     536.500  3936.500     0.0000E+00
     537.500  3936.500     0.0000E+00
     538.500  3936.500     0.0000E+00
     539.500  3936.500     0.0000E+00
     540.500  3936.500     0.0000E+00
     541.500  3936.500     1.5419E-06
     542.500  3936.500     1.2534E-05
     543.500  3936.500     3.7111E-05
     544.500  3936.500     8.2876E-05
     495.500  3937.500     0.0000E+00
     496.500  3937.500     0.0000E+00
     497.500  3937.500     0.0000E+00
     498.500  3937.500     0.0000E+00
     499.500  3937.500     0.0000E+00
     500.500  3937.500     0.0000E+00
     501.500  3937.500     0.0000E+00
     502.500  3937.500     0.0000E+00
     503.500  3937.500     0.0000E+00
     504.500  3937.500     0.0000E+00
     505.500  3937.500     0.0000E+00
     506.500  3937.500     0.0000E+00
     507.500  3937.500     0.0000E+00
     508.500  3937.500     0.0000E+00
     509.500  3937.500     0.0000E+00
     510.500  3937.500     0.0000E+00
     511.500  3937.500     0.0000E+00
     512.500  3937.500     0.0000E+00
     513.500  3937.500     0.0000E+00
     514.500  3937.500     0.0000E+00
     515.500  3937.500     0.0000E+00
     516.500  3937.500     0.0000E+00
     517.500  3937.500     0.0000E+00
     518.500  3937.500     0.0000E+00
     519.500  3937.500     0.0000E+00
     520.500  3937.500     0.0000E+00
     521.500  3937.500     0.0000E+00
     522.500  3937.500     0.0000E+00
     523.500  3937.500     0.0000E+00
     524.500  3937.500     0.0000E+00
     525.500  3937.500     0.0000E+00
     526.500  3937.500     0.0000E+00
     527.500  3937.500     0.0000E+00
     528.500  3937.500     0.0000E+00
     529.500  3937.500     0.0000E+00
     530.500  3937.500     0.0000E+00
     531.500  3937.500     0.0000E+00
     532.500  3937.500     0.0000E+00
     533.500  3937.500     0.0000E+00
     534.500  3937.500     0.0000E+00
     535.500  3937.500     0.0000E+00
     536.500  3937.500     0.0000E+00
     537.500  3937.500     0.0000E+00
     538.500  3937.500     0.0000E+00
     539.500  3937.500     0.0000E+00
     540.500  3937.500     0.0000E+00
     541.500  3937.500     0.0000E+00
     542.500  3937.500     0.0000E+00
     543.500  3937.500     2.6560E-07
     544.500  3937.500     2.4351E-06
     495.500  3938.500     0.0000E+00
     496.500  3938.500     0.0000E+00
     497.500  3938.500     0.0000E+00
     498.500  3938.500     0.0000E+00
     499.500  3938.500     0.0000E+00
     500.500  3938.500     0.0000E+00
     501.500  3938.500     0.0000E+00
     502.500  3938.500     0.0000E+00
     503.500  3938.500     0.0000E+00
     504.500  3938.500     0.0000E+00
     505.500  3938.500     0.0000E+00
     506.500  3938.500     0.0000E+00
     507.500  3938.500     0.0000E+00
     508.500  3938.500     0.0000E+00
     509.500  3938.500     0.0000E+00
     510.500  3938.500     0.0000E+00
     511.500  3938.500     0.0000E+00
     512.500  3938.500     0.0000E+00
     513.500  3938.500     0.0000E+00
     514.500  3938.500     0.0000E+00
     515.500  3938.500     0.0000E+00
     516.500  3938.500     0.0000E+00
     517.500  3938.500     0.0000E+00
     518.500  3938.500     0.0000E+00
     519.500  3938.500     0.0000E+00
     520.500  3938.500     0.0000E+00
     521.500  3938.500     0.0000E+00
     522.500  3938.500     0.0000E+00
     523.500  3938.500     0.0000E+00
     524.500  3938.500     0.0000E+00
     525.500  3938.500     0.0000E+00
     526.500  3938.500     0.0000E+00
     527.500  3938.500     0.0000E+00
     528.500  3938.500     0.0000E+00
     529.500  3938.500     0.0000E+00
     530.500  3938.500     0.0000E+00
     531.500  3938.500     0.0000E+00
     532.500  3938.500     0.0000E+00
     533.500  3938.500     0.0000E+00
     534.500  3938.500     0.0000E+00
     535.500  3938.500     0.0000E+00
     536.500  3938.500     0.0000E+00
     537.500  3938.500     0.0000E+00
     538.500  3938.500     0.0000E+00
     539.500  3938.500     0.0000E+00
     540.500  3938.500     0.0000E+00
     541.500  3938.500     0.0000E+00
     542.500  3938.500     0.0000E+00
     543.500  3938.500     0.0000E+00
     544.500  3938.500     0.0000E+00
     495.500  3939.500     0.0000E+00
     496.500  3939.500     0.0000E+00
     497.500  3939.500     0.0000E+00
     498.500  3939.500     0.0000E+00
     499.500  3939.500     0.0000E+00
     500.500  3939.500     0.0000E+00
     501.500  3939.500     0.0000E+00
     502.500  3939.500     0.0000E+00
     503.500  3939.500     0.0000E+00
     504.500  3939.500     0.0000E+00
     505.500  3939.500     0.0000E+00
     506.500  3939.500     0.0000E+00
     507.500  3939.500     0.0000E+00
     508.500  3939.500     0.0000E+00
     509.500  3939.500     0.0000E+00
     510.500  3939.500     0.0000E+00
     511.500  3939.500     0.0000E+00
     512.500  3939.500     0.0000E+00
     513.500  3939.500     0.0000E+00
     514.500  3939.500     0.0000E+00
     515.500  3939.500     0.0000E+00
     516.500  3939.500     0.0000E+00
     517.500  3939.500     0.0000E+00
     518.500  3939.500     0.0000E+00
     519.500  3939.500     0.0000E+00
     520.500  3939.500     0.0000E+00
     521.500  3939.500     0.0000E+00
     522.500  3939.500     0.0000E+00
     523.500  3939.500     0.0000E+00
     524.500  3939.500     0.0000E+00
     525.500  3939.500     0.0000E+00
     526.500  3939.500     0.0000E+00
     527.500  3939.500     0.0000E+00
     528.500  3939.500     0.0000E+00
     529.500  3939.500     0.0000E+00
     530.500  3939.500     0.0000E+00
     531.500  3939.500     0.0000E+00
     532.500  3939.500     0.0000E+00
     533.500  3939.500     0.0000E+00
     534.500  3939.500     0.0000E+00
     535.500  3939.500     0.0000E+00
     536.500  3939.500     0.0000E+00
     537.500  3939.500     0.0000E+00
     538.500  3939.500     0.0000E+00
     539.500  3939.500     0.0000E+00
     540.500  3939.500     0.0000E+00
     541.500  3939.500     0.0000E+00
     542.500  3939.500     0.0000E+00
     543.500  3939.500     0.0000E+00
     544.500  3939.500     0.0000E+00
     495.500  3940.500     0.0000E+00
     496.500  3940.500     0.0000E+00
     497.500  3940.500     0.0000E+00
     498.500  3940.500     0.0000E+00
     499.500  3940.500     0.0000E+00
     500.500  3940.500     0.0000E+00
     501.500  3940.500     0.0000E+00
     502.500  3940.500     0.0000E+00
     503.500  3940.500     0.0000E+00
     504.500  3940.500     0.0000E+00
     505.500  3940.500     0.0000E+00
     506.500  3940.500     0.0000E+00
     507.500  3940.500     0.0000E+00
     508.500  3940.500     0.0000E+00
     509.500  3940.500     0.0000E+00
     510.500  3940.500     0.0000E+00
     511.500  3940.500     0.0000E+00
     512.500  3940.500     0.0000E+00
     513.500  3940.500     0.0000E+00
     514.500  3940.500     0.0000E+00
     515.500  3940.500     0.0000E+00
     516.500  3940.500     0.0000E+00
     517.500  3940.500     0.0000E+00
     518.500  3940.500     0.0000E+00
     519.500  3940.500     0.0000E+00
     520.500  3940.500     0.0000E+00
     521.500  3940.500     0.0000E+00
     522.500  3940.500     0.0000E+00
     523.500  3940.500     0.0000E+00
     524.500  3940.500     0.0000E+00
     525.500  3940.500     0.0000E+00
     526.500  3940.500     0.0000E+00
     527.500  3940.500     0.0000E+00
     528.500  3940.500     0.0000E+00
     529.500  3940.500     0.0000E+00
     530.500  3940.500     0.0000E+00
     531.500  3940.500     0.0000E+00
     532.500  3940.500     0.0000E+00
     533.500  3940.500     0.0000E+00
     534.500  3940.500     0.0000E+00
     535.500  3940.500     0.0000E+00
     536.500  3940.500     0.0000E+00
     537.500  3940.500     0.0000E+00
     538.500  3940.500     0.0000E+00
     539.500  3940.500     0.0000E+00
     540.500  3940.500     0.0000E+00
     541.500  3940.500     0.0000E+00
     542.500  3940.500     0.0000E+00
     543.500  3940.500     0.0000E+00
     544.500  3940.500     0.0000E+00
     495.500  3941.500     0.0000E+00
     496.500  3941.500     0.0000E+00
     497.500  3941.500     0.0000E+00
     498.500  3941.500     0.0000E+00
     499.500  3941.500     0.0000E+00
     500.500  3941.500     0.0000E+00
     501.500  3941.500     0.0000E+00
     502.500  3941.500     0.0000E+00
     503.500  3941.500     0.0000E+00
     504.500  3941.500     0.0000E+00
     505.500  3941.500     0.0000E+00
     506.500  3941.500     0.0000E+00
     507.500  3941.500     0.0000E+00
     508.500  3941.500     0.0000E+00
     509.500  3941.500     0.0000E+00
     510.500  3941.500     0.0000E+00
     511.500  3941.500     0.0000E+00
     512.500  3941.500     0.0000E+00
     513.500  3941.500     0.0000E+00
     514.500  3941.500     0.0000E+00
     515.500  3941.500     0.0000E+00
     516.500  3941.500     0.0000E+00
     517.500  3941.500     0.0000E+00
     518.500  3941.500     0.0000E+00
     519.500  3941.500     0.0000E+00
     520.500  3941.500     0.0000E+00
     521.500  3941.500     0.0000E+00
     522.500  3941.500     0.0000E+00
     523.500  3941.500     0.0000E+00
     524.500  3941.500     0.0000E+00
     525.500  3941.500     0.0000E+00
     526.500  3941.500     0.0000E+00
     527.500  3941.500     0.0000E+00
     528.500  3941.500     0.0000E+00
     529.500  3941.500     0.0000E+00
     530.500  3941.500     0.0000E+00
     531.500  3941.500     0.0000E+00
     532.500  3941.500     0.0000E+00
     533.500  3941.500     0.0000E+00
     534.500  3941.500     0.0000E+00
     535.500  3941.500     0.0000E+00
     536.500  3941.500     0.0000E+00
     537.500  3941.500     0.0000E+00
     538.500  3941.500     0.0000E+00
     539.500  3941.500     0.0000E+00
     540.500  3941.500     0.0000E+00
     541.500  3941.500     0.0000E+00
     542.500  3941.500     0.0000E+00
     543.500  3941.500     0.0000E+00
     544.500  3941.500     0.0000E+00
     495.500  3942.500     0.0000E+00
     496.500  3942.500     0.0000E+00
     497.500  3942.500     0.0000E+00
     498.500  3942.500     0.0000E+00
     499.500  3942.500     0.0000E+00
     500.500  3942.500     0.0000E+00
     501.500  3942.500     0.0000E+00
     502.500  3942.500     0.0000E+00
     503.500  3942.500     0.0000E+00
     504.500  3942.500     0.0000E+00
     505.500  3942.500     0.0000E+00
     506.500  3942.500     0.0000E+00
     507.500  3942.500     0.0000E+00
     508.500  3942.500     0.0000E+00
     509.500  3942.500     0.0000E+00
     510.500  3942.500     0.0000E+00
     511.500  3942.500     0.0000E+00
     512.500  3942.500     0.0000E+00
     513.500  3942.500     0.0000E+00
     514.500  3942.500     0.0000E+00
     515.500  3942.500     0.0000E+00
     516.500  3942.500     0.0000E+00
     517.500  3942.500     0.0000E+00
     518.500  3942.500     0.0000E+00
     519.500  3942.500     0.0000E+00
     520.500  3942.500     0.0000E+00
     521.500  3942.500     0.0000E+00
     522.500  3942.500     0.0000E+00
     523.500  3942.500     0.0000E+00
     524.500  3942.500     0.0000E+00
     525.500  3942.500     0.0000E+00
     526.500  3942.500     0.0000E+00
     527.500  3942.500     0.0000E+00
     528.500  3942.500     0.0000E+00
     529.500  3942.500     0.0000E+00
     530.500  3942.500     0.0000E+00
     531.500  3942.500     0.0000E+00
     532.500  3942.500     0.0000E+00
     533.500  3942.500     0.0000E+00
     534.500  3942.500     0.0000E+00
     535.500  3942.500     0.0000E+00
     536.500  3942.500     0.0000E+00
     537.500  3942.500     0.0000E+00
     538.500  3942.500     0.0000E+00
     539.500  3942.500     0.0000E+00
     540.500  3942.500     0.0000E+00
     541.500  3942.500     0.0000E+00
     542.500  3942.500     0.0000E+00
     543.500  3942.500     0.0000E+00
     544.500  3942.500     0.0000E+00
     495.500  3943.500     0.0000E+00
     496.500  3943.500     0.0000E+00
     497.500  3943.500     0.0000E+00
     498.500  3943.500     0.0000E+00
     499.500  3943.500     0.0000E+00
     500.500  3943.500     0.0000E+00
     501.500  3943.500     0.0000E+00
     502.500  3943.500     0.0000E+00
     503.500  3943.500     0.0000E+00
     504.500  3943.500     0.0000E+00
     505.500  3943.500     0.0000E+00
     506.500  3943.500     0.0000E+00
     507.500  3943.500     0.0000E+00
     508.500  3943.500     0.0000E+00
     509.500  3943.500     0.0000E+00
     510.500  3943.500     0.0000E+00
     511.500  3943.500     0.0000E+00
     512.500  3943.500     0.0000E+00
     513.500  3943.500     0.0000E+00
     514.500  3943.500     0.0000E+00
     515.500  3943.500     0.0000E+00
     516.500  3943.500     0.0000E+00
     517.500  3943.500     0.0000E+00
     518.500  3943.500     0.0000E+00
     519.500  3943.500     0.0000E+00
     520.500  3943.500     0.0000E+00
     521.500  3943.500     0.0000E+00
     522.500  3943.500     0.0000E+00
     523.500  3943.500     0.0000E+00
     524.500  3943.500     0.0000E+00
     525.500  3943.500     0.0000E+00
     526.500  3943.500     0.0000E+00
     527.500  3943.500     0.0000E+00
     528.500  3943.500     0.0000E+00
     529.500  3943.500     0.0000E+00
     530.500  3943.500     0.0000E+00
     531.500  3943.500     0.0000E+00
     532.500  3943.500     0.0000E+00
     533.500  3943.500     0.0000E+00
     534.500  3943.500     0.0000E+00
     535.500  3943.500     0.0000E+00
     536.500  3943.500     0.0000E+00
     537.500  3943.500     0.0000E+00
     538.500  3943.500     0.0000E+00
     539.500  3943.500     0.0000E+00
     540.500  3943.500     0.0000E+00
     541.500  3943.500     0.0000E+00
     542.500  3943.500     0.0000E+00
     543.500  3943.500     0.0000E+00
     544.500  3943.500     0.0000E+00
     495.500  3944.500     0.0000E+00
     496.500  3944.500     0.0000E+00
     497.500  3944.500     0.0000E+00
     498.500  3944.500     0.0000E+00
     499.500  3944.500     0.0000E+00
     500.500  3944.500     0.0000E+00
     501.500  3944.500     0.0000E+00
     502.500  3944.500     0.0000E+00
     503.500  3944.500     0.0000E+00
     504.500  3944.500     0.0000E+00
     505.500  3944.500     0.0000E+00
     506.500  3944.500     0.0000E+00
     507.500  3944.500     0.0000E+00
     508.500  3944.500     0.0000E+00
     509.500  3944.500     0.0000E+00
     510.500  3944.500     0.0000E+00
     511.500  3944.500     0.0000E+00
     512.500  3944.500     0.0000E+00
     513.500  3944.500     0.0000E+00
     514.500  3944.500     0.0000E+00
     515.500  3944.500     0.0000E+00
     516.500  3944.500     0.0000E+00
     517.500  3944.500     0.0000E+00
     518.500  3944.500     0.0000E+00
     519.500  3944.500     0.0000E+00
     520.500  3944.500     0.0000E+00
     521.500  3944.500     0.0000E+00
     522.500  3944.500     0.0000E+00
     523.500  3944.500     0.0000E+00
     524.500  3944.500     0.0000E+00
     525.500  3944.500     0.0000E+00
     526.500  3944.500     0.0000E+00
     527.500  3944.500     0.0000E+00
     528.500  3944.500     0.0000E+00
     529.500  3944.500     0.0000E+00
     530.500  3944.500     0.0000E+00
     531.500  3944.500     0.0000E+00
     532.500  3944.500     0.0000E+00
     533.500  3944.500     0.0000E+00
     534.500  3944.500     0.0000E+00
     535.500  3944.500     0.0000E+00
     536.500  3944.500     0.0000E+00
     537.500  3944.500     0.0000E+00
     538.500  3944.500     0.0000E+00
     539.500  3944.500     0.0000E+00
     540.500  3944.500     0.0000E+00
     541.500  3944.500     0.0000E+00
     542.500  3944.500     0.0000E+00
     543.500  3944.500     0.0000E+00
     544.500  3944.500     0.0000E+00
     495.500  3945.500     0.0000E+00
     496.500  3945.500     0.0000E+00
     497.500  3945.500     0.0000E+00
     498.500  3945.500     0.0000E+00
     499.500  3945.500     0.0000E+00
     500.500  3945.500     0.0000E+00
     501.500  3945.500     0.0000E+00
     502.500  3945.500     0.0000E+00
     503.500  3945.500     0.0000E+00
     504.500  3945.500     0.0000E+00
     505.500  3945.500     0.0000E+00
     506.500  3945.500     0.0000E+00
     507.500  3945.500     0.0000E+00
     508.500  3945.500     0.0000E+00
     509.500  3945.500     0.0000E+00
     510.500  3945.500     0.0000E+00
     511.500  3945.500     0.0000E+00
     512.500  3945.500     0.0000E+00
     513.500  3945.500     0.0000E+00
     514.500  3945.500     0.0000E+00
     515.500  3945.500     0.0000E+00
     516.500  3945.500     0.0000E+00
     517.500  3945.500     0.0000E+00
     518.500  3945.500     0.0000E+00
     519.500  3945.500     0.0000E+00
     520.500  3945.500     0.0000E+00
     521.500  3945.500     0.0000E+00
     522.500  3945.500     0.0000E+00
     523.500  3945.500     0.0000E+00
     524.500  3945.500     0.0000E+00
     525.500  3945.500     0.0000E+00
     526.500  3945.500     0.0000E+00
     527.500  3945.500     0.0000E+00
     528.500  3945.500     0.0000E+00
     529.500  3945.500     0.0000E+00
     530.500  3945.500     0.0000E+00
     531.500  3945.500     0.0000E+00
     532.500  3945.500     0.0000E+00
     533.500  3945.500     0.0000E+00
     534.500  3945.500     0.0000E+00
     535.500  3945.500     0.0000E+00
     536.500  3945.500     0.0000E+00
     537.500  3945.500     0.0000E+00
     538.500  3945.500     0.0000E+00
     539.500  3945.500     0.0000E+00
     540.500  3945.500     0.0000E+00
     541.500  3945.500     0.0000E+00
     542.500  3945.500     0.0000E+00
     543.500  3945.500     0.0000E+00
     544.500  3945.500     0.0000E+00
     495.500  3946.500     0.0000E+00
     496.500  3946.500     0.0000E+00
     497.500  3946.500     0.0000E+00
     498.500  3946.500     0.0000E+00
     499.500  3946.500     0.0000E+00
     500.500  3946.500     0.0000E+00
     501.500  3946.500     0.0000E+00
     502.500  3946.500     0.0000E+00
     503.500  3946.500     0.0000E+00
     504.500  3946.500     0.0000E+00
     505.500  3946.500     0.0000E+00
     506.500  3946.500     0.0000E+00
     507.500  3946.500     0.0000E+00
     508.500  3946.500     0.0000E+00
     509.500  3946.500     0.0000E+00
     510.500  3946.500     0.0000E+00
     511.500  3946.500     0.0000E+00
     512.500  3946.500     0.0000E+00
     513.500  3946.500     0.0000E+00
     514.500  3946.500     0.0000E+00
     515.500  3946.500     0.0000E+00
     516.500  3946.500     0.0000E+00
     517.500  3946.500     0.0000E+00
     518.500  3946.500     0.0000E+00
     519.500  3946.500     0.0000E+00
     520.500  3946.500     0.0000E+00
     521.500  3946.500     0.0000E+00
     522.500  3946.500     0.0000E+00
     523.500  3946.500     0.0000E+00
     524.500  3946.500     0.0000E+00
     525.500  3946.500     0.0000E+00
     526.500  3946.500     0.0000E+00
     527.500  3946.500     0.0000E+00
     528.500  3946.500     0.0000E+00
     529.500  3946.500     0.0000E+00
     530.500  3946.500     0.0000E+00
     531.500  3946.500     0.0000E+00
     532.500  3946.500     0.0000E+00
     533.500  3946.500     0.0000E+00
     534.500  3946.500     0.0000E+00
     535.500  3946.500     0.0000E+00
     536.500  3946.500     0.0000E+00
     537.500  3946.500     0.0000E+00
     538.500  3946.500     0.0000E+00
     539.500  3946.500     0.0000E+00
     540.500  3946.500     0.0000E+00
     541.500  3946.500     0.0000E+00
     542.500  3946.500     0.0000E+00
     543.500  3946.500     0.0000E+00
     544.500  3946.500     0.0000E+00
     495.500  3947.500     0.0000E+00
     496.500  3947.500     0.0000E+00
     497.500  3947.500     0.0000E+00
     498.500  3947.500     0.0000E+00
     499.500  3947.500     0.0000E+00
     500.500  3947.500     0.0000E+00
     501.500  3947.500     0.0000E+00
     502.500  3947.500     0.0000E+00
     503.500  3947.500     0.0000E+00
     504.500  3947.500     0.0000E+00
     505.500  3947.500     0.0000E+00
     506.500  3947.500     0.0000E+00
     507.500  3947.500     0.0000E+00
     508.500  3947.500     0.0000E+00
     509.500  3947.500     0.0000E+00
     510.500  3947.500     0.0000E+00
     511.500  3947.500     0.0000E+00
     512.500  3947.500     0.0000E+00
     513.500  3947.500     0.0000E+00
     514.500  3947.500     0.0000E+00
     515.500  3947.500     0.0000E+00
     516.500  3947.500     0.0000E+00
     517.500  3947.500     0.0000E+00
     518.500  3947.500     0.0000E+00
     519.500  3947.500     0.0000E+00
     520.500  3947.500     0.0000E+00
     521.500  3947.500     0.0000E+00
     522.500  3947.500     0.0000E+00
     523.500  3947.500     0.0000E+00
     524.500  3947.500     0.0000E+00
     525.500  3947.500     0.0000E+00
     526.500  3947.500     0.0000E+00
     527.500  3947.500     0.0000E+00
     528.500  3947.500     0.0000E+00
     529.500  3947.500     0.0000E+00
     530.500  3947.500     0.0000E+00
     531.500  3947.500     0.0000E+00
     532.500  3947.500     0.0000E+00
     533.500  3947.500     0.0000E+00
     534.500  3947.500     0.0000E+00
     535.500  3947.500     0.0000E+00
     536.500  3947.500     0.0000E+00
     537.500  3947.500     0.0000E+00
     538.500  3947.500     0.0000E+00
     539.500  3947.500     0.0000E+00
     540.500  3947.500     0.0000E+00
     541.500  3947.500     0.0000E+00
     542.500  3947.500     0.0000E+00
     543.500  3947.500     0.0000E+00
     544.500  3947.500     0.0000E+00
     495.500  3948.500     0.0000E+00
     496.500  3948.500     0.0000E+00
     497.500  3948.500     0.0000E+00
     498.500  3948.500     0.0000E+00
     499.500  3948.500     0.0000E+00
     500.500  3948.500     0.0000E+00
     501.500  3948.500     0.0000E+00
     502.500  3948.500     0.0000E+00
     503.500  3948.500     0.0000E+00
     504.500  3948.500     0.0000E+00
     505.500  3948.500     0.0000E+00
     506.500  3948.500     0.0000E+00
     507.500  3948.500     0.0000E+00
     508.500  3948.500     0.0000E+00
     509.500  3948.500     0.0000E+00
     510.500  3948.500     0.0000E+00
     511.500  3948.500     0.0000E+00
     512.500  3948.500     0.0000E+00
     513.500  3948.500     0.0000E+00
     514.500  3948.500     0.0000E+00
     515.500  3948.500     0.0000E+00
     516.500  3948.500     0.0000E+00
     517.500  3948.500     0.0000E+00
     518.500  3948.500     0.0000E+00
     519.500  3948.500     0.0000E+00
     520.500  3948.500     0.0000E+00
     521.500  3948.500     0.0000E+00
     522.500  3948.500     0.0000E+00
     523.500  3948.500     0.0000E+00
     524.500  3948.500     0.0000E+00
     525.500  3948.500     0.0000E+00
     526.500  3948.500     0.0000E+00
     527.500  3948.500     0.0000E+00
     528.500  3948.500     0.0000E+00
     529.500  3948.500     0.0000E+00
     530.500  3948.500     0.0000E+00
     531.500  3948.500     0.0000E+00
     532.500  3948.500     0.0000E+00
     533.500  3948.500     0.0000E+00
     534.500  3948.500     0.0000E+00
     535.500  3948.500     0.0000E+00
     536.500  3948.500     0.0000E+00
     537.500  3948.500     0.0000E+00
     538.500  3948.500     0.0000E+00
     539.500  3948.500     0.0000E+00
     540.500  3948.500     0.0000E+00
     541.500  3948.500     0.0000E+00
     542.500  3948.500     0.0000E+00
     543.500  3948.500     0.0000E+00
     544.500  3948.500     0.0000E+00
     495.500  3949.500     0.0000E+00
     496.500  3949.500     0.0000E+00
     497.500  3949.500     0.0000E+00
     498.500  3949.500     0.0000E+00
     499.500  3949.500     0.0000E+00
     500.500  3949.500     0.0000E+00
     501.500  3949.500     0.0000E+00
     502.500  3949.500     0.0000E+00
     503.500  3949.500     0.0000E+00
     504.500  3949.500     0.0000E+00
     505.500  3949.500     0.0000E+00
     506.500  3949.500     0.0000E+00
     507.500  3949.500     0.0000E+00
     508.500  3949.500     0.0000E+00
     509.500  3949.500     0.0000E+00
     510.500  3949.500     0.0000E+00
     511.500  3949.500     0.0000E+00
     512.500  3949.500     0.0000E+00
     513.500  3949.500     0.0000E+00
     514.500  3949.500     0.0000E+00
     515.500  3949.500     0.0000E+00
     516.500  3949.500     0.0000E+00
     517.500  3949.500     0.0000E+00
     518.500  3949.500     0.0000E+00
     519.500  3949.500     0.0000E+00
     520.500  3949.500     0.0000E+00
     521.500  3949.500     0.0000E+00
     522.500  3949.500     0.0000E+00
     523.500  3949.500     0.0000E+00
     524.500  3949.500     0.0000E+00
     525.500  3949.500     0.0000E+00
     526.500  3949.500     0.0000E+00
     527.500  3949.500     0.0000E+00
     528.500  3949.500     0.0000E+00
     529.500  3949.500     0.0000E+00
     530.500  3949.500     0.0000E+00
     531.500  3949.500     0.0000E+00
     532.500  3949.500     0.0000E+00
     533.500  3949.500     0.0000E+00
     534.500  3949.500     0.0000E+00
     535.500  3949.500     0.0000E+00
     536.500  3949.500     0.0000E+00
     537.500  3949.500     0.0000E+00
     538.500  3949.500     0.0000E+00
     539.500  3949.500     0.0000E+00
     540.500  3949.500     0.0000E+00
     541.500  3949.500     0.0000E+00
     542.500  3949.500     0.0000E+00
     543.500  3949.500     0.0000E+00
     544.500  3949.500     0.0000E+00
     495.500  3950.500     0.0000E+00
     496.500  3950.500     0.0000E+00
     497.500  3950.500     0.0000E+00
     498.500  3950.500     0.0000E+00
     499.500  3950.500     0.0000E+00
     500.500  3950.500     0.0000E+00
     501.500  3950.500     0.0000E+00
     502.500  3950.500     0.0000E+00
     503.500  3950.500     0.0000E+00
     504.500  3950.500     0.0000E+00
     505.500  3950.500     0.0000E+00
     506.500  3950.500     0.0000E+00
     507.500  3950.500     0.0000E+00
     508.500  3950.500     0.0000E+00
     509.500  3950.500     0.0000E+00
     510.500  3950.500     0.0000E+00
     511.500  3950.500     0.0000E+00
     512.500  3950.500     0.0000E+00
     513.500  3950.500     0.0000E+00
     514.500  3950.500     0.0000E+00
     515.500  3950.500     0.0000E+00
     516.500  3950.500     0.0000E+00
     517.500  3950.500     0.0000E+00
     518.500  3950.500     0.0000E+00
     519.500  3950.500     0.0000E+00
     520.500  3950.500     0.0000E+00
     521.500  3950.500     0.0000E+00
     522.500  3950.500     0.0000E+00
     523.500  3950.500     0.0000E+00
     524.500  3950.500     0.0000E+00
     525.500  3950.500     0.0000E+00
     526.500  3950.500     0.0000E+00
     527.500  3950.500     0.0000E+00
     528.500  3950.500     0.0000E+00
     529.500  3950.500     0.0000E+00
     530.500  3950.500     0.0000E+00
     531.500  3950.500     0.0000E+00
     532.500  3950.500     0.0000E+00
     533.500  3950.500     0.0000E+00
     534.500  3950.500     0.0000E+00
     535.500  3950.500     0.0000E+00
     536.500  3950.500     0.0000E+00
     537.500  3950.500     0.0000E+00
     538.500  3950.500     0.0000E+00
     539.500  3950.500     0.0000E+00
     540.500  3950.500     0.0000E+00
     541.500  3950.500     0.0000E+00
     542.500  3950.500     0.0000E+00
     543.500  3950.500     0.0000E+00
     544.500  3950.500     0.0000E+00
     495.500  3951.500     0.0000E+00
     496.500  3951.500     0.0000E+00
     497.500  3951.500     0.0000E+00
     498.500  3951.500     0.0000E+00
     499.500  3951.500     0.0000E+00
     500.500  3951.500     0.0000E+00
     501.500  3951.500     0.0000E+00
     502.500  3951.500     0.0000E+00
     503.500  3951.500     0.0000E+00
     504.500  3951.500     0.0000E+00
     505.500  3951.500     0.0000E+00
     506.500  3951.500     0.0000E+00
     507.500  3951.500     0.0000E+00
     508.500  3951.500     0.0000E+00
     509.500  3951.500     0.0000E+00
     510.500  3951.500     0.0000E+00
     511.500  3951.500     0.0000E+00
     512.500  3951.500     0.0000E+00
     513.500  3951.500     0.0000E+00
     514.500  3951.500     0.0000E+00
     515.500  3951.500     0.0000E+00
     516.500  3951.500     0.0000E+00
     517.500  3951.500     0.0000E+00
     518.500  3951.500     0.0000E+00
     519.500  3951.500     0.0000E+00
     520.500  3951.500     0.0000E+00
     521.500  3951.500     0.0000E+00
     522.500  3951.500     0.0000E+00
     523.500  3951.500     0.0000E+00
     524.500  3951.500     0.0000E+00
     525.500  3951.500     0.0000E+00
     526.500  3951.500     0.0000E+00
     527.500  3951.500     0.0000E+00
     528.500  3951.500     0.0000E+00
     529.500  3951.500     0.0000E+00
     530.500  3951.500     0.0000E+00
     531.500  3951.500     0.0000E+00
     532.500  3951.500     0.0000E+00
     533.500  3951.500     0.0000E+00
     534.500  3951.500     0.0000E+00
     535.500  3951.500     0.0000E+00
     536.500  3951.500     0.0000E+00
     537.500  3951.500     0.0000E+00
     538.500  3951.500     0.0000E+00
     539.500  3951.500     0.0000E+00
     540.500  3951.500     0.0000E+00
     541.500  3951.500     0.0000E+00
     542.500  3951.500     0.0000E+00
     543.500  3951.500     0.0000E+00
     544.500  3951.500     0.0000E+00
     495.500  3952.500     0.0000E+00
     496.500  3952.500     0.0000E+00
     497.500  3952.500     0.0000E+00
     498.500  3952.500     0.0000E+00
     499.500  3952.500     0.0000E+00
     500.500  3952.500     0.0000E+00
     501.500  3952.500     0.0000E+00
     502.500  3952.500     0.0000E+00
     503.500  3952.500     0.0000E+00
     504.500  3952.500     0.0000E+00
     505.500  3952.500     0.0000E+00
     506.500  3952.500     0.0000E+00
     507.500  3952.500     0.0000E+00
     508.500  3952.500     0.0000E+00
     509.500  3952.500     0.0000E+00
     510.500  3952.500     0.0000E+00
     511.500  3952.500     0.0000E+00
     512.500  3952.500     0.0000E+00
     513.500  3952.500     0.0000E+00
     514.500  3952.500     0.0000E+00
     515.500  3952.500     0.0000E+00
     516.500  3952.500     0.0000E+00
     517.500  3952.500     0.0000E+00
     518.500  3952.500     0.0000E+00
     519.500  3952.500     0.0000E+00
     520.500  3952.500     0.0000E+00
     521.500  3952.500     0.0000E+00
     522.500  3952.500     0.0000E+00
     523.500  3952.500     0.0000E+00
     524.500  3952.500     0.0000E+00
     525.500  3952.500     0.0000E+00
     526.500  3952.500     0.0000E+00
     527.500  3952.500     0.0000E+00
     528.500  3952.500     0.0000E+00
     529.500  3952.500     0.0000E+00
     530.500  3952.500     0.0000E+00
     531.500  3952.500     0.0000E+00
     532.500  3952.500     0.0000E+00
     533.500  3952.500     0.0000E+00
     534.500  3952.500     0.0000E+00
     535.500  3952.500     0.0000E+00
     536.500  3952.500     0.0000E+00
     537.500  3952.500     0.0000E+00
     538.500  3952.500     0.0000E+00
     539.500  3952.500     0.0000E+00
     540.500  3952.500     0.0000E+00
     541.500  3952.500     0.0000E+00
     542.500  3952.500     0.0000E+00
     543.500  3952.500     0.0000E+00
     544.500  3952.500     0.0000E+00
     495.500  3953.500     0.0000E+00
     496.500  3953.500     0.0000E+00
     497.500  3953.500     0.0000E+00
     498.500  3953.500     0.0000E+00
     499.500  3953.500     0.0000E+00
     500.500  3953.500     0.0000E+00
     501.500  3953.500     0.0000E+00
     502.500  3953.500     0.0000E+00
     503.500  3953.500     0.0000E+00
     504.500  3953.500     0.0000E+00
     505.500  3953.500     0.0000E+00
     506.500  3953.500     0.0000E+00
     507.500  3953.500     0.0000E+00
     508.500  3953.500     0.0000E+00
     509.500  3953.500     0.0000E+00
     510.500  3953.500     0.0000E+00
     511.500  3953.500     0.0000E+00
     512.500  3953.500     0.0000E+00
     513.500  3953.500     0.0000E+00
     514.500  3953.500     0.0000E+00
     515.500  3953.500     0.0000E+00
     516.500  3953.500     0.0000E+00
     517.500  3953.500     0.0000E+00
     518.500  3953.500     0.0000E+00
     519.500  3953.500     0.0000E+00
     520.500  3953.500     0.0000E+00
     521.500  3953.500     0.0000E+00
     522.500  3953.500     0.0000E+00
     523.500  3953.500     0.0000E+00
     524.500  3953.500     0.0000E+00
     525.500  3953.500     0.0000E+00
     526.500  3953.500     0.0000E+00
     527.500  3953.500     0.0000E+00
     528.500  3953.500     0.0000E+00
     529.500  3953.500     0.0000E+00
     530.500  3953.500     0.0000E+00
     531.500  3953.500     0.0000E+00
     532.500  3953.500     0.0000E+00
     533.500  3953.500     0.0000E+00
     534.500  3953.500     0.0000E+00
     535.500  3953.500     0.0000E+00
     536.500  3953.500     0.0000E+00
     537.500  3953.500     0.0000E+00
     538.500  3953.500     0.0000E+00
     539.500  3953.500     0.0000E+00
     540.500  3953.500     0.0000E+00
     541.500  3953.500     0.0000E+00
     542.500  3953.500     0.0000E+00
     543.500  3953.500     0.0000E+00
     544.500  3953.500     0.0000E+00
     495.500  3954.500     0.0000E+00
     496.500  3954.500     0.0000E+00
     497.500  3954.500     0.0000E+00
     498.500  3954.500     0.0000E+00
     499.500  3954.500     0.0000E+00
     500.500  3954.500     0.0000E+00
     501.500  3954.500     0.0000E+00
     502.500  3954.500     0.0000E+00
     503.500  3954.500     0.0000E+00
     504.500  3954.500     0.0000E+00
     505.500  3954.500     0.0000E+00
     506.500  3954.500     0.0000E+00
     507.500  3954.500     0.0000E+00
     508.500  3954.500     0.0000E+00
     509.500  3954.500     0.0000E+00
     510.500  3954.500     0.0000E+00
     511.500  3954.500     0.0000E+00
     512.500  3954.500     0.0000E+00
     513.500  3954.500     0.0000E+00
     514.500  3954.500     0.0000E+00
     515.500  3954.500     0.0000E+00
     516.500  3954.500     0.0000E+00
     517.500  3954.500     0.0000E+00
     518.500  3954.500     0.0000E+00
     519.500  3954.500     0.0000E+00
     520.500  3954.500     0.0000E+00
     521.500  3954.500     0.0000E+00
     522.500  3954.500     0.0000E+00
     523.500  3954.500     0.0000E+00
     524.500  3954.500     0.0000E+00
     525.500  3954.500     0.0000E+00
     526.500  3954.500     0.0000E+00
     527.500  3954.500     0.0000E+00
     528.500  3954.500     0.0000E+00
     529.500  3954.500     0.0000E+00
     530.500  3954.500     0.0000E+00
     531.500  3954.500     0.0000E+00
     532.500  3954.500     0.0000E+00
     533.500  3954.500     0.0000E+00
     534.500  3954.500     0.0000E+00
     535.500  3954.500     0.0000E+00
     536.500  3954.500     0.0000E+00
     537.500  3954.500     0.0000E+00
     538.500  3954.500     0.0000E+00
     539.500  3954.500     0.0000E+00
     540.500  3954.500     0.0000E+00
     541.500  3954.500     0.0000E+00
     542.500  3954.500     0.0000E+00
     543.500  3954.500     0.0000E+00
     544.500  3954.500     0.0000E+00
     523.642  3934.174     0.0000E+00
     533.661  3935.153     0.0000E+00
     534.934  3933.278     1.6033E-02
     537.941  3928.923     3.4042E+00
     539.209  3926.428     3.7278E+00
     530.687  3933.234     0.0000E+00
     528.743  3936.682     0.0000E+00
     529.379  3937.549     0.0000E+00
     527.900  3932.391     0.0000E+00
     529.626  3931.465     0.0000E+00
     530.937  3931.355     0.0000E+00
     534.513  3928.843     2.8940E+00
     530.716  3928.240     4.4587E+00
     527.755  3927.782     0.0000E+00
     530.426  3921.802     0.0000E+00
     528.551  3921.285     0.0000E+00
     529.374  3937.537     0.0000E+00
