        1   HOUR AVERAGE  CONCENTRATION VALUES AT EACH RECEPTOR  (ug/m**3)    

                   PM2.5         1

     RECEPTOR (x,y) km      VALUE
 
     495.500  3905.500     9.9484E-02
     496.500  3905.500     1.1106E-01
     497.500  3905.500     1.1631E-01
     498.500  3905.500     1.1467E-01
     499.500  3905.500     1.0688E-01
     500.500  3905.500     9.5347E-02
     501.500  3905.500     8.2287E-02
     502.500  3905.500     6.9412E-02
     503.500  3905.500     5.8194E-02
     504.500  3905.500     4.8915E-02
     505.500  3905.500     4.1330E-02
     506.500  3905.500     3.4812E-02
     507.500  3905.500     2.9077E-02
     508.500  3905.500     2.3981E-02
     509.500  3905.500     1.9621E-02
     510.500  3905.500     1.5782E-02
     511.500  3905.500     1.2176E-02
     512.500  3905.500     8.8356E-03
     513.500  3905.500     5.9731E-03
     514.500  3905.500     3.7367E-03
     515.500  3905.500     2.1102E-03
     516.500  3905.500     1.0078E-03
     517.500  3905.500     4.1447E-04
     518.500  3905.500     1.8303E-04
     519.500  3905.500     5.5658E-05
     520.500  3905.500     3.9049E-07
     521.500  3905.500     0.0000E+00
     522.500  3905.500     0.0000E+00
     523.500  3905.500     0.0000E+00
     524.500  3905.500     0.0000E+00
     525.500  3905.500     0.0000E+00
     526.500  3905.500     0.0000E+00
     527.500  3905.500     0.0000E+00
     528.500  3905.500     0.0000E+00
     529.500  3905.500     0.0000E+00
     530.500  3905.500     0.0000E+00
     531.500  3905.500     0.0000E+00
     532.500  3905.500     0.0000E+00
     533.500  3905.500     0.0000E+00
     534.500  3905.500     0.0000E+00
     535.500  3905.500     0.0000E+00
     536.500  3905.500     0.0000E+00
     537.500  3905.500     0.0000E+00
     538.500  3905.500     0.0000E+00
     539.500  3905.500     0.0000E+00
     540.500  3905.500     0.0000E+00
     541.500  3905.500     0.0000E+00
     542.500  3905.500     0.0000E+00
     543.500  3905.500     0.0000E+00
     544.500  3905.500     0.0000E+00
     495.500  3906.500     1.3400E-01
     496.500  3906.500     1.5133E-01
     497.500  3906.500     1.6040E-01
     498.500  3906.500     1.6001E-01
     499.500  3906.500     1.5110E-01
     500.500  3906.500     1.3666E-01
     501.500  3906.500     1.1952E-01
     502.500  3906.500     1.0208E-01
     503.500  3906.500     8.5329E-02
     504.500  3906.500     7.0933E-02
     505.500  3906.500     5.9253E-02
     506.500  3906.500     4.9996E-02
     507.500  3906.500     4.2331E-02
     508.500  3906.500     3.5816E-02
     509.500  3906.500     3.0138E-02
     510.500  3906.500     2.5047E-02
     511.500  3906.500     2.0390E-02
     512.500  3906.500     1.6046E-02
     513.500  3906.500     1.1939E-02
     514.500  3906.500     8.2735E-03
     515.500  3906.500     5.3184E-03
     516.500  3906.500     3.1124E-03
     517.500  3906.500     1.5644E-03
     518.500  3906.500     6.8118E-04
     519.500  3906.500     2.8972E-04
     520.500  3906.500     9.4823E-05
     521.500  3906.500     4.3312E-06
     522.500  3906.500     0.0000E+00
     523.500  3906.500     0.0000E+00
     524.500  3906.500     0.0000E+00
     525.500  3906.500     0.0000E+00
     526.500  3906.500     0.0000E+00
     527.500  3906.500     0.0000E+00
     528.500  3906.500     0.0000E+00
     529.500  3906.500     0.0000E+00
     530.500  3906.500     0.0000E+00
     531.500  3906.500     0.0000E+00
     532.500  3906.500     0.0000E+00
     533.500  3906.500     0.0000E+00
     534.500  3906.500     0.0000E+00
     535.500  3906.500     0.0000E+00
     536.500  3906.500     0.0000E+00
     537.500  3906.500     0.0000E+00
     538.500  3906.500     0.0000E+00
     539.500  3906.500     0.0000E+00
     540.500  3906.500     0.0000E+00
     541.500  3906.500     0.0000E+00
     542.500  3906.500     0.0000E+00
     543.500  3906.500     0.0000E+00
     544.500  3906.500     0.0000E+00
     495.500  3907.500     1.7132E-01
     496.500  3907.500     1.9563E-01
     497.500  3907.500     2.0970E-01
     498.500  3907.500     2.1188E-01
     499.500  3907.500     2.0281E-01
     500.500  3907.500     1.8574E-01
     501.500  3907.500     1.6440E-01
     502.500  3907.500     1.4179E-01
     503.500  3907.500     1.1981E-01
     504.500  3907.500     9.9448E-02
     505.500  3907.500     8.2089E-02
     506.500  3907.500     6.8213E-02
     507.500  3907.500     5.7604E-02
     508.500  3907.500     4.8987E-02
     509.500  3907.500     4.1921E-02
     510.500  3907.500     3.5844E-02
     511.500  3907.500     3.0418E-02
     512.500  3907.500     2.5353E-02
     513.500  3907.500     2.0522E-02
     514.500  3907.500     1.5784E-02
     515.500  3907.500     1.1305E-02
     516.500  3907.500     7.5073E-03
     517.500  3907.500     4.5343E-03
     518.500  3907.500     2.4368E-03
     519.500  3907.500     1.0699E-03
     520.500  3907.500     4.3632E-04
     521.500  3907.500     1.4034E-04
     522.500  3907.500     8.7218E-06
     523.500  3907.500     0.0000E+00
     524.500  3907.500     0.0000E+00
     525.500  3907.500     0.0000E+00
     526.500  3907.500     0.0000E+00
     527.500  3907.500     0.0000E+00
     528.500  3907.500     0.0000E+00
     529.500  3907.500     0.0000E+00
     530.500  3907.500     0.0000E+00
     531.500  3907.500     0.0000E+00
     532.500  3907.500     0.0000E+00
     533.500  3907.500     0.0000E+00
     534.500  3907.500     0.0000E+00
     535.500  3907.500     0.0000E+00
     536.500  3907.500     0.0000E+00
     537.500  3907.500     0.0000E+00
     538.500  3907.500     0.0000E+00
     539.500  3907.500     0.0000E+00
     540.500  3907.500     0.0000E+00
     541.500  3907.500     0.0000E+00
     542.500  3907.500     0.0000E+00
     543.500  3907.500     0.0000E+00
     544.500  3907.500     0.0000E+00
     495.500  3908.500     2.0752E-01
     496.500  3908.500     2.3975E-01
     497.500  3908.500     2.6040E-01
     498.500  3908.500     2.6666E-01
     499.500  3908.500     2.5907E-01
     500.500  3908.500     2.4085E-01
     501.500  3908.500     2.1611E-01
     502.500  3908.500     1.8862E-01
     503.500  3908.500     1.6094E-01
     504.500  3908.500     1.3501E-01
     505.500  3908.500     1.1158E-01
     506.500  3908.500     9.1754E-02
     507.500  3908.500     7.6231E-02
     508.500  3908.500     6.4415E-02
     509.500  3908.500     5.4891E-02
     510.500  3908.500     4.7314E-02
     511.500  3908.500     4.1118E-02
     512.500  3908.500     3.5688E-02
     513.500  3908.500     3.0634E-02
     514.500  3908.500     2.5691E-02
     515.500  3908.500     2.0550E-02
     516.500  3908.500     1.5330E-02
     517.500  3908.500     1.0467E-02
     518.500  3908.500     6.4860E-03
     519.500  3908.500     3.5438E-03
     520.500  3908.500     1.6177E-03
     521.500  3908.500     6.2628E-04
     522.500  3908.500     1.8862E-04
     523.500  3908.500     1.0258E-05
     524.500  3908.500     0.0000E+00
     525.500  3908.500     0.0000E+00
     526.500  3908.500     0.0000E+00
     527.500  3908.500     0.0000E+00
     528.500  3908.500     0.0000E+00
     529.500  3908.500     0.0000E+00
     530.500  3908.500     0.0000E+00
     531.500  3908.500     0.0000E+00
     532.500  3908.500     0.0000E+00
     533.500  3908.500     0.0000E+00
     534.500  3908.500     0.0000E+00
     535.500  3908.500     0.0000E+00
     536.500  3908.500     0.0000E+00
     537.500  3908.500     0.0000E+00
     538.500  3908.500     0.0000E+00
     539.500  3908.500     0.0000E+00
     540.500  3908.500     0.0000E+00
     541.500  3908.500     0.0000E+00
     542.500  3908.500     0.0000E+00
     543.500  3908.500     0.0000E+00
     544.500  3908.500     0.0000E+00
     495.500  3909.500     2.3728E-01
     496.500  3909.500     2.7783E-01
     497.500  3909.500     3.0630E-01
     498.500  3909.500     3.1891E-01
     499.500  3909.500     3.1522E-01
     500.500  3909.500     2.9834E-01
     501.500  3909.500     2.7223E-01
     502.500  3909.500     2.4118E-01
     503.500  3909.500     2.0851E-01
     504.500  3909.500     1.7686E-01
     505.500  3909.500     1.4800E-01
     506.500  3909.500     1.2262E-01
     507.500  3909.500     1.0119E-01
     508.500  3909.500     8.4302E-02
     509.500  3909.500     7.1334E-02
     510.500  3909.500     6.0723E-02
     511.500  3909.500     5.2392E-02
     512.500  3909.500     4.5889E-02
     513.500  3909.500     4.0602E-02
     514.500  3909.500     3.6064E-02
     515.500  3909.500     3.1451E-02
     516.500  3909.500     2.6383E-02
     517.500  3909.500     2.0468E-02
     518.500  3909.500     1.4461E-02
     519.500  3909.500     9.1842E-03
     520.500  3909.500     5.1243E-03
     521.500  3909.500     2.3165E-03
     522.500  3909.500     8.8080E-04
     523.500  3909.500     2.5552E-04
     524.500  3909.500     1.1955E-05
     525.500  3909.500     0.0000E+00
     526.500  3909.500     0.0000E+00
     527.500  3909.500     0.0000E+00
     528.500  3909.500     0.0000E+00
     529.500  3909.500     0.0000E+00
     530.500  3909.500     0.0000E+00
     531.500  3909.500     0.0000E+00
     532.500  3909.500     0.0000E+00
     533.500  3909.500     0.0000E+00
     534.500  3909.500     0.0000E+00
     535.500  3909.500     0.0000E+00
     536.500  3909.500     0.0000E+00
     537.500  3909.500     0.0000E+00
     538.500  3909.500     0.0000E+00
     539.500  3909.500     0.0000E+00
     540.500  3909.500     0.0000E+00
     541.500  3909.500     0.0000E+00
     542.500  3909.500     0.0000E+00
     543.500  3909.500     0.0000E+00
     544.500  3909.500     0.0000E+00
     495.500  3910.500     2.5467E-01
     496.500  3910.500     3.0290E-01
     497.500  3910.500     3.3976E-01
     498.500  3910.500     3.6067E-01
     499.500  3910.500     3.6431E-01
     500.500  3910.500     3.5263E-01
     501.500  3910.500     3.2876E-01
     502.500  3910.500     2.9682E-01
     503.500  3910.500     2.6093E-01
     504.500  3910.500     2.2431E-01
     505.500  3910.500     1.9014E-01
     506.500  3910.500     1.5983E-01
     507.500  3910.500     1.3351E-01
     508.500  3910.500     1.1144E-01
     509.500  3910.500     9.3844E-02
     510.500  3910.500     7.9404E-02
     511.500  3910.500     6.7292E-02
     512.500  3910.500     5.7545E-02
     513.500  3910.500     5.0221E-02
     514.500  3910.500     4.4823E-02
     515.500  3910.500     4.0859E-02
     516.500  3910.500     3.7312E-02
     517.500  3910.500     3.3027E-02
     518.500  3910.500     2.7011E-02
     519.500  3910.500     1.9868E-02
     520.500  3910.500     1.2820E-02
     521.500  3910.500     7.1492E-03
     522.500  3910.500     3.2147E-03
     523.500  3910.500     1.2165E-03
     524.500  3910.500     3.2916E-04
     525.500  3910.500     8.0124E-06
     526.500  3910.500     0.0000E+00
     527.500  3910.500     0.0000E+00
     528.500  3910.500     0.0000E+00
     529.500  3910.500     0.0000E+00
     530.500  3910.500     0.0000E+00
     531.500  3910.500     0.0000E+00
     532.500  3910.500     0.0000E+00
     533.500  3910.500     0.0000E+00
     534.500  3910.500     0.0000E+00
     535.500  3910.500     0.0000E+00
     536.500  3910.500     0.0000E+00
     537.500  3910.500     0.0000E+00
     538.500  3910.500     0.0000E+00
     539.500  3910.500     0.0000E+00
     540.500  3910.500     0.0000E+00
     541.500  3910.500     0.0000E+00
     542.500  3910.500     0.0000E+00
     543.500  3910.500     0.0000E+00
     544.500  3910.500     0.0000E+00
     495.500  3911.500     2.5491E-01
     496.500  3911.500     3.0839E-01
     497.500  3911.500     3.5291E-01
     498.500  3911.500     3.8352E-01
     499.500  3911.500     3.9788E-01
     500.500  3911.500     3.9597E-01
     501.500  3911.500     3.7944E-01
     502.500  3911.500     3.5117E-01
     503.500  3911.500     3.1497E-01
     504.500  3911.500     2.7531E-01
     505.500  3911.500     2.3642E-01
     506.500  3911.500     2.0155E-01
     507.500  3911.500     1.7140E-01
     508.500  3911.500     1.4551E-01
     509.500  3911.500     1.2399E-01
     510.500  3911.500     1.0567E-01
     511.500  3911.500     8.9706E-02
     512.500  3911.500     7.5311E-02
     513.500  3911.500     6.3130E-02
     514.500  3911.500     5.3914E-02
     515.500  3911.500     4.7879E-02
     516.500  3911.500     4.4486E-02
     517.500  3911.500     4.2608E-02
     518.500  3911.500     4.0328E-02
     519.500  3911.500     3.5175E-02
     520.500  3911.500     2.6954E-02
     521.500  3911.500     1.7722E-02
     522.500  3911.500     9.8766E-03
     523.500  3911.500     4.5044E-03
     524.500  3911.500     1.6747E-03
     525.500  3911.500     4.2286E-04
     526.500  3911.500     2.9145E-06
     527.500  3911.500     0.0000E+00
     528.500  3911.500     0.0000E+00
     529.500  3911.500     0.0000E+00
     530.500  3911.500     0.0000E+00
     531.500  3911.500     0.0000E+00
     532.500  3911.500     0.0000E+00
     533.500  3911.500     0.0000E+00
     534.500  3911.500     0.0000E+00
     535.500  3911.500     0.0000E+00
     536.500  3911.500     0.0000E+00
     537.500  3911.500     0.0000E+00
     538.500  3911.500     0.0000E+00
     539.500  3911.500     0.0000E+00
     540.500  3911.500     0.0000E+00
     541.500  3911.500     0.0000E+00
     542.500  3911.500     0.0000E+00
     543.500  3911.500     0.0000E+00
     544.500  3911.500     0.0000E+00
     495.500  3912.500     2.3602E-01
     496.500  3912.500     2.9095E-01
     497.500  3912.500     3.4076E-01
     498.500  3912.500     3.8074E-01
     499.500  3912.500     4.0753E-01
     500.500  3912.500     4.1963E-01
     501.500  3912.500     4.1605E-01
     502.500  3912.500     3.9755E-01
     503.500  3912.500     3.6652E-01
     504.500  3912.500     3.2747E-01
     505.500  3912.500     2.8553E-01
     506.500  3912.500     2.4621E-01
     507.500  3912.500     2.1212E-01
     508.500  3912.500     1.8383E-01
     509.500  3912.500     1.6016E-01
     510.500  3912.500     1.3949E-01
     511.500  3912.500     1.2071E-01
     512.500  3912.500     1.0295E-01
     513.500  3912.500     8.5473E-02
     514.500  3912.500     6.9842E-02
     515.500  3912.500     5.7616E-02
     516.500  3912.500     4.9762E-02
     517.500  3912.500     4.6359E-02
     518.500  3912.500     4.6503E-02
     519.500  3912.500     4.7553E-02
     520.500  3912.500     4.4743E-02
     521.500  3912.500     3.6170E-02
     522.500  3912.500     2.4093E-02
     523.500  3912.500     1.3264E-02
     524.500  3912.500     6.2653E-03
     525.500  3912.500     2.3649E-03
     526.500  3912.500     5.2467E-04
     527.500  3912.500     0.0000E+00
     528.500  3912.500     0.0000E+00
     529.500  3912.500     0.0000E+00
     530.500  3912.500     0.0000E+00
     531.500  3912.500     0.0000E+00
     532.500  3912.500     0.0000E+00
     533.500  3912.500     0.0000E+00
     534.500  3912.500     0.0000E+00
     535.500  3912.500     0.0000E+00
     536.500  3912.500     0.0000E+00
     537.500  3912.500     0.0000E+00
     538.500  3912.500     0.0000E+00
     539.500  3912.500     0.0000E+00
     540.500  3912.500     0.0000E+00
     541.500  3912.500     0.0000E+00
     542.500  3912.500     0.0000E+00
     543.500  3912.500     0.0000E+00
     544.500  3912.500     0.0000E+00
     495.500  3913.500     2.0070E-01
     496.500  3913.500     2.5233E-01
     497.500  3913.500     3.0314E-01
     498.500  3913.500     3.4951E-01
     499.500  3913.500     3.8830E-01
     500.500  3913.500     4.1614E-01
     501.500  3913.500     4.3012E-01
     502.500  3913.500     4.2799E-01
     503.500  3913.500     4.0949E-01
     504.500  3913.500     3.7734E-01
     505.500  3913.500     3.3689E-01
     506.500  3913.500     2.9468E-01
     507.500  3913.500     2.5579E-01
     508.500  3913.500     2.2375E-01
     509.500  3913.500     1.9850E-01
     510.500  3913.500     1.7770E-01
     511.500  3913.500     1.5831E-01
     512.500  3913.500     1.3945E-01
     513.500  3913.500     1.1961E-01
     514.500  3913.500     9.8857E-02
     515.500  3913.500     7.9037E-02
     516.500  3913.500     6.2603E-02
     517.500  3913.500     5.1694E-02
     518.500  3913.500     4.6867E-02
     519.500  3913.500     4.8463E-02
     520.500  3913.500     5.3350E-02
     521.500  3913.500     5.5202E-02
     522.500  3913.500     4.8203E-02
     523.500  3913.500     3.2877E-02
     524.500  3913.500     1.7571E-02
     525.500  3913.500     8.4487E-03
     526.500  3913.500     3.4325E-03
     527.500  3913.500     6.7257E-04
     528.500  3913.500     0.0000E+00
     529.500  3913.500     0.0000E+00
     530.500  3913.500     0.0000E+00
     531.500  3913.500     0.0000E+00
     532.500  3913.500     0.0000E+00
     533.500  3913.500     0.0000E+00
     534.500  3913.500     0.0000E+00
     535.500  3913.500     0.0000E+00
     536.500  3913.500     0.0000E+00
     537.500  3913.500     0.0000E+00
     538.500  3913.500     0.0000E+00
     539.500  3913.500     0.0000E+00
     540.500  3913.500     0.0000E+00
     541.500  3913.500     0.0000E+00
     542.500  3913.500     0.0000E+00
     543.500  3913.500     0.0000E+00
     544.500  3913.500     0.0000E+00
     495.500  3914.500     1.5551E-01
     496.500  3914.500     1.9966E-01
     497.500  3914.500     2.4658E-01
     498.500  3914.500     2.9430E-01
     499.500  3914.500     3.4071E-01
     500.500  3914.500     3.8216E-01
     501.500  3914.500     4.1442E-01
     502.500  3914.500     4.3289E-01
     503.500  3914.500     4.3406E-01
     504.500  3914.500     4.1761E-01
     505.500  3914.500     3.8667E-01
     506.500  3914.500     3.4711E-01
     507.500  3914.500     3.0592E-01
     508.500  3914.500     2.6903E-01
     509.500  3914.500     2.3973E-01
     510.500  3914.500     2.1733E-01
     511.500  3914.500     1.9916E-01
     512.500  3914.500     1.8122E-01
     513.500  3914.500     1.6226E-01
     514.500  3914.500     1.4044E-01
     515.500  3914.500     1.1660E-01
     516.500  3914.500     9.2377E-02
     517.500  3914.500     7.1307E-02
     518.500  3914.500     5.5888E-02
     519.500  3914.500     4.7578E-02
     520.500  3914.500     4.8211E-02
     521.500  3914.500     5.6073E-02
     522.500  3914.500     6.4925E-02
     523.500  3914.500     6.3522E-02
     524.500  3914.500     4.6009E-02
     525.500  3914.500     2.3848E-02
     526.500  3914.500     1.1734E-02
     527.500  3914.500     5.5856E-03
     528.500  3914.500     1.1702E-03
     529.500  3914.500     0.0000E+00
     530.500  3914.500     0.0000E+00
     531.500  3914.500     0.0000E+00
     532.500  3914.500     0.0000E+00
     533.500  3914.500     0.0000E+00
     534.500  3914.500     0.0000E+00
     535.500  3914.500     0.0000E+00
     536.500  3914.500     0.0000E+00
     537.500  3914.500     0.0000E+00
     538.500  3914.500     0.0000E+00
     539.500  3914.500     0.0000E+00
     540.500  3914.500     0.0000E+00
     541.500  3914.500     0.0000E+00
     542.500  3914.500     0.0000E+00
     543.500  3914.500     0.0000E+00
     544.500  3914.500     0.0000E+00
     495.500  3915.500     1.0911E-01
     496.500  3915.500     1.4317E-01
     497.500  3915.500     1.8207E-01
     498.500  3915.500     2.2552E-01
     499.500  3915.500     2.7274E-01
     500.500  3915.500     3.2131E-01
     501.500  3915.500     3.6734E-01
     502.500  3915.500     4.0522E-01
     503.500  3915.500     4.2947E-01
     504.500  3915.500     4.3635E-01
     505.500  3915.500     4.2498E-01
     506.500  3915.500     3.9825E-01
     507.500  3915.500     3.6235E-01
     508.500  3915.500     3.2419E-01
     509.500  3915.500     2.8998E-01
     510.500  3915.500     2.6252E-01
     511.500  3915.500     2.4222E-01
     512.500  3915.500     2.2588E-01
     513.500  3915.500     2.0969E-01
     514.500  3915.500     1.8975E-01
     515.500  3915.500     1.6683E-01
     516.500  3915.500     1.4012E-01
     517.500  3915.500     1.1166E-01
     518.500  3915.500     8.5208E-02
     519.500  3915.500     6.4721E-02
     520.500  3915.500     5.0745E-02
     521.500  3915.500     4.7153E-02
     522.500  3915.500     5.4256E-02
     523.500  3915.500     7.0091E-02
     524.500  3915.500     8.1184E-02
     525.500  3915.500     6.8205E-02
     526.500  3915.500     3.5179E-02
     527.500  3915.500     1.6664E-02
     528.500  3915.500     1.1495E-02
     529.500  3915.500     2.0224E-03
     530.500  3915.500     0.0000E+00
     531.500  3915.500     0.0000E+00
     532.500  3915.500     0.0000E+00
     533.500  3915.500     0.0000E+00
     534.500  3915.500     0.0000E+00
     535.500  3915.500     0.0000E+00
     536.500  3915.500     0.0000E+00
     537.500  3915.500     0.0000E+00
     538.500  3915.500     0.0000E+00
     539.500  3915.500     0.0000E+00
     540.500  3915.500     0.0000E+00
     541.500  3915.500     0.0000E+00
     542.500  3915.500     0.0000E+00
     543.500  3915.500     0.0000E+00
     544.500  3915.500     0.0000E+00
     495.500  3916.500     6.8623E-02
     496.500  3916.500     9.2028E-02
     497.500  3916.500     1.2077E-01
     498.500  3916.500     1.5572E-01
     499.500  3916.500     1.9721E-01
     500.500  3916.500     2.4460E-01
     501.500  3916.500     2.9543E-01
     502.500  3916.500     3.4547E-01
     503.500  3916.500     3.8907E-01
     504.500  3916.500     4.2057E-01
     505.500  3916.500     4.3569E-01
     506.500  3916.500     4.3329E-01
     507.500  3916.500     4.1541E-01
     508.500  3916.500     3.8713E-01
     509.500  3916.500     3.5466E-01
     510.500  3916.500     3.2314E-01
     511.500  3916.500     2.9642E-01
     512.500  3916.500     2.7492E-01
     513.500  3916.500     2.5806E-01
     514.500  3916.500     2.4198E-01
     515.500  3916.500     2.2271E-01
     516.500  3916.500     1.9984E-01
     517.500  3916.500     1.7138E-01
     518.500  3916.500     1.3880E-01
     519.500  3916.500     1.0669E-01
     520.500  3916.500     8.0513E-02
     521.500  3916.500     6.1121E-02
     522.500  3916.500     4.9352E-02
     523.500  3916.500     4.8852E-02
     524.500  3916.500     6.4330E-02
     525.500  3916.500     9.3906E-02
     526.500  3916.500     1.0744E-01
     527.500  3916.500     6.4786E-02
     528.500  3916.500     2.3204E-02
     529.500  3916.500     3.1770E-02
     530.500  3916.500     2.0956E-03
     531.500  3916.500     0.0000E+00
     532.500  3916.500     0.0000E+00
     533.500  3916.500     0.0000E+00
     534.500  3916.500     0.0000E+00
     535.500  3916.500     0.0000E+00
     536.500  3916.500     0.0000E+00
     537.500  3916.500     0.0000E+00
     538.500  3916.500     0.0000E+00
     539.500  3916.500     0.0000E+00
     540.500  3916.500     0.0000E+00
     541.500  3916.500     0.0000E+00
     542.500  3916.500     0.0000E+00
     543.500  3916.500     0.0000E+00
     544.500  3916.500     0.0000E+00
     495.500  3917.500     3.8256E-02
     496.500  3917.500     5.2659E-02
     497.500  3917.500     7.1375E-02
     498.500  3917.500     9.5797E-02
     499.500  3917.500     1.2737E-01
     500.500  3917.500     1.6626E-01
     501.500  3917.500     2.1232E-01
     502.500  3917.500     2.6347E-01
     503.500  3917.500     3.1615E-01
     504.500  3917.500     3.6494E-01
     505.500  3917.500     4.0484E-01
     506.500  3917.500     4.3125E-01
     507.500  3917.500     4.4265E-01
     508.500  3917.500     4.3957E-01
     509.500  3917.500     4.2420E-01
     510.500  3917.500     4.0113E-01
     511.500  3917.500     3.7368E-01
     512.500  3917.500     3.4489E-01
     513.500  3917.500     3.1889E-01
     514.500  3917.500     2.9716E-01
     515.500  3917.500     2.7852E-01
     516.500  3917.500     2.6089E-01
     517.500  3917.500     2.3911E-01
     518.500  3917.500     2.1239E-01
     519.500  3917.500     1.7691E-01
     520.500  3917.500     1.3843E-01
     521.500  3917.500     1.0482E-01
     522.500  3917.500     7.9115E-02
     523.500  3917.500     5.9927E-02
     524.500  3917.500     4.7396E-02
     525.500  3917.500     4.9189E-02
     526.500  3917.500     8.7186E-02
     527.500  3917.500     1.7544E-01
     528.500  3917.500     1.7830E-01
     529.500  3917.500     1.1211E-02
     530.500  3917.500     5.9007E-02
     531.500  3917.500     5.0827E-03
     532.500  3917.500     0.0000E+00
     533.500  3917.500     0.0000E+00
     534.500  3917.500     0.0000E+00
     535.500  3917.500     0.0000E+00
     536.500  3917.500     0.0000E+00
     537.500  3917.500     0.0000E+00
     538.500  3917.500     0.0000E+00
     539.500  3917.500     0.0000E+00
     540.500  3917.500     0.0000E+00
     541.500  3917.500     0.0000E+00
     542.500  3917.500     0.0000E+00
     543.500  3917.500     0.0000E+00
     544.500  3917.500     0.0000E+00
     495.500  3918.500     1.8981E-02
     496.500  3918.500     2.6672E-02
     497.500  3918.500     3.7516E-02
     498.500  3918.500     5.2183E-02
     499.500  3918.500     7.2591E-02
     500.500  3918.500     9.9641E-02
     501.500  3918.500     1.3450E-01
     502.500  3918.500     1.7706E-01
     503.500  3918.500     2.2613E-01
     504.500  3918.500     2.7889E-01
     505.500  3918.500     3.3145E-01
     506.500  3918.500     3.7986E-01
     507.500  3918.500     4.2039E-01
     508.500  3918.500     4.5052E-01
     509.500  3918.500     4.6895E-01
     510.500  3918.500     4.7436E-01
     511.500  3918.500     4.6582E-01
     512.500  3918.500     4.4472E-01
     513.500  3918.500     4.1238E-01
     514.500  3918.500     3.7575E-01
     515.500  3918.500     3.4075E-01
     516.500  3918.500     3.1496E-01
     517.500  3918.500     2.9824E-01
     518.500  3918.500     2.8319E-01
     519.500  3918.500     2.6471E-01
     520.500  3918.500     2.3062E-01
     521.500  3918.500     1.8551E-01
     522.500  3918.500     1.3974E-01
     523.500  3918.500     1.0451E-01
     524.500  3918.500     7.9880E-02
     525.500  3918.500     6.0434E-02
     526.500  3918.500     4.4198E-02
     527.500  3918.500     4.8786E-02
     528.500  3918.500     1.8190E-01
     529.500  3918.500     1.0523E+00
     530.500  3918.500     1.1303E-02
     531.500  3918.500     0.0000E+00
     532.500  3918.500     0.0000E+00
     533.500  3918.500     0.0000E+00
     534.500  3918.500     0.0000E+00
     535.500  3918.500     0.0000E+00
     536.500  3918.500     0.0000E+00
     537.500  3918.500     0.0000E+00
     538.500  3918.500     0.0000E+00
     539.500  3918.500     0.0000E+00
     540.500  3918.500     0.0000E+00
     541.500  3918.500     0.0000E+00
     542.500  3918.500     0.0000E+00
     543.500  3918.500     0.0000E+00
     544.500  3918.500     0.0000E+00
     495.500  3919.500     7.3268E-03
     496.500  3919.500     1.1343E-02
     497.500  3919.500     1.6827E-02
     498.500  3919.500     2.4767E-02
     499.500  3919.500     3.6218E-02
     500.500  3919.500     5.2290E-02
     501.500  3919.500     7.4528E-02
     502.500  3919.500     1.0358E-01
     503.500  3919.500     1.4026E-01
     504.500  3919.500     1.8421E-01
     505.500  3919.500     2.3405E-01
     506.500  3919.500     2.8798E-01
     507.500  3919.500     3.4401E-01
     508.500  3919.500     3.9949E-01
     509.500  3919.500     4.5149E-01
     510.500  3919.500     4.9716E-01
     511.500  3919.500     5.3093E-01
     512.500  3919.500     5.4564E-01
     513.500  3919.500     5.3685E-01
     514.500  3919.500     5.0200E-01
     515.500  3919.500     4.4735E-01
     516.500  3919.500     3.9041E-01
     517.500  3919.500     3.4779E-01
     518.500  3919.500     3.2810E-01
     519.500  3919.500     3.2264E-01
     520.500  3919.500     3.2408E-01
     521.500  3919.500     3.0334E-01
     522.500  3919.500     2.5610E-01
     523.500  3919.500     1.9248E-01
     524.500  3919.500     1.3546E-01
     525.500  3919.500     1.0626E-01
     526.500  3919.500     9.6740E-02
     527.500  3919.500     7.2948E-02
     528.500  3919.500     5.6789E-02
     529.500  3919.500     4.8526E-02
     530.500  3919.500     1.6045E-02
     531.500  3919.500     0.0000E+00
     532.500  3919.500     0.0000E+00
     533.500  3919.500     0.0000E+00
     534.500  3919.500     0.0000E+00
     535.500  3919.500     0.0000E+00
     536.500  3919.500     0.0000E+00
     537.500  3919.500     0.0000E+00
     538.500  3919.500     0.0000E+00
     539.500  3919.500     0.0000E+00
     540.500  3919.500     0.0000E+00
     541.500  3919.500     0.0000E+00
     542.500  3919.500     0.0000E+00
     543.500  3919.500     0.0000E+00
     544.500  3919.500     0.0000E+00
     495.500  3920.500     1.2501E-03
     496.500  3920.500     2.3327E-03
     497.500  3920.500     5.0721E-03
     498.500  3920.500     9.1573E-03
     499.500  3920.500     1.5109E-02
     500.500  3920.500     2.3578E-02
     501.500  3920.500     3.5715E-02
     502.500  3920.500     5.2404E-02
     503.500  3920.500     7.4865E-02
     504.500  3920.500     1.0399E-01
     505.500  3920.500     1.4031E-01
     506.500  3920.500     1.8438E-01
     507.500  3920.500     2.3659E-01
     508.500  3920.500     2.9689E-01
     509.500  3920.500     3.6462E-01
     510.500  3920.500     4.3805E-01
     511.500  3920.500     5.1341E-01
     512.500  3920.500     5.8214E-01
     513.500  3920.500     6.3055E-01
     514.500  3920.500     6.4352E-01
     515.500  3920.500     6.1253E-01
     516.500  3920.500     5.4069E-01
     517.500  3920.500     4.5269E-01
     518.500  3920.500     3.7756E-01
     519.500  3920.500     3.4213E-01
     520.500  3920.500     3.4554E-01
     521.500  3920.500     3.7187E-01
     522.500  3920.500     3.8682E-01
     523.500  3920.500     3.5838E-01
     524.500  3920.500     2.8203E-01
     525.500  3920.500     1.8498E-01
     526.500  3920.500     1.2406E-01
     527.500  3920.500     1.5073E-01
     528.500  3920.500     2.0135E-01
     529.500  3920.500     6.0487E-02
     530.500  3920.500     7.4562E-01
     531.500  3920.500     2.8555E-01
     532.500  3920.500     0.0000E+00
     533.500  3920.500     0.0000E+00
     534.500  3920.500     0.0000E+00
     535.500  3920.500     0.0000E+00
     536.500  3920.500     0.0000E+00
     537.500  3920.500     0.0000E+00
     538.500  3920.500     0.0000E+00
     539.500  3920.500     0.0000E+00
     540.500  3920.500     0.0000E+00
     541.500  3920.500     0.0000E+00
     542.500  3920.500     0.0000E+00
     543.500  3920.500     0.0000E+00
     544.500  3920.500     0.0000E+00
     495.500  3921.500     3.0717E-04
     496.500  3921.500     5.7445E-04
     497.500  3921.500     9.8121E-04
     498.500  3921.500     1.6292E-03
     499.500  3921.500     3.8488E-03
     500.500  3921.500     7.9622E-03
     501.500  3921.500     1.3930E-02
     502.500  3921.500     2.2269E-02
     503.500  3921.500     3.3761E-02
     504.500  3921.500     4.9736E-02
     505.500  3921.500     7.0971E-02
     506.500  3921.500     9.8974E-02
     507.500  3921.500     1.3518E-01
     508.500  3921.500     1.8144E-01
     509.500  3921.500     2.3989E-01
     510.500  3921.500     3.1301E-01
     511.500  3921.500     4.0119E-01
     512.500  3921.500     5.0150E-01
     513.500  3921.500     6.0505E-01
     514.500  3921.500     6.9450E-01
     515.500  3921.500     7.4545E-01
     516.500  3921.500     7.3976E-01
     517.500  3921.500     6.6987E-01
     518.500  3921.500     5.5173E-01
     519.500  3921.500     4.2819E-01
     520.500  3921.500     3.4498E-01
     521.500  3921.500     3.2997E-01
     522.500  3921.500     3.7463E-01
     523.500  3921.500     4.4731E-01
     524.500  3921.500     4.8145E-01
     525.500  3921.500     4.2845E-01
     526.500  3921.500     3.0318E-01
     527.500  3921.500     1.6224E-01
     528.500  3921.500     1.0238E-01
     529.500  3921.500     5.4099E-01
     530.500  3921.500     1.2877E-01
     531.500  3921.500     0.0000E+00
     532.500  3921.500     0.0000E+00
     533.500  3921.500     0.0000E+00
     534.500  3921.500     0.0000E+00
     535.500  3921.500     0.0000E+00
     536.500  3921.500     0.0000E+00
     537.500  3921.500     0.0000E+00
     538.500  3921.500     0.0000E+00
     539.500  3921.500     0.0000E+00
     540.500  3921.500     0.0000E+00
     541.500  3921.500     0.0000E+00
     542.500  3921.500     0.0000E+00
     543.500  3921.500     0.0000E+00
     544.500  3921.500     0.0000E+00
     495.500  3922.500     8.8131E-05
     496.500  3922.500     1.4013E-04
     497.500  3922.500     2.5081E-04
     498.500  3922.500     4.5962E-04
     499.500  3922.500     8.7746E-04
     500.500  3922.500     1.5144E-03
     501.500  3922.500     3.0496E-03
     502.500  3922.500     6.7644E-03
     503.500  3922.500     1.1995E-02
     504.500  3922.500     1.9319E-02
     505.500  3922.500     2.9554E-02
     506.500  3922.500     4.3694E-02
     507.500  3922.500     6.3233E-02
     508.500  3922.500     9.0077E-02
     509.500  3922.500     1.2707E-01
     510.500  3922.500     1.7760E-01
     511.500  3922.500     2.4531E-01
     512.500  3922.500     3.3400E-01
     513.500  3922.500     4.4448E-01
     514.500  3922.500     5.7154E-01
     515.500  3922.500     7.0047E-01
     516.500  3922.500     8.0657E-01
     517.500  3922.500     8.6232E-01
     518.500  3922.500     8.3804E-01
     519.500  3922.500     7.2425E-01
     520.500  3922.500     5.5037E-01
     521.500  3922.500     3.8566E-01
     522.500  3922.500     2.9696E-01
     523.500  3922.500     3.0941E-01
     524.500  3922.500     4.1457E-01
     525.500  3922.500     5.7307E-01
     526.500  3922.500     6.0204E-01
     527.500  3922.500     5.5356E-01
     528.500  3922.500     4.2007E-01
     529.500  3922.500     1.7758E-01
     530.500  3922.500     9.4648E-03
     531.500  3922.500     0.0000E+00
     532.500  3922.500     0.0000E+00
     533.500  3922.500     0.0000E+00
     534.500  3922.500     0.0000E+00
     535.500  3922.500     0.0000E+00
     536.500  3922.500     0.0000E+00
     537.500  3922.500     0.0000E+00
     538.500  3922.500     0.0000E+00
     539.500  3922.500     0.0000E+00
     540.500  3922.500     0.0000E+00
     541.500  3922.500     0.0000E+00
     542.500  3922.500     0.0000E+00
     543.500  3922.500     0.0000E+00
     544.500  3922.500     0.0000E+00
     495.500  3923.500     2.3431E-05
     496.500  3923.500     4.3277E-05
     497.500  3923.500     7.8293E-05
     498.500  3923.500     1.3649E-04
     499.500  3923.500     2.4150E-04
     500.500  3923.500     4.3032E-04
     501.500  3923.500     8.1846E-04
     502.500  3923.500     1.3756E-03
     503.500  3923.500     2.3446E-03
     504.500  3923.500     4.8375E-03
     505.500  3923.500     8.8352E-03
     506.500  3923.500     1.5158E-02
     507.500  3923.500     2.3584E-02
     508.500  3923.500     3.5556E-02
     509.500  3923.500     5.3160E-02
     510.500  3923.500     7.8528E-02
     511.500  3923.500     1.1545E-01
     512.500  3923.500     1.6813E-01
     513.500  3923.500     2.4159E-01
     514.500  3923.500     3.4013E-01
     515.500  3923.500     4.6606E-01
     516.500  3923.500     6.1550E-01
     517.500  3923.500     7.7471E-01
     518.500  3923.500     9.1978E-01
     519.500  3923.500     1.0046E+00
     520.500  3923.500     9.8041E-01
     521.500  3923.500     8.3684E-01
     522.500  3923.500     5.6401E-01
     523.500  3923.500     3.1482E-01
     524.500  3923.500     2.0975E-01
     525.500  3923.500     2.6846E-01
     526.500  3923.500     4.3523E-01
     527.500  3923.500     8.0551E-01
     528.500  3923.500     1.0188E+00
     529.500  3923.500     1.0126E+00
     530.500  3923.500     6.0949E-01
     531.500  3923.500     1.2048E-01
     532.500  3923.500     0.0000E+00
     533.500  3923.500     0.0000E+00
     534.500  3923.500     0.0000E+00
     535.500  3923.500     0.0000E+00
     536.500  3923.500     0.0000E+00
     537.500  3923.500     0.0000E+00
     538.500  3923.500     0.0000E+00
     539.500  3923.500     0.0000E+00
     540.500  3923.500     0.0000E+00
     541.500  3923.500     0.0000E+00
     542.500  3923.500     0.0000E+00
     543.500  3923.500     0.0000E+00
     544.500  3923.500     0.0000E+00
     495.500  3924.500     8.0904E-06
     496.500  3924.500     1.3171E-05
     497.500  3924.500     2.0457E-05
     498.500  3924.500     4.1802E-05
     499.500  3924.500     7.9652E-05
     500.500  3924.500     1.4192E-04
     501.500  3924.500     2.3623E-04
     502.500  3924.500     4.0386E-04
     503.500  3924.500     7.0015E-04
     504.500  3924.500     1.1839E-03
     505.500  3924.500     1.8762E-03
     506.500  3924.500     3.1635E-03
     507.500  3924.500     5.4577E-03
     508.500  3924.500     9.6868E-03
     509.500  3924.500     1.6369E-02
     510.500  3924.500     2.6241E-02
     511.500  3924.500     4.1121E-02
     512.500  3924.500     6.2614E-02
     513.500  3924.500     9.4970E-02
     514.500  3924.500     1.4220E-01
     515.500  3924.500     2.1063E-01
     516.500  3924.500     3.0717E-01
     517.500  3924.500     4.3909E-01
     518.500  3924.500     6.1100E-01
     519.500  3924.500     8.2033E-01
     520.500  3924.500     1.0455E+00
     521.500  3924.500     1.2325E+00
     522.500  3924.500     1.2489E+00
     523.500  3924.500     9.9385E-01
     524.500  3924.500     5.4773E-01
     525.500  3924.500     2.0909E-01
     526.500  3924.500     1.1831E-01
     527.500  3924.500     2.4276E-01
     528.500  3924.500     4.9315E-01
     529.500  3924.500     1.3771E+00
     530.500  3924.500     2.8542E+00
     531.500  3924.500     6.2210E-01
     532.500  3924.500     4.6365E-01
     533.500  3924.500     0.0000E+00
     534.500  3924.500     0.0000E+00
     535.500  3924.500     0.0000E+00
     536.500  3924.500     0.0000E+00
     537.500  3924.500     0.0000E+00
     538.500  3924.500     0.0000E+00
     539.500  3924.500     0.0000E+00
     540.500  3924.500     0.0000E+00
     541.500  3924.500     0.0000E+00
     542.500  3924.500     0.0000E+00
     543.500  3924.500     0.0000E+00
     544.500  3924.500     0.0000E+00
     495.500  3925.500     1.3433E-06
     496.500  3925.500     3.5967E-06
     497.500  3925.500     7.2015E-06
     498.500  3925.500     1.3006E-05
     499.500  3925.500     2.1297E-05
     500.500  3925.500     4.3256E-05
     501.500  3925.500     8.1959E-05
     502.500  3925.500     1.4358E-04
     503.500  3925.500     2.3045E-04
     504.500  3925.500     3.5586E-04
     505.500  3925.500     5.6150E-04
     506.500  3925.500     8.6682E-04
     507.500  3925.500     1.4106E-03
     508.500  3925.500     2.1749E-03
     509.500  3925.500     3.2549E-03
     510.500  3925.500     5.4728E-03
     511.500  3925.500     9.0485E-03
     512.500  3925.500     1.4906E-02
     513.500  3925.500     2.5350E-02
     514.500  3925.500     4.0291E-02
     515.500  3925.500     6.2883E-02
     516.500  3925.500     9.7063E-02
     517.500  3925.500     1.4912E-01
     518.500  3925.500     2.2897E-01
     519.500  3925.500     3.5065E-01
     520.500  3925.500     5.3892E-01
     521.500  3925.500     8.1051E-01
     522.500  3925.500     1.1663E+00
     523.500  3925.500     1.5342E+00
     524.500  3925.500     1.6738E+00
     525.500  3925.500     1.2533E+00
     526.500  3925.500     4.7771E-01
     527.500  3925.500     9.9991E-02
     528.500  3925.500     6.6679E-02
     529.500  3925.500     5.3660E-02
     530.500  3925.500     1.2839E-01
     531.500  3925.500     1.3772E+00
     532.500  3925.500     1.0899E-03
     533.500  3925.500     1.2545E-03
     534.500  3925.500     0.0000E+00
     535.500  3925.500     0.0000E+00
     536.500  3925.500     0.0000E+00
     537.500  3925.500     0.0000E+00
     538.500  3925.500     0.0000E+00
     539.500  3925.500     0.0000E+00
     540.500  3925.500     0.0000E+00
     541.500  3925.500     0.0000E+00
     542.500  3925.500     0.0000E+00
     543.500  3925.500     0.0000E+00
     544.500  3925.500     0.0000E+00
     495.500  3926.500     0.0000E+00
     496.500  3926.500     0.0000E+00
     497.500  3926.500     9.1051E-07
     498.500  3926.500     3.3020E-06
     499.500  3926.500     7.3144E-06
     500.500  3926.500     1.3680E-05
     501.500  3926.500     2.2544E-05
     502.500  3926.500     4.1666E-05
     503.500  3926.500     7.7079E-05
     504.500  3926.500     1.3267E-04
     505.500  3926.500     2.0961E-04
     506.500  3926.500     3.1511E-04
     507.500  3926.500     4.5672E-04
     508.500  3926.500     6.5110E-04
     509.500  3926.500     9.5726E-04
     510.500  3926.500     1.4033E-03
     511.500  3926.500     2.1315E-03
     512.500  3926.500     3.1964E-03
     513.500  3926.500     4.6827E-03
     514.500  3926.500     6.6943E-03
     515.500  3926.500     1.1204E-02
     516.500  3926.500     1.7999E-02
     517.500  3926.500     3.0001E-02
     518.500  3926.500     4.9264E-02
     519.500  3926.500     7.8770E-02
     520.500  3926.500     1.2845E-01
     521.500  3926.500     2.1383E-01
     522.500  3926.500     3.6918E-01
     523.500  3926.500     6.5780E-01
     524.500  3926.500     1.1696E+00
     525.500  3926.500     1.9261E+00
     526.500  3926.500     2.5474E+00
     527.500  3926.500     1.3551E+00
     528.500  3926.500     1.6917E-01
     529.500  3926.500     9.1834E-02
     530.500  3926.500     7.2215E-02
     531.500  3926.500     5.3406E-02
     532.500  3926.500     1.1070E-02
     533.500  3926.500     0.0000E+00
     534.500  3926.500     0.0000E+00
     535.500  3926.500     0.0000E+00
     536.500  3926.500     0.0000E+00
     537.500  3926.500     0.0000E+00
     538.500  3926.500     0.0000E+00
     539.500  3926.500     0.0000E+00
     540.500  3926.500     0.0000E+00
     541.500  3926.500     0.0000E+00
     542.500  3926.500     0.0000E+00
     543.500  3926.500     0.0000E+00
     544.500  3926.500     0.0000E+00
     495.500  3927.500     0.0000E+00
     496.500  3927.500     0.0000E+00
     497.500  3927.500     0.0000E+00
     498.500  3927.500     0.0000E+00
     499.500  3927.500     7.9433E-07
     500.500  3927.500     3.2707E-06
     501.500  3927.500     7.4837E-06
     502.500  3927.500     1.3747E-05
     503.500  3927.500     2.2688E-05
     504.500  3927.500     3.4964E-05
     505.500  3927.500     6.4420E-05
     506.500  3927.500     1.0658E-04
     507.500  3927.500     1.6610E-04
     508.500  3927.500     2.4676E-04
     509.500  3927.500     3.5199E-04
     510.500  3927.500     4.9118E-04
     511.500  3927.500     6.7488E-04
     512.500  3927.500     9.1588E-04
     513.500  3927.500     1.2446E-03
     514.500  3927.500     1.7808E-03
     515.500  3927.500     2.5344E-03
     516.500  3927.500     3.6521E-03
     517.500  3927.500     5.4125E-03
     518.500  3927.500     7.7466E-03
     519.500  3927.500     1.1235E-02
     520.500  3927.500     1.5992E-02
     521.500  3927.500     2.3065E-02
     522.500  3927.500     4.5215E-02
     523.500  3927.500     8.1582E-02
     524.500  3927.500     1.5506E-01
     525.500  3927.500     3.2565E-01
     526.500  3927.500     6.6178E-01
     527.500  3927.500     1.7326E+00
     528.500  3927.500     1.0185E+02
     529.500  3927.500     4.3305E-01
     530.500  3927.500     1.2440E-01
     531.500  3927.500     1.0151E-01
     532.500  3927.500     3.5427E-01
     533.500  3927.500     9.9369E-04
     534.500  3927.500     0.0000E+00
     535.500  3927.500     0.0000E+00
     536.500  3927.500     0.0000E+00
     537.500  3927.500     0.0000E+00
     538.500  3927.500     0.0000E+00
     539.500  3927.500     0.0000E+00
     540.500  3927.500     0.0000E+00
     541.500  3927.500     0.0000E+00
     542.500  3927.500     0.0000E+00
     543.500  3927.500     0.0000E+00
     544.500  3927.500     0.0000E+00
     495.500  3928.500     0.0000E+00
     496.500  3928.500     0.0000E+00
     497.500  3928.500     0.0000E+00
     498.500  3928.500     0.0000E+00
     499.500  3928.500     0.0000E+00
     500.500  3928.500     0.0000E+00
     501.500  3928.500     6.0847E-07
     502.500  3928.500     2.7076E-06
     503.500  3928.500     6.7269E-06
     504.500  3928.500     1.2474E-05
     505.500  3928.500     2.0395E-05
     506.500  3928.500     3.1138E-05
     507.500  3928.500     4.5205E-05
     508.500  3928.500     6.6201E-05
     509.500  3928.500     1.0425E-04
     510.500  3928.500     1.5705E-04
     511.500  3928.500     2.2459E-04
     512.500  3928.500     3.0819E-04
     513.500  3928.500     4.2971E-04
     514.500  3928.500     5.8203E-04
     515.500  3928.500     7.8920E-04
     516.500  3928.500     1.0644E-03
     517.500  3928.500     1.4417E-03
     518.500  3928.500     1.9664E-03
     519.500  3928.500     2.7100E-03
     520.500  3928.500     3.9470E-03
     521.500  3928.500     5.7080E-03
     522.500  3928.500     8.7305E-03
     523.500  3928.500     1.3144E-02
     524.500  3928.500     2.0148E-02
     525.500  3928.500     3.1170E-02
     526.500  3928.500     4.7274E-02
     527.500  3928.500     7.4977E-02
     528.500  3928.500     1.4323E-01
     529.500  3928.500     2.5000E-01
     530.500  3928.500     4.9776E-01
     531.500  3928.500     4.8542E-01
     532.500  3928.500     1.0646E-01
     533.500  3928.500     8.6070E-03
     534.500  3928.500     1.1173E-02
     535.500  3928.500     0.0000E+00
     536.500  3928.500     0.0000E+00
     537.500  3928.500     0.0000E+00
     538.500  3928.500     0.0000E+00
     539.500  3928.500     0.0000E+00
     540.500  3928.500     0.0000E+00
     541.500  3928.500     0.0000E+00
     542.500  3928.500     0.0000E+00
     543.500  3928.500     0.0000E+00
     544.500  3928.500     0.0000E+00
     495.500  3929.500     0.0000E+00
     496.500  3929.500     0.0000E+00
     497.500  3929.500     0.0000E+00
     498.500  3929.500     0.0000E+00
     499.500  3929.500     0.0000E+00
     500.500  3929.500     0.0000E+00
     501.500  3929.500     0.0000E+00
     502.500  3929.500     0.0000E+00
     503.500  3929.500     3.0527E-08
     504.500  3929.500     1.6626E-06
     505.500  3929.500     4.6384E-06
     506.500  3929.500     9.1179E-06
     507.500  3929.500     1.4860E-05
     508.500  3929.500     2.2409E-05
     509.500  3929.500     3.2825E-05
     510.500  3929.500     4.6028E-05
     511.500  3929.500     6.2574E-05
     512.500  3929.500     8.2985E-05
     513.500  3929.500     1.1092E-04
     514.500  3929.500     1.5089E-04
     515.500  3929.500     2.0310E-04
     516.500  3929.500     2.9151E-04
     517.500  3929.500     4.1366E-04
     518.500  3929.500     5.7427E-04
     519.500  3929.500     8.0517E-04
     520.500  3929.500     1.1450E-03
     521.500  3929.500     1.6387E-03
     522.500  3929.500     2.4079E-03
     523.500  3929.500     3.5713E-03
     524.500  3929.500     5.4156E-03
     525.500  3929.500     8.4294E-03
     526.500  3929.500     1.3325E-02
     527.500  3929.500     2.1079E-02
     528.500  3929.500     3.0804E-02
     529.500  3929.500     3.7020E-02
     530.500  3929.500     4.4206E-02
     531.500  3929.500     4.1725E-02
     532.500  3929.500     1.2239E-01
     533.500  3929.500     5.7222E-01
     534.500  3929.500     0.0000E+00
     535.500  3929.500     3.0946E-03
     536.500  3929.500     0.0000E+00
     537.500  3929.500     0.0000E+00
     538.500  3929.500     0.0000E+00
     539.500  3929.500     0.0000E+00
     540.500  3929.500     0.0000E+00
     541.500  3929.500     0.0000E+00
     542.500  3929.500     0.0000E+00
     543.500  3929.500     0.0000E+00
     544.500  3929.500     0.0000E+00
     495.500  3930.500     0.0000E+00
     496.500  3930.500     0.0000E+00
     497.500  3930.500     0.0000E+00
     498.500  3930.500     0.0000E+00
     499.500  3930.500     0.0000E+00
     500.500  3930.500     0.0000E+00
     501.500  3930.500     0.0000E+00
     502.500  3930.500     0.0000E+00
     503.500  3930.500     0.0000E+00
     504.500  3930.500     0.0000E+00
     505.500  3930.500     0.0000E+00
     506.500  3930.500     7.5212E-08
     507.500  3930.500     1.6770E-06
     508.500  3930.500     3.9454E-06
     509.500  3930.500     6.7571E-06
     510.500  3930.500     1.0855E-05
     511.500  3930.500     1.6624E-05
     512.500  3930.500     2.3002E-05
     513.500  3930.500     3.1439E-05
     514.500  3930.500     4.2738E-05
     515.500  3930.500     5.6800E-05
     516.500  3930.500     7.5938E-05
     517.500  3930.500     1.0170E-04
     518.500  3930.500     1.3769E-04
     519.500  3930.500     1.8911E-04
     520.500  3930.500     2.6597E-04
     521.500  3930.500     3.7857E-04
     522.500  3930.500     5.8017E-04
     523.500  3930.500     8.8772E-04
     524.500  3930.500     1.3531E-03
     525.500  3930.500     2.0702E-03
     526.500  3930.500     3.1638E-03
     527.500  3930.500     5.0142E-03
     528.500  3930.500     8.7711E-03
     529.500  3930.500     1.7040E-02
     530.500  3930.500     4.7203E-02
     531.500  3930.500     3.4602E-02
     532.500  3930.500     6.3460E-03
     533.500  3930.500     0.0000E+00
     534.500  3930.500     0.0000E+00
     535.500  3930.500     0.0000E+00
     536.500  3930.500     0.0000E+00
     537.500  3930.500     0.0000E+00
     538.500  3930.500     0.0000E+00
     539.500  3930.500     0.0000E+00
     540.500  3930.500     0.0000E+00
     541.500  3930.500     0.0000E+00
     542.500  3930.500     0.0000E+00
     543.500  3930.500     0.0000E+00
     544.500  3930.500     0.0000E+00
     495.500  3931.500     0.0000E+00
     496.500  3931.500     0.0000E+00
     497.500  3931.500     0.0000E+00
     498.500  3931.500     0.0000E+00
     499.500  3931.500     0.0000E+00
     500.500  3931.500     0.0000E+00
     501.500  3931.500     0.0000E+00
     502.500  3931.500     0.0000E+00
     503.500  3931.500     0.0000E+00
     504.500  3931.500     0.0000E+00
     505.500  3931.500     0.0000E+00
     506.500  3931.500     0.0000E+00
     507.500  3931.500     0.0000E+00
     508.500  3931.500     0.0000E+00
     509.500  3931.500     0.0000E+00
     510.500  3931.500     0.0000E+00
     511.500  3931.500     8.8821E-08
     512.500  3931.500     4.0630E-07
     513.500  3931.500     2.8826E-06
     514.500  3931.500     5.3286E-06
     515.500  3931.500     7.8160E-06
     516.500  3931.500     1.1248E-05
     517.500  3931.500     1.6055E-05
     518.500  3931.500     2.3021E-05
     519.500  3931.500     3.4260E-05
     520.500  3931.500     5.1158E-05
     521.500  3931.500     7.8589E-05
     522.500  3931.500     1.2035E-04
     523.500  3931.500     1.8727E-04
     524.500  3931.500     2.9682E-04
     525.500  3931.500     4.8377E-04
     526.500  3931.500     8.0145E-04
     527.500  3931.500     1.3246E-03
     528.500  3931.500     2.0773E-03
     529.500  3931.500     2.7626E-03
     530.500  3931.500     2.8833E-03
     531.500  3931.500     2.7843E-03
     532.500  3931.500     3.2259E-03
     533.500  3931.500     8.6983E-04
     534.500  3931.500     0.0000E+00
     535.500  3931.500     0.0000E+00
     536.500  3931.500     0.0000E+00
     537.500  3931.500     0.0000E+00
     538.500  3931.500     0.0000E+00
     539.500  3931.500     0.0000E+00
     540.500  3931.500     0.0000E+00
     541.500  3931.500     0.0000E+00
     542.500  3931.500     0.0000E+00
     543.500  3931.500     0.0000E+00
     544.500  3931.500     0.0000E+00
     495.500  3932.500     0.0000E+00
     496.500  3932.500     0.0000E+00
     497.500  3932.500     0.0000E+00
     498.500  3932.500     0.0000E+00
     499.500  3932.500     0.0000E+00
     500.500  3932.500     0.0000E+00
     501.500  3932.500     0.0000E+00
     502.500  3932.500     0.0000E+00
     503.500  3932.500     0.0000E+00
     504.500  3932.500     0.0000E+00
     505.500  3932.500     0.0000E+00
     506.500  3932.500     0.0000E+00
     507.500  3932.500     0.0000E+00
     508.500  3932.500     0.0000E+00
     509.500  3932.500     0.0000E+00
     510.500  3932.500     0.0000E+00
     511.500  3932.500     0.0000E+00
     512.500  3932.500     0.0000E+00
     513.500  3932.500     0.0000E+00
     514.500  3932.500     0.0000E+00
     515.500  3932.500     0.0000E+00
     516.500  3932.500     0.0000E+00
     517.500  3932.500     0.0000E+00
     518.500  3932.500     0.0000E+00
     519.500  3932.500     0.0000E+00
     520.500  3932.500     0.0000E+00
     521.500  3932.500     4.8127E-07
     522.500  3932.500     4.9001E-06
     523.500  3932.500     1.1126E-05
     524.500  3932.500     2.1853E-05
     525.500  3932.500     3.7830E-05
     526.500  3932.500     7.2408E-05
     527.500  3932.500     1.4727E-04
     528.500  3932.500     3.1981E-04
     529.500  3932.500     7.4461E-04
     530.500  3932.500     1.8326E-03
     531.500  3932.500     9.1244E-03
     532.500  3932.500     4.1566E-04
     533.500  3932.500     2.2106E-03
     534.500  3932.500     5.9725E-02
     535.500  3932.500     0.0000E+00
     536.500  3932.500     0.0000E+00
     537.500  3932.500     0.0000E+00
     538.500  3932.500     0.0000E+00
     539.500  3932.500     0.0000E+00
     540.500  3932.500     0.0000E+00
     541.500  3932.500     0.0000E+00
     542.500  3932.500     0.0000E+00
     543.500  3932.500     0.0000E+00
     544.500  3932.500     0.0000E+00
     495.500  3933.500     0.0000E+00
     496.500  3933.500     0.0000E+00
     497.500  3933.500     0.0000E+00
     498.500  3933.500     0.0000E+00
     499.500  3933.500     0.0000E+00
     500.500  3933.500     0.0000E+00
     501.500  3933.500     0.0000E+00
     502.500  3933.500     0.0000E+00
     503.500  3933.500     0.0000E+00
     504.500  3933.500     0.0000E+00
     505.500  3933.500     0.0000E+00
     506.500  3933.500     0.0000E+00
     507.500  3933.500     0.0000E+00
     508.500  3933.500     0.0000E+00
     509.500  3933.500     0.0000E+00
     510.500  3933.500     0.0000E+00
     511.500  3933.500     0.0000E+00
     512.500  3933.500     0.0000E+00
     513.500  3933.500     0.0000E+00
     514.500  3933.500     0.0000E+00
     515.500  3933.500     0.0000E+00
     516.500  3933.500     0.0000E+00
     517.500  3933.500     0.0000E+00
     518.500  3933.500     0.0000E+00
     519.500  3933.500     0.0000E+00
     520.500  3933.500     0.0000E+00
     521.500  3933.500     0.0000E+00
     522.500  3933.500     0.0000E+00
     523.500  3933.500     0.0000E+00
     524.500  3933.500     0.0000E+00
     525.500  3933.500     0.0000E+00
     526.500  3933.500     0.0000E+00
     527.500  3933.500     0.0000E+00
     528.500  3933.500     0.0000E+00
     529.500  3933.500     0.0000E+00
     530.500  3933.500     0.0000E+00
     531.500  3933.500     0.0000E+00
     532.500  3933.500     0.0000E+00
     533.500  3933.500     0.0000E+00
     534.500  3933.500     0.0000E+00
     535.500  3933.500     0.0000E+00
     536.500  3933.500     0.0000E+00
     537.500  3933.500     0.0000E+00
     538.500  3933.500     0.0000E+00
     539.500  3933.500     0.0000E+00
     540.500  3933.500     0.0000E+00
     541.500  3933.500     0.0000E+00
     542.500  3933.500     0.0000E+00
     543.500  3933.500     0.0000E+00
     544.500  3933.500     0.0000E+00
     495.500  3934.500     0.0000E+00
     496.500  3934.500     0.0000E+00
     497.500  3934.500     0.0000E+00
     498.500  3934.500     0.0000E+00
     499.500  3934.500     0.0000E+00
     500.500  3934.500     0.0000E+00
     501.500  3934.500     0.0000E+00
     502.500  3934.500     0.0000E+00
     503.500  3934.500     0.0000E+00
     504.500  3934.500     0.0000E+00
     505.500  3934.500     0.0000E+00
     506.500  3934.500     0.0000E+00
     507.500  3934.500     0.0000E+00
     508.500  3934.500     0.0000E+00
     509.500  3934.500     0.0000E+00
     510.500  3934.500     0.0000E+00
     511.500  3934.500     0.0000E+00
     512.500  3934.500     0.0000E+00
     513.500  3934.500     0.0000E+00
     514.500  3934.500     0.0000E+00
     515.500  3934.500     0.0000E+00
     516.500  3934.500     0.0000E+00
     517.500  3934.500     0.0000E+00
     518.500  3934.500     0.0000E+00
     519.500  3934.500     0.0000E+00
     520.500  3934.500     0.0000E+00
     521.500  3934.500     0.0000E+00
     522.500  3934.500     0.0000E+00
     523.500  3934.500     0.0000E+00
     524.500  3934.500     0.0000E+00
     525.500  3934.500     0.0000E+00
     526.500  3934.500     0.0000E+00
     527.500  3934.500     0.0000E+00
     528.500  3934.500     0.0000E+00
     529.500  3934.500     0.0000E+00
     530.500  3934.500     0.0000E+00
     531.500  3934.500     0.0000E+00
     532.500  3934.500     0.0000E+00
     533.500  3934.500     0.0000E+00
     534.500  3934.500     0.0000E+00
     535.500  3934.500     0.0000E+00
     536.500  3934.500     0.0000E+00
     537.500  3934.500     0.0000E+00
     538.500  3934.500     0.0000E+00
     539.500  3934.500     0.0000E+00
     540.500  3934.500     0.0000E+00
     541.500  3934.500     0.0000E+00
     542.500  3934.500     0.0000E+00
     543.500  3934.500     0.0000E+00
     544.500  3934.500     0.0000E+00
     495.500  3935.500     0.0000E+00
     496.500  3935.500     0.0000E+00
     497.500  3935.500     0.0000E+00
     498.500  3935.500     0.0000E+00
     499.500  3935.500     0.0000E+00
     500.500  3935.500     0.0000E+00
     501.500  3935.500     0.0000E+00
     502.500  3935.500     0.0000E+00
     503.500  3935.500     0.0000E+00
     504.500  3935.500     0.0000E+00
     505.500  3935.500     0.0000E+00
     506.500  3935.500     0.0000E+00
     507.500  3935.500     0.0000E+00
     508.500  3935.500     0.0000E+00
     509.500  3935.500     0.0000E+00
     510.500  3935.500     0.0000E+00
     511.500  3935.500     0.0000E+00
     512.500  3935.500     0.0000E+00
     513.500  3935.500     0.0000E+00
     514.500  3935.500     0.0000E+00
     515.500  3935.500     0.0000E+00
     516.500  3935.500     0.0000E+00
     517.500  3935.500     0.0000E+00
     518.500  3935.500     0.0000E+00
     519.500  3935.500     0.0000E+00
     520.500  3935.500     0.0000E+00
     521.500  3935.500     0.0000E+00
     522.500  3935.500     0.0000E+00
     523.500  3935.500     0.0000E+00
     524.500  3935.500     0.0000E+00
     525.500  3935.500     0.0000E+00
     526.500  3935.500     0.0000E+00
     527.500  3935.500     0.0000E+00
     528.500  3935.500     0.0000E+00
     529.500  3935.500     0.0000E+00
     530.500  3935.500     0.0000E+00
     531.500  3935.500     0.0000E+00
     532.500  3935.500     0.0000E+00
     533.500  3935.500     0.0000E+00
     534.500  3935.500     0.0000E+00
     535.500  3935.500     0.0000E+00
     536.500  3935.500     0.0000E+00
     537.500  3935.500     0.0000E+00
     538.500  3935.500     0.0000E+00
     539.500  3935.500     0.0000E+00
     540.500  3935.500     0.0000E+00
     541.500  3935.500     0.0000E+00
     542.500  3935.500     0.0000E+00
     543.500  3935.500     0.0000E+00
     544.500  3935.500     0.0000E+00
     495.500  3936.500     0.0000E+00
     496.500  3936.500     0.0000E+00
     497.500  3936.500     0.0000E+00
     498.500  3936.500     0.0000E+00
     499.500  3936.500     0.0000E+00
     500.500  3936.500     0.0000E+00
     501.500  3936.500     0.0000E+00
     502.500  3936.500     0.0000E+00
     503.500  3936.500     0.0000E+00
     504.500  3936.500     0.0000E+00
     505.500  3936.500     0.0000E+00
     506.500  3936.500     0.0000E+00
     507.500  3936.500     0.0000E+00
     508.500  3936.500     0.0000E+00
     509.500  3936.500     0.0000E+00
     510.500  3936.500     0.0000E+00
     511.500  3936.500     0.0000E+00
     512.500  3936.500     0.0000E+00
     513.500  3936.500     0.0000E+00
     514.500  3936.500     0.0000E+00
     515.500  3936.500     0.0000E+00
     516.500  3936.500     0.0000E+00
     517.500  3936.500     0.0000E+00
     518.500  3936.500     0.0000E+00
     519.500  3936.500     0.0000E+00
     520.500  3936.500     0.0000E+00
     521.500  3936.500     0.0000E+00
     522.500  3936.500     0.0000E+00
     523.500  3936.500     0.0000E+00
     524.500  3936.500     0.0000E+00
     525.500  3936.500     0.0000E+00
     526.500  3936.500     0.0000E+00
     527.500  3936.500     0.0000E+00
     528.500  3936.500     0.0000E+00
     529.500  3936.500     0.0000E+00
     530.500  3936.500     0.0000E+00
     531.500  3936.500     0.0000E+00
     532.500  3936.500     0.0000E+00
     533.500  3936.500     0.0000E+00
     534.500  3936.500     0.0000E+00
     535.500  3936.500     0.0000E+00
     536.500  3936.500     0.0000E+00
     537.500  3936.500     0.0000E+00
     538.500  3936.500     0.0000E+00
     539.500  3936.500     0.0000E+00
     540.500  3936.500     0.0000E+00
     541.500  3936.500     0.0000E+00
     542.500  3936.500     0.0000E+00
     543.500  3936.500     0.0000E+00
     544.500  3936.500     0.0000E+00
     495.500  3937.500     0.0000E+00
     496.500  3937.500     0.0000E+00
     497.500  3937.500     0.0000E+00
     498.500  3937.500     0.0000E+00
     499.500  3937.500     0.0000E+00
     500.500  3937.500     0.0000E+00
     501.500  3937.500     0.0000E+00
     502.500  3937.500     0.0000E+00
     503.500  3937.500     0.0000E+00
     504.500  3937.500     0.0000E+00
     505.500  3937.500     0.0000E+00
     506.500  3937.500     0.0000E+00
     507.500  3937.500     0.0000E+00
     508.500  3937.500     0.0000E+00
     509.500  3937.500     0.0000E+00
     510.500  3937.500     0.0000E+00
     511.500  3937.500     0.0000E+00
     512.500  3937.500     0.0000E+00
     513.500  3937.500     0.0000E+00
     514.500  3937.500     0.0000E+00
     515.500  3937.500     0.0000E+00
     516.500  3937.500     0.0000E+00
     517.500  3937.500     0.0000E+00
     518.500  3937.500     0.0000E+00
     519.500  3937.500     0.0000E+00
     520.500  3937.500     0.0000E+00
     521.500  3937.500     0.0000E+00
     522.500  3937.500     0.0000E+00
     523.500  3937.500     0.0000E+00
     524.500  3937.500     0.0000E+00
     525.500  3937.500     0.0000E+00
     526.500  3937.500     0.0000E+00
     527.500  3937.500     0.0000E+00
     528.500  3937.500     0.0000E+00
     529.500  3937.500     0.0000E+00
     530.500  3937.500     0.0000E+00
     531.500  3937.500     0.0000E+00
     532.500  3937.500     0.0000E+00
     533.500  3937.500     0.0000E+00
     534.500  3937.500     0.0000E+00
     535.500  3937.500     0.0000E+00
     536.500  3937.500     0.0000E+00
     537.500  3937.500     0.0000E+00
     538.500  3937.500     0.0000E+00
     539.500  3937.500     0.0000E+00
     540.500  3937.500     0.0000E+00
     541.500  3937.500     0.0000E+00
     542.500  3937.500     0.0000E+00
     543.500  3937.500     0.0000E+00
     544.500  3937.500     0.0000E+00
     495.500  3938.500     0.0000E+00
     496.500  3938.500     0.0000E+00
     497.500  3938.500     0.0000E+00
     498.500  3938.500     0.0000E+00
     499.500  3938.500     0.0000E+00
     500.500  3938.500     0.0000E+00
     501.500  3938.500     0.0000E+00
     502.500  3938.500     0.0000E+00
     503.500  3938.500     0.0000E+00
     504.500  3938.500     0.0000E+00
     505.500  3938.500     0.0000E+00
     506.500  3938.500     0.0000E+00
     507.500  3938.500     0.0000E+00
     508.500  3938.500     0.0000E+00
     509.500  3938.500     0.0000E+00
     510.500  3938.500     0.0000E+00
     511.500  3938.500     0.0000E+00
     512.500  3938.500     0.0000E+00
     513.500  3938.500     0.0000E+00
     514.500  3938.500     0.0000E+00
     515.500  3938.500     0.0000E+00
     516.500  3938.500     0.0000E+00
     517.500  3938.500     0.0000E+00
     518.500  3938.500     0.0000E+00
     519.500  3938.500     0.0000E+00
     520.500  3938.500     0.0000E+00
     521.500  3938.500     0.0000E+00
     522.500  3938.500     0.0000E+00
     523.500  3938.500     0.0000E+00
     524.500  3938.500     0.0000E+00
     525.500  3938.500     0.0000E+00
     526.500  3938.500     0.0000E+00
     527.500  3938.500     0.0000E+00
     528.500  3938.500     0.0000E+00
     529.500  3938.500     0.0000E+00
     530.500  3938.500     0.0000E+00
     531.500  3938.500     0.0000E+00
     532.500  3938.500     0.0000E+00
     533.500  3938.500     0.0000E+00
     534.500  3938.500     0.0000E+00
     535.500  3938.500     0.0000E+00
     536.500  3938.500     0.0000E+00
     537.500  3938.500     0.0000E+00
     538.500  3938.500     0.0000E+00
     539.500  3938.500     0.0000E+00
     540.500  3938.500     0.0000E+00
     541.500  3938.500     0.0000E+00
     542.500  3938.500     0.0000E+00
     543.500  3938.500     0.0000E+00
     544.500  3938.500     0.0000E+00
     495.500  3939.500     0.0000E+00
     496.500  3939.500     0.0000E+00
     497.500  3939.500     0.0000E+00
     498.500  3939.500     0.0000E+00
     499.500  3939.500     0.0000E+00
     500.500  3939.500     0.0000E+00
     501.500  3939.500     0.0000E+00
     502.500  3939.500     0.0000E+00
     503.500  3939.500     0.0000E+00
     504.500  3939.500     0.0000E+00
     505.500  3939.500     0.0000E+00
     506.500  3939.500     0.0000E+00
     507.500  3939.500     0.0000E+00
     508.500  3939.500     0.0000E+00
     509.500  3939.500     0.0000E+00
     510.500  3939.500     0.0000E+00
     511.500  3939.500     0.0000E+00
     512.500  3939.500     0.0000E+00
     513.500  3939.500     0.0000E+00
     514.500  3939.500     0.0000E+00
     515.500  3939.500     0.0000E+00
     516.500  3939.500     0.0000E+00
     517.500  3939.500     0.0000E+00
     518.500  3939.500     0.0000E+00
     519.500  3939.500     0.0000E+00
     520.500  3939.500     0.0000E+00
     521.500  3939.500     0.0000E+00
     522.500  3939.500     0.0000E+00
     523.500  3939.500     0.0000E+00
     524.500  3939.500     0.0000E+00
     525.500  3939.500     0.0000E+00
     526.500  3939.500     0.0000E+00
     527.500  3939.500     0.0000E+00
     528.500  3939.500     0.0000E+00
     529.500  3939.500     0.0000E+00
     530.500  3939.500     0.0000E+00
     531.500  3939.500     0.0000E+00
     532.500  3939.500     0.0000E+00
     533.500  3939.500     0.0000E+00
     534.500  3939.500     0.0000E+00
     535.500  3939.500     0.0000E+00
     536.500  3939.500     0.0000E+00
     537.500  3939.500     0.0000E+00
     538.500  3939.500     0.0000E+00
     539.500  3939.500     0.0000E+00
     540.500  3939.500     0.0000E+00
     541.500  3939.500     0.0000E+00
     542.500  3939.500     0.0000E+00
     543.500  3939.500     0.0000E+00
     544.500  3939.500     0.0000E+00
     495.500  3940.500     0.0000E+00
     496.500  3940.500     0.0000E+00
     497.500  3940.500     0.0000E+00
     498.500  3940.500     0.0000E+00
     499.500  3940.500     0.0000E+00
     500.500  3940.500     0.0000E+00
     501.500  3940.500     0.0000E+00
     502.500  3940.500     0.0000E+00
     503.500  3940.500     0.0000E+00
     504.500  3940.500     0.0000E+00
     505.500  3940.500     0.0000E+00
     506.500  3940.500     0.0000E+00
     507.500  3940.500     0.0000E+00
     508.500  3940.500     0.0000E+00
     509.500  3940.500     0.0000E+00
     510.500  3940.500     0.0000E+00
     511.500  3940.500     0.0000E+00
     512.500  3940.500     0.0000E+00
     513.500  3940.500     0.0000E+00
     514.500  3940.500     0.0000E+00
     515.500  3940.500     0.0000E+00
     516.500  3940.500     0.0000E+00
     517.500  3940.500     0.0000E+00
     518.500  3940.500     0.0000E+00
     519.500  3940.500     0.0000E+00
     520.500  3940.500     0.0000E+00
     521.500  3940.500     0.0000E+00
     522.500  3940.500     0.0000E+00
     523.500  3940.500     0.0000E+00
     524.500  3940.500     0.0000E+00
     525.500  3940.500     0.0000E+00
     526.500  3940.500     0.0000E+00
     527.500  3940.500     0.0000E+00
     528.500  3940.500     0.0000E+00
     529.500  3940.500     0.0000E+00
     530.500  3940.500     0.0000E+00
     531.500  3940.500     0.0000E+00
     532.500  3940.500     0.0000E+00
     533.500  3940.500     0.0000E+00
     534.500  3940.500     0.0000E+00
     535.500  3940.500     0.0000E+00
     536.500  3940.500     0.0000E+00
     537.500  3940.500     0.0000E+00
     538.500  3940.500     0.0000E+00
     539.500  3940.500     0.0000E+00
     540.500  3940.500     0.0000E+00
     541.500  3940.500     0.0000E+00
     542.500  3940.500     0.0000E+00
     543.500  3940.500     0.0000E+00
     544.500  3940.500     0.0000E+00
     495.500  3941.500     0.0000E+00
     496.500  3941.500     0.0000E+00
     497.500  3941.500     0.0000E+00
     498.500  3941.500     0.0000E+00
     499.500  3941.500     0.0000E+00
     500.500  3941.500     0.0000E+00
     501.500  3941.500     0.0000E+00
     502.500  3941.500     0.0000E+00
     503.500  3941.500     0.0000E+00
     504.500  3941.500     0.0000E+00
     505.500  3941.500     0.0000E+00
     506.500  3941.500     0.0000E+00
     507.500  3941.500     0.0000E+00
     508.500  3941.500     0.0000E+00
     509.500  3941.500     0.0000E+00
     510.500  3941.500     0.0000E+00
     511.500  3941.500     0.0000E+00
     512.500  3941.500     0.0000E+00
     513.500  3941.500     0.0000E+00
     514.500  3941.500     0.0000E+00
     515.500  3941.500     0.0000E+00
     516.500  3941.500     0.0000E+00
     517.500  3941.500     0.0000E+00
     518.500  3941.500     0.0000E+00
     519.500  3941.500     0.0000E+00
     520.500  3941.500     0.0000E+00
     521.500  3941.500     0.0000E+00
     522.500  3941.500     0.0000E+00
     523.500  3941.500     0.0000E+00
     524.500  3941.500     0.0000E+00
     525.500  3941.500     0.0000E+00
     526.500  3941.500     0.0000E+00
     527.500  3941.500     0.0000E+00
     528.500  3941.500     0.0000E+00
     529.500  3941.500     0.0000E+00
     530.500  3941.500     0.0000E+00
     531.500  3941.500     0.0000E+00
     532.500  3941.500     0.0000E+00
     533.500  3941.500     0.0000E+00
     534.500  3941.500     0.0000E+00
     535.500  3941.500     0.0000E+00
     536.500  3941.500     0.0000E+00
     537.500  3941.500     0.0000E+00
     538.500  3941.500     0.0000E+00
     539.500  3941.500     0.0000E+00
     540.500  3941.500     0.0000E+00
     541.500  3941.500     0.0000E+00
     542.500  3941.500     0.0000E+00
     543.500  3941.500     0.0000E+00
     544.500  3941.500     0.0000E+00
     495.500  3942.500     0.0000E+00
     496.500  3942.500     0.0000E+00
     497.500  3942.500     0.0000E+00
     498.500  3942.500     0.0000E+00
     499.500  3942.500     0.0000E+00
     500.500  3942.500     0.0000E+00
     501.500  3942.500     0.0000E+00
     502.500  3942.500     0.0000E+00
     503.500  3942.500     0.0000E+00
     504.500  3942.500     0.0000E+00
     505.500  3942.500     0.0000E+00
     506.500  3942.500     0.0000E+00
     507.500  3942.500     0.0000E+00
     508.500  3942.500     0.0000E+00
     509.500  3942.500     0.0000E+00
     510.500  3942.500     0.0000E+00
     511.500  3942.500     0.0000E+00
     512.500  3942.500     0.0000E+00
     513.500  3942.500     0.0000E+00
     514.500  3942.500     0.0000E+00
     515.500  3942.500     0.0000E+00
     516.500  3942.500     0.0000E+00
     517.500  3942.500     0.0000E+00
     518.500  3942.500     0.0000E+00
     519.500  3942.500     0.0000E+00
     520.500  3942.500     0.0000E+00
     521.500  3942.500     0.0000E+00
     522.500  3942.500     0.0000E+00
     523.500  3942.500     0.0000E+00
     524.500  3942.500     0.0000E+00
     525.500  3942.500     0.0000E+00
     526.500  3942.500     0.0000E+00
     527.500  3942.500     0.0000E+00
     528.500  3942.500     0.0000E+00
     529.500  3942.500     0.0000E+00
     530.500  3942.500     0.0000E+00
     531.500  3942.500     0.0000E+00
     532.500  3942.500     0.0000E+00
     533.500  3942.500     0.0000E+00
     534.500  3942.500     0.0000E+00
     535.500  3942.500     0.0000E+00
     536.500  3942.500     0.0000E+00
     537.500  3942.500     0.0000E+00
     538.500  3942.500     0.0000E+00
     539.500  3942.500     0.0000E+00
     540.500  3942.500     0.0000E+00
     541.500  3942.500     0.0000E+00
     542.500  3942.500     0.0000E+00
     543.500  3942.500     0.0000E+00
     544.500  3942.500     0.0000E+00
     495.500  3943.500     0.0000E+00
     496.500  3943.500     0.0000E+00
     497.500  3943.500     0.0000E+00
     498.500  3943.500     0.0000E+00
     499.500  3943.500     0.0000E+00
     500.500  3943.500     0.0000E+00
     501.500  3943.500     0.0000E+00
     502.500  3943.500     0.0000E+00
     503.500  3943.500     0.0000E+00
     504.500  3943.500     0.0000E+00
     505.500  3943.500     0.0000E+00
     506.500  3943.500     0.0000E+00
     507.500  3943.500     0.0000E+00
     508.500  3943.500     0.0000E+00
     509.500  3943.500     0.0000E+00
     510.500  3943.500     0.0000E+00
     511.500  3943.500     0.0000E+00
     512.500  3943.500     0.0000E+00
     513.500  3943.500     0.0000E+00
     514.500  3943.500     0.0000E+00
     515.500  3943.500     0.0000E+00
     516.500  3943.500     0.0000E+00
     517.500  3943.500     0.0000E+00
     518.500  3943.500     0.0000E+00
     519.500  3943.500     0.0000E+00
     520.500  3943.500     0.0000E+00
     521.500  3943.500     0.0000E+00
     522.500  3943.500     0.0000E+00
     523.500  3943.500     0.0000E+00
     524.500  3943.500     0.0000E+00
     525.500  3943.500     0.0000E+00
     526.500  3943.500     0.0000E+00
     527.500  3943.500     0.0000E+00
     528.500  3943.500     0.0000E+00
     529.500  3943.500     0.0000E+00
     530.500  3943.500     0.0000E+00
     531.500  3943.500     0.0000E+00
     532.500  3943.500     0.0000E+00
     533.500  3943.500     0.0000E+00
     534.500  3943.500     0.0000E+00
     535.500  3943.500     0.0000E+00
     536.500  3943.500     0.0000E+00
     537.500  3943.500     0.0000E+00
     538.500  3943.500     0.0000E+00
     539.500  3943.500     0.0000E+00
     540.500  3943.500     0.0000E+00
     541.500  3943.500     0.0000E+00
     542.500  3943.500     0.0000E+00
     543.500  3943.500     0.0000E+00
     544.500  3943.500     0.0000E+00
     495.500  3944.500     0.0000E+00
     496.500  3944.500     0.0000E+00
     497.500  3944.500     0.0000E+00
     498.500  3944.500     0.0000E+00
     499.500  3944.500     0.0000E+00
     500.500  3944.500     0.0000E+00
     501.500  3944.500     0.0000E+00
     502.500  3944.500     0.0000E+00
     503.500  3944.500     0.0000E+00
     504.500  3944.500     0.0000E+00
     505.500  3944.500     0.0000E+00
     506.500  3944.500     0.0000E+00
     507.500  3944.500     0.0000E+00
     508.500  3944.500     0.0000E+00
     509.500  3944.500     0.0000E+00
     510.500  3944.500     0.0000E+00
     511.500  3944.500     0.0000E+00
     512.500  3944.500     0.0000E+00
     513.500  3944.500     0.0000E+00
     514.500  3944.500     0.0000E+00
     515.500  3944.500     0.0000E+00
     516.500  3944.500     0.0000E+00
     517.500  3944.500     0.0000E+00
     518.500  3944.500     0.0000E+00
     519.500  3944.500     0.0000E+00
     520.500  3944.500     0.0000E+00
     521.500  3944.500     0.0000E+00
     522.500  3944.500     0.0000E+00
     523.500  3944.500     0.0000E+00
     524.500  3944.500     0.0000E+00
     525.500  3944.500     0.0000E+00
     526.500  3944.500     0.0000E+00
     527.500  3944.500     0.0000E+00
     528.500  3944.500     0.0000E+00
     529.500  3944.500     0.0000E+00
     530.500  3944.500     0.0000E+00
     531.500  3944.500     0.0000E+00
     532.500  3944.500     0.0000E+00
     533.500  3944.500     0.0000E+00
     534.500  3944.500     0.0000E+00
     535.500  3944.500     0.0000E+00
     536.500  3944.500     0.0000E+00
     537.500  3944.500     0.0000E+00
     538.500  3944.500     0.0000E+00
     539.500  3944.500     0.0000E+00
     540.500  3944.500     0.0000E+00
     541.500  3944.500     0.0000E+00
     542.500  3944.500     0.0000E+00
     543.500  3944.500     0.0000E+00
     544.500  3944.500     0.0000E+00
     495.500  3945.500     0.0000E+00
     496.500  3945.500     0.0000E+00
     497.500  3945.500     0.0000E+00
     498.500  3945.500     0.0000E+00
     499.500  3945.500     0.0000E+00
     500.500  3945.500     0.0000E+00
     501.500  3945.500     0.0000E+00
     502.500  3945.500     0.0000E+00
     503.500  3945.500     0.0000E+00
     504.500  3945.500     0.0000E+00
     505.500  3945.500     0.0000E+00
     506.500  3945.500     0.0000E+00
     507.500  3945.500     0.0000E+00
     508.500  3945.500     0.0000E+00
     509.500  3945.500     0.0000E+00
     510.500  3945.500     0.0000E+00
     511.500  3945.500     0.0000E+00
     512.500  3945.500     0.0000E+00
     513.500  3945.500     0.0000E+00
     514.500  3945.500     0.0000E+00
     515.500  3945.500     0.0000E+00
     516.500  3945.500     0.0000E+00
     517.500  3945.500     0.0000E+00
     518.500  3945.500     0.0000E+00
     519.500  3945.500     0.0000E+00
     520.500  3945.500     0.0000E+00
     521.500  3945.500     0.0000E+00
     522.500  3945.500     0.0000E+00
     523.500  3945.500     0.0000E+00
     524.500  3945.500     0.0000E+00
     525.500  3945.500     0.0000E+00
     526.500  3945.500     0.0000E+00
     527.500  3945.500     0.0000E+00
     528.500  3945.500     0.0000E+00
     529.500  3945.500     0.0000E+00
     530.500  3945.500     0.0000E+00
     531.500  3945.500     0.0000E+00
     532.500  3945.500     0.0000E+00
     533.500  3945.500     0.0000E+00
     534.500  3945.500     0.0000E+00
     535.500  3945.500     0.0000E+00
     536.500  3945.500     0.0000E+00
     537.500  3945.500     0.0000E+00
     538.500  3945.500     0.0000E+00
     539.500  3945.500     0.0000E+00
     540.500  3945.500     0.0000E+00
     541.500  3945.500     0.0000E+00
     542.500  3945.500     0.0000E+00
     543.500  3945.500     0.0000E+00
     544.500  3945.500     0.0000E+00
     495.500  3946.500     0.0000E+00
     496.500  3946.500     0.0000E+00
     497.500  3946.500     0.0000E+00
     498.500  3946.500     0.0000E+00
     499.500  3946.500     0.0000E+00
     500.500  3946.500     0.0000E+00
     501.500  3946.500     0.0000E+00
     502.500  3946.500     0.0000E+00
     503.500  3946.500     0.0000E+00
     504.500  3946.500     0.0000E+00
     505.500  3946.500     0.0000E+00
     506.500  3946.500     0.0000E+00
     507.500  3946.500     0.0000E+00
     508.500  3946.500     0.0000E+00
     509.500  3946.500     0.0000E+00
     510.500  3946.500     0.0000E+00
     511.500  3946.500     0.0000E+00
     512.500  3946.500     0.0000E+00
     513.500  3946.500     0.0000E+00
     514.500  3946.500     0.0000E+00
     515.500  3946.500     0.0000E+00
     516.500  3946.500     0.0000E+00
     517.500  3946.500     0.0000E+00
     518.500  3946.500     0.0000E+00
     519.500  3946.500     0.0000E+00
     520.500  3946.500     0.0000E+00
     521.500  3946.500     0.0000E+00
     522.500  3946.500     0.0000E+00
     523.500  3946.500     0.0000E+00
     524.500  3946.500     0.0000E+00
     525.500  3946.500     0.0000E+00
     526.500  3946.500     0.0000E+00
     527.500  3946.500     0.0000E+00
     528.500  3946.500     0.0000E+00
     529.500  3946.500     0.0000E+00
     530.500  3946.500     0.0000E+00
     531.500  3946.500     0.0000E+00
     532.500  3946.500     0.0000E+00
     533.500  3946.500     0.0000E+00
     534.500  3946.500     0.0000E+00
     535.500  3946.500     0.0000E+00
     536.500  3946.500     0.0000E+00
     537.500  3946.500     0.0000E+00
     538.500  3946.500     0.0000E+00
     539.500  3946.500     0.0000E+00
     540.500  3946.500     0.0000E+00
     541.500  3946.500     0.0000E+00
     542.500  3946.500     0.0000E+00
     543.500  3946.500     0.0000E+00
     544.500  3946.500     0.0000E+00
     495.500  3947.500     0.0000E+00
     496.500  3947.500     0.0000E+00
     497.500  3947.500     0.0000E+00
     498.500  3947.500     0.0000E+00
     499.500  3947.500     0.0000E+00
     500.500  3947.500     0.0000E+00
     501.500  3947.500     0.0000E+00
     502.500  3947.500     0.0000E+00
     503.500  3947.500     0.0000E+00
     504.500  3947.500     0.0000E+00
     505.500  3947.500     0.0000E+00
     506.500  3947.500     0.0000E+00
     507.500  3947.500     0.0000E+00
     508.500  3947.500     0.0000E+00
     509.500  3947.500     0.0000E+00
     510.500  3947.500     0.0000E+00
     511.500  3947.500     0.0000E+00
     512.500  3947.500     0.0000E+00
     513.500  3947.500     0.0000E+00
     514.500  3947.500     0.0000E+00
     515.500  3947.500     0.0000E+00
     516.500  3947.500     0.0000E+00
     517.500  3947.500     0.0000E+00
     518.500  3947.500     0.0000E+00
     519.500  3947.500     0.0000E+00
     520.500  3947.500     0.0000E+00
     521.500  3947.500     0.0000E+00
     522.500  3947.500     0.0000E+00
     523.500  3947.500     0.0000E+00
     524.500  3947.500     0.0000E+00
     525.500  3947.500     0.0000E+00
     526.500  3947.500     0.0000E+00
     527.500  3947.500     0.0000E+00
     528.500  3947.500     0.0000E+00
     529.500  3947.500     0.0000E+00
     530.500  3947.500     0.0000E+00
     531.500  3947.500     0.0000E+00
     532.500  3947.500     0.0000E+00
     533.500  3947.500     0.0000E+00
     534.500  3947.500     0.0000E+00
     535.500  3947.500     0.0000E+00
     536.500  3947.500     0.0000E+00
     537.500  3947.500     0.0000E+00
     538.500  3947.500     0.0000E+00
     539.500  3947.500     0.0000E+00
     540.500  3947.500     0.0000E+00
     541.500  3947.500     0.0000E+00
     542.500  3947.500     0.0000E+00
     543.500  3947.500     0.0000E+00
     544.500  3947.500     0.0000E+00
     495.500  3948.500     0.0000E+00
     496.500  3948.500     0.0000E+00
     497.500  3948.500     0.0000E+00
     498.500  3948.500     0.0000E+00
     499.500  3948.500     0.0000E+00
     500.500  3948.500     0.0000E+00
     501.500  3948.500     0.0000E+00
     502.500  3948.500     0.0000E+00
     503.500  3948.500     0.0000E+00
     504.500  3948.500     0.0000E+00
     505.500  3948.500     0.0000E+00
     506.500  3948.500     0.0000E+00
     507.500  3948.500     0.0000E+00
     508.500  3948.500     0.0000E+00
     509.500  3948.500     0.0000E+00
     510.500  3948.500     0.0000E+00
     511.500  3948.500     0.0000E+00
     512.500  3948.500     0.0000E+00
     513.500  3948.500     0.0000E+00
     514.500  3948.500     0.0000E+00
     515.500  3948.500     0.0000E+00
     516.500  3948.500     0.0000E+00
     517.500  3948.500     0.0000E+00
     518.500  3948.500     0.0000E+00
     519.500  3948.500     0.0000E+00
     520.500  3948.500     0.0000E+00
     521.500  3948.500     0.0000E+00
     522.500  3948.500     0.0000E+00
     523.500  3948.500     0.0000E+00
     524.500  3948.500     0.0000E+00
     525.500  3948.500     0.0000E+00
     526.500  3948.500     0.0000E+00
     527.500  3948.500     0.0000E+00
     528.500  3948.500     0.0000E+00
     529.500  3948.500     0.0000E+00
     530.500  3948.500     0.0000E+00
     531.500  3948.500     0.0000E+00
     532.500  3948.500     0.0000E+00
     533.500  3948.500     0.0000E+00
     534.500  3948.500     0.0000E+00
     535.500  3948.500     0.0000E+00
     536.500  3948.500     0.0000E+00
     537.500  3948.500     0.0000E+00
     538.500  3948.500     0.0000E+00
     539.500  3948.500     0.0000E+00
     540.500  3948.500     0.0000E+00
     541.500  3948.500     0.0000E+00
     542.500  3948.500     0.0000E+00
     543.500  3948.500     0.0000E+00
     544.500  3948.500     0.0000E+00
     495.500  3949.500     0.0000E+00
     496.500  3949.500     0.0000E+00
     497.500  3949.500     0.0000E+00
     498.500  3949.500     0.0000E+00
     499.500  3949.500     0.0000E+00
     500.500  3949.500     0.0000E+00
     501.500  3949.500     0.0000E+00
     502.500  3949.500     0.0000E+00
     503.500  3949.500     0.0000E+00
     504.500  3949.500     0.0000E+00
     505.500  3949.500     0.0000E+00
     506.500  3949.500     0.0000E+00
     507.500  3949.500     0.0000E+00
     508.500  3949.500     0.0000E+00
     509.500  3949.500     0.0000E+00
     510.500  3949.500     0.0000E+00
     511.500  3949.500     0.0000E+00
     512.500  3949.500     0.0000E+00
     513.500  3949.500     0.0000E+00
     514.500  3949.500     0.0000E+00
     515.500  3949.500     0.0000E+00
     516.500  3949.500     0.0000E+00
     517.500  3949.500     0.0000E+00
     518.500  3949.500     0.0000E+00
     519.500  3949.500     0.0000E+00
     520.500  3949.500     0.0000E+00
     521.500  3949.500     0.0000E+00
     522.500  3949.500     0.0000E+00
     523.500  3949.500     0.0000E+00
     524.500  3949.500     0.0000E+00
     525.500  3949.500     0.0000E+00
     526.500  3949.500     0.0000E+00
     527.500  3949.500     0.0000E+00
     528.500  3949.500     0.0000E+00
     529.500  3949.500     0.0000E+00
     530.500  3949.500     0.0000E+00
     531.500  3949.500     0.0000E+00
     532.500  3949.500     0.0000E+00
     533.500  3949.500     0.0000E+00
     534.500  3949.500     0.0000E+00
     535.500  3949.500     0.0000E+00
     536.500  3949.500     0.0000E+00
     537.500  3949.500     0.0000E+00
     538.500  3949.500     0.0000E+00
     539.500  3949.500     0.0000E+00
     540.500  3949.500     0.0000E+00
     541.500  3949.500     0.0000E+00
     542.500  3949.500     0.0000E+00
     543.500  3949.500     0.0000E+00
     544.500  3949.500     0.0000E+00
     495.500  3950.500     0.0000E+00
     496.500  3950.500     0.0000E+00
     497.500  3950.500     0.0000E+00
     498.500  3950.500     0.0000E+00
     499.500  3950.500     0.0000E+00
     500.500  3950.500     0.0000E+00
     501.500  3950.500     0.0000E+00
     502.500  3950.500     0.0000E+00
     503.500  3950.500     0.0000E+00
     504.500  3950.500     0.0000E+00
     505.500  3950.500     0.0000E+00
     506.500  3950.500     0.0000E+00
     507.500  3950.500     0.0000E+00
     508.500  3950.500     0.0000E+00
     509.500  3950.500     0.0000E+00
     510.500  3950.500     0.0000E+00
     511.500  3950.500     0.0000E+00
     512.500  3950.500     0.0000E+00
     513.500  3950.500     0.0000E+00
     514.500  3950.500     0.0000E+00
     515.500  3950.500     0.0000E+00
     516.500  3950.500     0.0000E+00
     517.500  3950.500     0.0000E+00
     518.500  3950.500     0.0000E+00
     519.500  3950.500     0.0000E+00
     520.500  3950.500     0.0000E+00
     521.500  3950.500     0.0000E+00
     522.500  3950.500     0.0000E+00
     523.500  3950.500     0.0000E+00
     524.500  3950.500     0.0000E+00
     525.500  3950.500     0.0000E+00
     526.500  3950.500     0.0000E+00
     527.500  3950.500     0.0000E+00
     528.500  3950.500     0.0000E+00
     529.500  3950.500     0.0000E+00
     530.500  3950.500     0.0000E+00
     531.500  3950.500     0.0000E+00
     532.500  3950.500     0.0000E+00
     533.500  3950.500     0.0000E+00
     534.500  3950.500     0.0000E+00
     535.500  3950.500     0.0000E+00
     536.500  3950.500     0.0000E+00
     537.500  3950.500     0.0000E+00
     538.500  3950.500     0.0000E+00
     539.500  3950.500     0.0000E+00
     540.500  3950.500     0.0000E+00
     541.500  3950.500     0.0000E+00
     542.500  3950.500     0.0000E+00
     543.500  3950.500     0.0000E+00
     544.500  3950.500     0.0000E+00
     495.500  3951.500     0.0000E+00
     496.500  3951.500     0.0000E+00
     497.500  3951.500     0.0000E+00
     498.500  3951.500     0.0000E+00
     499.500  3951.500     0.0000E+00
     500.500  3951.500     0.0000E+00
     501.500  3951.500     0.0000E+00
     502.500  3951.500     0.0000E+00
     503.500  3951.500     0.0000E+00
     504.500  3951.500     0.0000E+00
     505.500  3951.500     0.0000E+00
     506.500  3951.500     0.0000E+00
     507.500  3951.500     0.0000E+00
     508.500  3951.500     0.0000E+00
     509.500  3951.500     0.0000E+00
     510.500  3951.500     0.0000E+00
     511.500  3951.500     0.0000E+00
     512.500  3951.500     0.0000E+00
     513.500  3951.500     0.0000E+00
     514.500  3951.500     0.0000E+00
     515.500  3951.500     0.0000E+00
     516.500  3951.500     0.0000E+00
     517.500  3951.500     0.0000E+00
     518.500  3951.500     0.0000E+00
     519.500  3951.500     0.0000E+00
     520.500  3951.500     0.0000E+00
     521.500  3951.500     0.0000E+00
     522.500  3951.500     0.0000E+00
     523.500  3951.500     0.0000E+00
     524.500  3951.500     0.0000E+00
     525.500  3951.500     0.0000E+00
     526.500  3951.500     0.0000E+00
     527.500  3951.500     0.0000E+00
     528.500  3951.500     0.0000E+00
     529.500  3951.500     0.0000E+00
     530.500  3951.500     0.0000E+00
     531.500  3951.500     0.0000E+00
     532.500  3951.500     0.0000E+00
     533.500  3951.500     0.0000E+00
     534.500  3951.500     0.0000E+00
     535.500  3951.500     0.0000E+00
     536.500  3951.500     0.0000E+00
     537.500  3951.500     0.0000E+00
     538.500  3951.500     0.0000E+00
     539.500  3951.500     0.0000E+00
     540.500  3951.500     0.0000E+00
     541.500  3951.500     0.0000E+00
     542.500  3951.500     0.0000E+00
     543.500  3951.500     0.0000E+00
     544.500  3951.500     0.0000E+00
     495.500  3952.500     0.0000E+00
     496.500  3952.500     0.0000E+00
     497.500  3952.500     0.0000E+00
     498.500  3952.500     0.0000E+00
     499.500  3952.500     0.0000E+00
     500.500  3952.500     0.0000E+00
     501.500  3952.500     0.0000E+00
     502.500  3952.500     0.0000E+00
     503.500  3952.500     0.0000E+00
     504.500  3952.500     0.0000E+00
     505.500  3952.500     0.0000E+00
     506.500  3952.500     0.0000E+00
     507.500  3952.500     0.0000E+00
     508.500  3952.500     0.0000E+00
     509.500  3952.500     0.0000E+00
     510.500  3952.500     0.0000E+00
     511.500  3952.500     0.0000E+00
     512.500  3952.500     0.0000E+00
     513.500  3952.500     0.0000E+00
     514.500  3952.500     0.0000E+00
     515.500  3952.500     0.0000E+00
     516.500  3952.500     0.0000E+00
     517.500  3952.500     0.0000E+00
     518.500  3952.500     0.0000E+00
     519.500  3952.500     0.0000E+00
     520.500  3952.500     0.0000E+00
     521.500  3952.500     0.0000E+00
     522.500  3952.500     0.0000E+00
     523.500  3952.500     0.0000E+00
     524.500  3952.500     0.0000E+00
     525.500  3952.500     0.0000E+00
     526.500  3952.500     0.0000E+00
     527.500  3952.500     0.0000E+00
     528.500  3952.500     0.0000E+00
     529.500  3952.500     0.0000E+00
     530.500  3952.500     0.0000E+00
     531.500  3952.500     0.0000E+00
     532.500  3952.500     0.0000E+00
     533.500  3952.500     0.0000E+00
     534.500  3952.500     0.0000E+00
     535.500  3952.500     0.0000E+00
     536.500  3952.500     0.0000E+00
     537.500  3952.500     0.0000E+00
     538.500  3952.500     0.0000E+00
     539.500  3952.500     0.0000E+00
     540.500  3952.500     0.0000E+00
     541.500  3952.500     0.0000E+00
     542.500  3952.500     0.0000E+00
     543.500  3952.500     0.0000E+00
     544.500  3952.500     0.0000E+00
     495.500  3953.500     0.0000E+00
     496.500  3953.500     0.0000E+00
     497.500  3953.500     0.0000E+00
     498.500  3953.500     0.0000E+00
     499.500  3953.500     0.0000E+00
     500.500  3953.500     0.0000E+00
     501.500  3953.500     0.0000E+00
     502.500  3953.500     0.0000E+00
     503.500  3953.500     0.0000E+00
     504.500  3953.500     0.0000E+00
     505.500  3953.500     0.0000E+00
     506.500  3953.500     0.0000E+00
     507.500  3953.500     0.0000E+00
     508.500  3953.500     0.0000E+00
     509.500  3953.500     0.0000E+00
     510.500  3953.500     0.0000E+00
     511.500  3953.500     0.0000E+00
     512.500  3953.500     0.0000E+00
     513.500  3953.500     0.0000E+00
     514.500  3953.500     0.0000E+00
     515.500  3953.500     0.0000E+00
     516.500  3953.500     0.0000E+00
     517.500  3953.500     0.0000E+00
     518.500  3953.500     0.0000E+00
     519.500  3953.500     0.0000E+00
     520.500  3953.500     0.0000E+00
     521.500  3953.500     0.0000E+00
     522.500  3953.500     0.0000E+00
     523.500  3953.500     0.0000E+00
     524.500  3953.500     0.0000E+00
     525.500  3953.500     0.0000E+00
     526.500  3953.500     0.0000E+00
     527.500  3953.500     0.0000E+00
     528.500  3953.500     0.0000E+00
     529.500  3953.500     0.0000E+00
     530.500  3953.500     0.0000E+00
     531.500  3953.500     0.0000E+00
     532.500  3953.500     0.0000E+00
     533.500  3953.500     0.0000E+00
     534.500  3953.500     0.0000E+00
     535.500  3953.500     0.0000E+00
     536.500  3953.500     0.0000E+00
     537.500  3953.500     0.0000E+00
     538.500  3953.500     0.0000E+00
     539.500  3953.500     0.0000E+00
     540.500  3953.500     0.0000E+00
     541.500  3953.500     0.0000E+00
     542.500  3953.500     0.0000E+00
     543.500  3953.500     0.0000E+00
     544.500  3953.500     0.0000E+00
     495.500  3954.500     0.0000E+00
     496.500  3954.500     0.0000E+00
     497.500  3954.500     0.0000E+00
     498.500  3954.500     0.0000E+00
     499.500  3954.500     0.0000E+00
     500.500  3954.500     0.0000E+00
     501.500  3954.500     0.0000E+00
     502.500  3954.500     0.0000E+00
     503.500  3954.500     0.0000E+00
     504.500  3954.500     0.0000E+00
     505.500  3954.500     0.0000E+00
     506.500  3954.500     0.0000E+00
     507.500  3954.500     0.0000E+00
     508.500  3954.500     0.0000E+00
     509.500  3954.500     0.0000E+00
     510.500  3954.500     0.0000E+00
     511.500  3954.500     0.0000E+00
     512.500  3954.500     0.0000E+00
     513.500  3954.500     0.0000E+00
     514.500  3954.500     0.0000E+00
     515.500  3954.500     0.0000E+00
     516.500  3954.500     0.0000E+00
     517.500  3954.500     0.0000E+00
     518.500  3954.500     0.0000E+00
     519.500  3954.500     0.0000E+00
     520.500  3954.500     0.0000E+00
     521.500  3954.500     0.0000E+00
     522.500  3954.500     0.0000E+00
     523.500  3954.500     0.0000E+00
     524.500  3954.500     0.0000E+00
     525.500  3954.500     0.0000E+00
     526.500  3954.500     0.0000E+00
     527.500  3954.500     0.0000E+00
     528.500  3954.500     0.0000E+00
     529.500  3954.500     0.0000E+00
     530.500  3954.500     0.0000E+00
     531.500  3954.500     0.0000E+00
     532.500  3954.500     0.0000E+00
     533.500  3954.500     0.0000E+00
     534.500  3954.500     0.0000E+00
     535.500  3954.500     0.0000E+00
     536.500  3954.500     0.0000E+00
     537.500  3954.500     0.0000E+00
     538.500  3954.500     0.0000E+00
     539.500  3954.500     0.0000E+00
     540.500  3954.500     0.0000E+00
     541.500  3954.500     0.0000E+00
     542.500  3954.500     0.0000E+00
     543.500  3954.500     0.0000E+00
     544.500  3954.500     0.0000E+00
     523.642  3934.174     0.0000E+00
     533.661  3935.153     0.0000E+00
     534.934  3933.278     0.0000E+00
     537.941  3928.923     0.0000E+00
     539.209  3926.428     0.0000E+00
     530.687  3933.234     0.0000E+00
     528.743  3936.682     0.0000E+00
     529.379  3937.549     0.0000E+00
     527.900  3932.391     2.8159E-04
     529.626  3931.465     2.8184E-03
     530.937  3931.355     2.4359E-03
     534.513  3928.843     1.3820E-02
     530.716  3928.240     4.5445E-01
     527.755  3927.782     5.3436E-01
     530.426  3921.802     1.0293E+00
     528.551  3921.285     1.7028E-01
     529.374  3937.537     0.0000E+00
