        1   HOUR AVERAGE  CONCENTRATION VALUES AT EACH RECEPTOR  (ug/m**3)    

                   PM2.5         1

     RECEPTOR (x,y) km      VALUE
 
     495.500  3905.500     0.0000E+00
     496.500  3905.500     0.0000E+00
     497.500  3905.500     0.0000E+00
     498.500  3905.500     0.0000E+00
     499.500  3905.500     0.0000E+00
     500.500  3905.500     0.0000E+00
     501.500  3905.500     0.0000E+00
     502.500  3905.500     0.0000E+00
     503.500  3905.500     0.0000E+00
     504.500  3905.500     0.0000E+00
     505.500  3905.500     0.0000E+00
     506.500  3905.500     0.0000E+00
     507.500  3905.500     0.0000E+00
     508.500  3905.500     0.0000E+00
     509.500  3905.500     0.0000E+00
     510.500  3905.500     0.0000E+00
     511.500  3905.500     0.0000E+00
     512.500  3905.500     0.0000E+00
     513.500  3905.500     0.0000E+00
     514.500  3905.500     0.0000E+00
     515.500  3905.500     0.0000E+00
     516.500  3905.500     0.0000E+00
     517.500  3905.500     0.0000E+00
     518.500  3905.500     0.0000E+00
     519.500  3905.500     0.0000E+00
     520.500  3905.500     0.0000E+00
     521.500  3905.500     0.0000E+00
     522.500  3905.500     0.0000E+00
     523.500  3905.500     0.0000E+00
     524.500  3905.500     0.0000E+00
     525.500  3905.500     0.0000E+00
     526.500  3905.500     0.0000E+00
     527.500  3905.500     0.0000E+00
     528.500  3905.500     0.0000E+00
     529.500  3905.500     0.0000E+00
     530.500  3905.500     0.0000E+00
     531.500  3905.500     0.0000E+00
     532.500  3905.500     0.0000E+00
     533.500  3905.500     0.0000E+00
     534.500  3905.500     0.0000E+00
     535.500  3905.500     0.0000E+00
     536.500  3905.500     0.0000E+00
     537.500  3905.500     0.0000E+00
     538.500  3905.500     0.0000E+00
     539.500  3905.500     0.0000E+00
     540.500  3905.500     0.0000E+00
     541.500  3905.500     0.0000E+00
     542.500  3905.500     0.0000E+00
     543.500  3905.500     0.0000E+00
     544.500  3905.500     0.0000E+00
     495.500  3906.500     0.0000E+00
     496.500  3906.500     0.0000E+00
     497.500  3906.500     0.0000E+00
     498.500  3906.500     0.0000E+00
     499.500  3906.500     0.0000E+00
     500.500  3906.500     0.0000E+00
     501.500  3906.500     0.0000E+00
     502.500  3906.500     0.0000E+00
     503.500  3906.500     0.0000E+00
     504.500  3906.500     0.0000E+00
     505.500  3906.500     0.0000E+00
     506.500  3906.500     0.0000E+00
     507.500  3906.500     0.0000E+00
     508.500  3906.500     0.0000E+00
     509.500  3906.500     0.0000E+00
     510.500  3906.500     0.0000E+00
     511.500  3906.500     0.0000E+00
     512.500  3906.500     0.0000E+00
     513.500  3906.500     0.0000E+00
     514.500  3906.500     0.0000E+00
     515.500  3906.500     0.0000E+00
     516.500  3906.500     0.0000E+00
     517.500  3906.500     0.0000E+00
     518.500  3906.500     0.0000E+00
     519.500  3906.500     0.0000E+00
     520.500  3906.500     0.0000E+00
     521.500  3906.500     0.0000E+00
     522.500  3906.500     0.0000E+00
     523.500  3906.500     0.0000E+00
     524.500  3906.500     0.0000E+00
     525.500  3906.500     0.0000E+00
     526.500  3906.500     0.0000E+00
     527.500  3906.500     0.0000E+00
     528.500  3906.500     0.0000E+00
     529.500  3906.500     0.0000E+00
     530.500  3906.500     0.0000E+00
     531.500  3906.500     0.0000E+00
     532.500  3906.500     0.0000E+00
     533.500  3906.500     0.0000E+00
     534.500  3906.500     0.0000E+00
     535.500  3906.500     0.0000E+00
     536.500  3906.500     0.0000E+00
     537.500  3906.500     0.0000E+00
     538.500  3906.500     0.0000E+00
     539.500  3906.500     0.0000E+00
     540.500  3906.500     0.0000E+00
     541.500  3906.500     0.0000E+00
     542.500  3906.500     0.0000E+00
     543.500  3906.500     0.0000E+00
     544.500  3906.500     0.0000E+00
     495.500  3907.500     0.0000E+00
     496.500  3907.500     0.0000E+00
     497.500  3907.500     0.0000E+00
     498.500  3907.500     0.0000E+00
     499.500  3907.500     0.0000E+00
     500.500  3907.500     0.0000E+00
     501.500  3907.500     0.0000E+00
     502.500  3907.500     0.0000E+00
     503.500  3907.500     0.0000E+00
     504.500  3907.500     0.0000E+00
     505.500  3907.500     0.0000E+00
     506.500  3907.500     0.0000E+00
     507.500  3907.500     0.0000E+00
     508.500  3907.500     0.0000E+00
     509.500  3907.500     0.0000E+00
     510.500  3907.500     0.0000E+00
     511.500  3907.500     0.0000E+00
     512.500  3907.500     0.0000E+00
     513.500  3907.500     0.0000E+00
     514.500  3907.500     0.0000E+00
     515.500  3907.500     0.0000E+00
     516.500  3907.500     0.0000E+00
     517.500  3907.500     0.0000E+00
     518.500  3907.500     0.0000E+00
     519.500  3907.500     0.0000E+00
     520.500  3907.500     0.0000E+00
     521.500  3907.500     0.0000E+00
     522.500  3907.500     0.0000E+00
     523.500  3907.500     0.0000E+00
     524.500  3907.500     0.0000E+00
     525.500  3907.500     0.0000E+00
     526.500  3907.500     0.0000E+00
     527.500  3907.500     0.0000E+00
     528.500  3907.500     0.0000E+00
     529.500  3907.500     0.0000E+00
     530.500  3907.500     0.0000E+00
     531.500  3907.500     0.0000E+00
     532.500  3907.500     0.0000E+00
     533.500  3907.500     0.0000E+00
     534.500  3907.500     0.0000E+00
     535.500  3907.500     0.0000E+00
     536.500  3907.500     0.0000E+00
     537.500  3907.500     0.0000E+00
     538.500  3907.500     0.0000E+00
     539.500  3907.500     0.0000E+00
     540.500  3907.500     0.0000E+00
     541.500  3907.500     0.0000E+00
     542.500  3907.500     0.0000E+00
     543.500  3907.500     0.0000E+00
     544.500  3907.500     0.0000E+00
     495.500  3908.500     0.0000E+00
     496.500  3908.500     0.0000E+00
     497.500  3908.500     0.0000E+00
     498.500  3908.500     0.0000E+00
     499.500  3908.500     0.0000E+00
     500.500  3908.500     0.0000E+00
     501.500  3908.500     0.0000E+00
     502.500  3908.500     0.0000E+00
     503.500  3908.500     0.0000E+00
     504.500  3908.500     0.0000E+00
     505.500  3908.500     0.0000E+00
     506.500  3908.500     0.0000E+00
     507.500  3908.500     0.0000E+00
     508.500  3908.500     0.0000E+00
     509.500  3908.500     0.0000E+00
     510.500  3908.500     0.0000E+00
     511.500  3908.500     0.0000E+00
     512.500  3908.500     0.0000E+00
     513.500  3908.500     0.0000E+00
     514.500  3908.500     0.0000E+00
     515.500  3908.500     0.0000E+00
     516.500  3908.500     0.0000E+00
     517.500  3908.500     0.0000E+00
     518.500  3908.500     0.0000E+00
     519.500  3908.500     0.0000E+00
     520.500  3908.500     0.0000E+00
     521.500  3908.500     0.0000E+00
     522.500  3908.500     0.0000E+00
     523.500  3908.500     0.0000E+00
     524.500  3908.500     0.0000E+00
     525.500  3908.500     0.0000E+00
     526.500  3908.500     0.0000E+00
     527.500  3908.500     0.0000E+00
     528.500  3908.500     0.0000E+00
     529.500  3908.500     0.0000E+00
     530.500  3908.500     0.0000E+00
     531.500  3908.500     0.0000E+00
     532.500  3908.500     0.0000E+00
     533.500  3908.500     0.0000E+00
     534.500  3908.500     0.0000E+00
     535.500  3908.500     0.0000E+00
     536.500  3908.500     0.0000E+00
     537.500  3908.500     0.0000E+00
     538.500  3908.500     0.0000E+00
     539.500  3908.500     0.0000E+00
     540.500  3908.500     0.0000E+00
     541.500  3908.500     0.0000E+00
     542.500  3908.500     0.0000E+00
     543.500  3908.500     0.0000E+00
     544.500  3908.500     0.0000E+00
     495.500  3909.500     0.0000E+00
     496.500  3909.500     0.0000E+00
     497.500  3909.500     0.0000E+00
     498.500  3909.500     0.0000E+00
     499.500  3909.500     0.0000E+00
     500.500  3909.500     0.0000E+00
     501.500  3909.500     0.0000E+00
     502.500  3909.500     0.0000E+00
     503.500  3909.500     0.0000E+00
     504.500  3909.500     0.0000E+00
     505.500  3909.500     0.0000E+00
     506.500  3909.500     0.0000E+00
     507.500  3909.500     0.0000E+00
     508.500  3909.500     0.0000E+00
     509.500  3909.500     0.0000E+00
     510.500  3909.500     0.0000E+00
     511.500  3909.500     0.0000E+00
     512.500  3909.500     0.0000E+00
     513.500  3909.500     0.0000E+00
     514.500  3909.500     0.0000E+00
     515.500  3909.500     0.0000E+00
     516.500  3909.500     0.0000E+00
     517.500  3909.500     0.0000E+00
     518.500  3909.500     0.0000E+00
     519.500  3909.500     0.0000E+00
     520.500  3909.500     0.0000E+00
     521.500  3909.500     0.0000E+00
     522.500  3909.500     0.0000E+00
     523.500  3909.500     0.0000E+00
     524.500  3909.500     0.0000E+00
     525.500  3909.500     0.0000E+00
     526.500  3909.500     0.0000E+00
     527.500  3909.500     0.0000E+00
     528.500  3909.500     0.0000E+00
     529.500  3909.500     0.0000E+00
     530.500  3909.500     0.0000E+00
     531.500  3909.500     0.0000E+00
     532.500  3909.500     0.0000E+00
     533.500  3909.500     0.0000E+00
     534.500  3909.500     0.0000E+00
     535.500  3909.500     0.0000E+00
     536.500  3909.500     0.0000E+00
     537.500  3909.500     0.0000E+00
     538.500  3909.500     0.0000E+00
     539.500  3909.500     0.0000E+00
     540.500  3909.500     0.0000E+00
     541.500  3909.500     0.0000E+00
     542.500  3909.500     0.0000E+00
     543.500  3909.500     0.0000E+00
     544.500  3909.500     0.0000E+00
     495.500  3910.500     0.0000E+00
     496.500  3910.500     0.0000E+00
     497.500  3910.500     0.0000E+00
     498.500  3910.500     0.0000E+00
     499.500  3910.500     0.0000E+00
     500.500  3910.500     0.0000E+00
     501.500  3910.500     0.0000E+00
     502.500  3910.500     0.0000E+00
     503.500  3910.500     0.0000E+00
     504.500  3910.500     0.0000E+00
     505.500  3910.500     0.0000E+00
     506.500  3910.500     0.0000E+00
     507.500  3910.500     0.0000E+00
     508.500  3910.500     0.0000E+00
     509.500  3910.500     0.0000E+00
     510.500  3910.500     0.0000E+00
     511.500  3910.500     0.0000E+00
     512.500  3910.500     0.0000E+00
     513.500  3910.500     0.0000E+00
     514.500  3910.500     0.0000E+00
     515.500  3910.500     0.0000E+00
     516.500  3910.500     0.0000E+00
     517.500  3910.500     0.0000E+00
     518.500  3910.500     0.0000E+00
     519.500  3910.500     0.0000E+00
     520.500  3910.500     0.0000E+00
     521.500  3910.500     0.0000E+00
     522.500  3910.500     0.0000E+00
     523.500  3910.500     0.0000E+00
     524.500  3910.500     0.0000E+00
     525.500  3910.500     0.0000E+00
     526.500  3910.500     0.0000E+00
     527.500  3910.500     0.0000E+00
     528.500  3910.500     0.0000E+00
     529.500  3910.500     0.0000E+00
     530.500  3910.500     0.0000E+00
     531.500  3910.500     0.0000E+00
     532.500  3910.500     0.0000E+00
     533.500  3910.500     0.0000E+00
     534.500  3910.500     0.0000E+00
     535.500  3910.500     0.0000E+00
     536.500  3910.500     0.0000E+00
     537.500  3910.500     0.0000E+00
     538.500  3910.500     0.0000E+00
     539.500  3910.500     0.0000E+00
     540.500  3910.500     0.0000E+00
     541.500  3910.500     0.0000E+00
     542.500  3910.500     0.0000E+00
     543.500  3910.500     0.0000E+00
     544.500  3910.500     0.0000E+00
     495.500  3911.500     0.0000E+00
     496.500  3911.500     0.0000E+00
     497.500  3911.500     0.0000E+00
     498.500  3911.500     0.0000E+00
     499.500  3911.500     0.0000E+00
     500.500  3911.500     0.0000E+00
     501.500  3911.500     0.0000E+00
     502.500  3911.500     0.0000E+00
     503.500  3911.500     0.0000E+00
     504.500  3911.500     0.0000E+00
     505.500  3911.500     0.0000E+00
     506.500  3911.500     0.0000E+00
     507.500  3911.500     0.0000E+00
     508.500  3911.500     0.0000E+00
     509.500  3911.500     0.0000E+00
     510.500  3911.500     0.0000E+00
     511.500  3911.500     0.0000E+00
     512.500  3911.500     0.0000E+00
     513.500  3911.500     0.0000E+00
     514.500  3911.500     0.0000E+00
     515.500  3911.500     0.0000E+00
     516.500  3911.500     0.0000E+00
     517.500  3911.500     0.0000E+00
     518.500  3911.500     0.0000E+00
     519.500  3911.500     0.0000E+00
     520.500  3911.500     0.0000E+00
     521.500  3911.500     0.0000E+00
     522.500  3911.500     0.0000E+00
     523.500  3911.500     0.0000E+00
     524.500  3911.500     0.0000E+00
     525.500  3911.500     0.0000E+00
     526.500  3911.500     0.0000E+00
     527.500  3911.500     0.0000E+00
     528.500  3911.500     0.0000E+00
     529.500  3911.500     0.0000E+00
     530.500  3911.500     0.0000E+00
     531.500  3911.500     0.0000E+00
     532.500  3911.500     0.0000E+00
     533.500  3911.500     0.0000E+00
     534.500  3911.500     0.0000E+00
     535.500  3911.500     0.0000E+00
     536.500  3911.500     0.0000E+00
     537.500  3911.500     0.0000E+00
     538.500  3911.500     0.0000E+00
     539.500  3911.500     0.0000E+00
     540.500  3911.500     0.0000E+00
     541.500  3911.500     0.0000E+00
     542.500  3911.500     0.0000E+00
     543.500  3911.500     0.0000E+00
     544.500  3911.500     0.0000E+00
     495.500  3912.500     0.0000E+00
     496.500  3912.500     0.0000E+00
     497.500  3912.500     0.0000E+00
     498.500  3912.500     0.0000E+00
     499.500  3912.500     0.0000E+00
     500.500  3912.500     0.0000E+00
     501.500  3912.500     0.0000E+00
     502.500  3912.500     0.0000E+00
     503.500  3912.500     0.0000E+00
     504.500  3912.500     0.0000E+00
     505.500  3912.500     0.0000E+00
     506.500  3912.500     0.0000E+00
     507.500  3912.500     0.0000E+00
     508.500  3912.500     0.0000E+00
     509.500  3912.500     0.0000E+00
     510.500  3912.500     0.0000E+00
     511.500  3912.500     0.0000E+00
     512.500  3912.500     0.0000E+00
     513.500  3912.500     0.0000E+00
     514.500  3912.500     0.0000E+00
     515.500  3912.500     0.0000E+00
     516.500  3912.500     0.0000E+00
     517.500  3912.500     0.0000E+00
     518.500  3912.500     0.0000E+00
     519.500  3912.500     0.0000E+00
     520.500  3912.500     0.0000E+00
     521.500  3912.500     0.0000E+00
     522.500  3912.500     0.0000E+00
     523.500  3912.500     0.0000E+00
     524.500  3912.500     0.0000E+00
     525.500  3912.500     0.0000E+00
     526.500  3912.500     0.0000E+00
     527.500  3912.500     0.0000E+00
     528.500  3912.500     0.0000E+00
     529.500  3912.500     0.0000E+00
     530.500  3912.500     0.0000E+00
     531.500  3912.500     0.0000E+00
     532.500  3912.500     0.0000E+00
     533.500  3912.500     0.0000E+00
     534.500  3912.500     0.0000E+00
     535.500  3912.500     0.0000E+00
     536.500  3912.500     0.0000E+00
     537.500  3912.500     0.0000E+00
     538.500  3912.500     0.0000E+00
     539.500  3912.500     0.0000E+00
     540.500  3912.500     0.0000E+00
     541.500  3912.500     0.0000E+00
     542.500  3912.500     0.0000E+00
     543.500  3912.500     0.0000E+00
     544.500  3912.500     0.0000E+00
     495.500  3913.500     0.0000E+00
     496.500  3913.500     0.0000E+00
     497.500  3913.500     0.0000E+00
     498.500  3913.500     0.0000E+00
     499.500  3913.500     0.0000E+00
     500.500  3913.500     0.0000E+00
     501.500  3913.500     0.0000E+00
     502.500  3913.500     0.0000E+00
     503.500  3913.500     0.0000E+00
     504.500  3913.500     0.0000E+00
     505.500  3913.500     0.0000E+00
     506.500  3913.500     0.0000E+00
     507.500  3913.500     0.0000E+00
     508.500  3913.500     0.0000E+00
     509.500  3913.500     0.0000E+00
     510.500  3913.500     0.0000E+00
     511.500  3913.500     0.0000E+00
     512.500  3913.500     0.0000E+00
     513.500  3913.500     0.0000E+00
     514.500  3913.500     0.0000E+00
     515.500  3913.500     0.0000E+00
     516.500  3913.500     0.0000E+00
     517.500  3913.500     0.0000E+00
     518.500  3913.500     0.0000E+00
     519.500  3913.500     0.0000E+00
     520.500  3913.500     0.0000E+00
     521.500  3913.500     0.0000E+00
     522.500  3913.500     0.0000E+00
     523.500  3913.500     0.0000E+00
     524.500  3913.500     0.0000E+00
     525.500  3913.500     0.0000E+00
     526.500  3913.500     0.0000E+00
     527.500  3913.500     0.0000E+00
     528.500  3913.500     0.0000E+00
     529.500  3913.500     0.0000E+00
     530.500  3913.500     0.0000E+00
     531.500  3913.500     0.0000E+00
     532.500  3913.500     0.0000E+00
     533.500  3913.500     0.0000E+00
     534.500  3913.500     0.0000E+00
     535.500  3913.500     0.0000E+00
     536.500  3913.500     0.0000E+00
     537.500  3913.500     0.0000E+00
     538.500  3913.500     0.0000E+00
     539.500  3913.500     0.0000E+00
     540.500  3913.500     0.0000E+00
     541.500  3913.500     0.0000E+00
     542.500  3913.500     0.0000E+00
     543.500  3913.500     0.0000E+00
     544.500  3913.500     0.0000E+00
     495.500  3914.500     0.0000E+00
     496.500  3914.500     0.0000E+00
     497.500  3914.500     0.0000E+00
     498.500  3914.500     0.0000E+00
     499.500  3914.500     0.0000E+00
     500.500  3914.500     0.0000E+00
     501.500  3914.500     0.0000E+00
     502.500  3914.500     0.0000E+00
     503.500  3914.500     0.0000E+00
     504.500  3914.500     0.0000E+00
     505.500  3914.500     0.0000E+00
     506.500  3914.500     0.0000E+00
     507.500  3914.500     0.0000E+00
     508.500  3914.500     0.0000E+00
     509.500  3914.500     0.0000E+00
     510.500  3914.500     0.0000E+00
     511.500  3914.500     0.0000E+00
     512.500  3914.500     0.0000E+00
     513.500  3914.500     0.0000E+00
     514.500  3914.500     0.0000E+00
     515.500  3914.500     0.0000E+00
     516.500  3914.500     0.0000E+00
     517.500  3914.500     0.0000E+00
     518.500  3914.500     0.0000E+00
     519.500  3914.500     0.0000E+00
     520.500  3914.500     0.0000E+00
     521.500  3914.500     0.0000E+00
     522.500  3914.500     0.0000E+00
     523.500  3914.500     0.0000E+00
     524.500  3914.500     0.0000E+00
     525.500  3914.500     0.0000E+00
     526.500  3914.500     0.0000E+00
     527.500  3914.500     0.0000E+00
     528.500  3914.500     0.0000E+00
     529.500  3914.500     0.0000E+00
     530.500  3914.500     0.0000E+00
     531.500  3914.500     0.0000E+00
     532.500  3914.500     0.0000E+00
     533.500  3914.500     0.0000E+00
     534.500  3914.500     0.0000E+00
     535.500  3914.500     0.0000E+00
     536.500  3914.500     0.0000E+00
     537.500  3914.500     0.0000E+00
     538.500  3914.500     0.0000E+00
     539.500  3914.500     0.0000E+00
     540.500  3914.500     0.0000E+00
     541.500  3914.500     0.0000E+00
     542.500  3914.500     0.0000E+00
     543.500  3914.500     0.0000E+00
     544.500  3914.500     0.0000E+00
     495.500  3915.500     0.0000E+00
     496.500  3915.500     0.0000E+00
     497.500  3915.500     0.0000E+00
     498.500  3915.500     0.0000E+00
     499.500  3915.500     0.0000E+00
     500.500  3915.500     0.0000E+00
     501.500  3915.500     0.0000E+00
     502.500  3915.500     0.0000E+00
     503.500  3915.500     0.0000E+00
     504.500  3915.500     0.0000E+00
     505.500  3915.500     0.0000E+00
     506.500  3915.500     0.0000E+00
     507.500  3915.500     0.0000E+00
     508.500  3915.500     0.0000E+00
     509.500  3915.500     0.0000E+00
     510.500  3915.500     0.0000E+00
     511.500  3915.500     0.0000E+00
     512.500  3915.500     0.0000E+00
     513.500  3915.500     0.0000E+00
     514.500  3915.500     0.0000E+00
     515.500  3915.500     0.0000E+00
     516.500  3915.500     0.0000E+00
     517.500  3915.500     0.0000E+00
     518.500  3915.500     0.0000E+00
     519.500  3915.500     0.0000E+00
     520.500  3915.500     0.0000E+00
     521.500  3915.500     0.0000E+00
     522.500  3915.500     0.0000E+00
     523.500  3915.500     0.0000E+00
     524.500  3915.500     0.0000E+00
     525.500  3915.500     0.0000E+00
     526.500  3915.500     0.0000E+00
     527.500  3915.500     0.0000E+00
     528.500  3915.500     0.0000E+00
     529.500  3915.500     0.0000E+00
     530.500  3915.500     0.0000E+00
     531.500  3915.500     0.0000E+00
     532.500  3915.500     0.0000E+00
     533.500  3915.500     0.0000E+00
     534.500  3915.500     0.0000E+00
     535.500  3915.500     0.0000E+00
     536.500  3915.500     0.0000E+00
     537.500  3915.500     0.0000E+00
     538.500  3915.500     0.0000E+00
     539.500  3915.500     0.0000E+00
     540.500  3915.500     0.0000E+00
     541.500  3915.500     0.0000E+00
     542.500  3915.500     0.0000E+00
     543.500  3915.500     0.0000E+00
     544.500  3915.500     0.0000E+00
     495.500  3916.500     0.0000E+00
     496.500  3916.500     0.0000E+00
     497.500  3916.500     0.0000E+00
     498.500  3916.500     0.0000E+00
     499.500  3916.500     0.0000E+00
     500.500  3916.500     0.0000E+00
     501.500  3916.500     0.0000E+00
     502.500  3916.500     0.0000E+00
     503.500  3916.500     0.0000E+00
     504.500  3916.500     0.0000E+00
     505.500  3916.500     0.0000E+00
     506.500  3916.500     0.0000E+00
     507.500  3916.500     0.0000E+00
     508.500  3916.500     0.0000E+00
     509.500  3916.500     0.0000E+00
     510.500  3916.500     0.0000E+00
     511.500  3916.500     0.0000E+00
     512.500  3916.500     0.0000E+00
     513.500  3916.500     0.0000E+00
     514.500  3916.500     0.0000E+00
     515.500  3916.500     0.0000E+00
     516.500  3916.500     0.0000E+00
     517.500  3916.500     0.0000E+00
     518.500  3916.500     0.0000E+00
     519.500  3916.500     0.0000E+00
     520.500  3916.500     0.0000E+00
     521.500  3916.500     0.0000E+00
     522.500  3916.500     0.0000E+00
     523.500  3916.500     0.0000E+00
     524.500  3916.500     0.0000E+00
     525.500  3916.500     0.0000E+00
     526.500  3916.500     0.0000E+00
     527.500  3916.500     0.0000E+00
     528.500  3916.500     0.0000E+00
     529.500  3916.500     0.0000E+00
     530.500  3916.500     0.0000E+00
     531.500  3916.500     0.0000E+00
     532.500  3916.500     0.0000E+00
     533.500  3916.500     0.0000E+00
     534.500  3916.500     0.0000E+00
     535.500  3916.500     0.0000E+00
     536.500  3916.500     0.0000E+00
     537.500  3916.500     0.0000E+00
     538.500  3916.500     0.0000E+00
     539.500  3916.500     0.0000E+00
     540.500  3916.500     0.0000E+00
     541.500  3916.500     0.0000E+00
     542.500  3916.500     0.0000E+00
     543.500  3916.500     0.0000E+00
     544.500  3916.500     0.0000E+00
     495.500  3917.500     0.0000E+00
     496.500  3917.500     0.0000E+00
     497.500  3917.500     0.0000E+00
     498.500  3917.500     0.0000E+00
     499.500  3917.500     0.0000E+00
     500.500  3917.500     0.0000E+00
     501.500  3917.500     0.0000E+00
     502.500  3917.500     0.0000E+00
     503.500  3917.500     0.0000E+00
     504.500  3917.500     0.0000E+00
     505.500  3917.500     0.0000E+00
     506.500  3917.500     0.0000E+00
     507.500  3917.500     0.0000E+00
     508.500  3917.500     0.0000E+00
     509.500  3917.500     0.0000E+00
     510.500  3917.500     0.0000E+00
     511.500  3917.500     0.0000E+00
     512.500  3917.500     0.0000E+00
     513.500  3917.500     0.0000E+00
     514.500  3917.500     0.0000E+00
     515.500  3917.500     0.0000E+00
     516.500  3917.500     0.0000E+00
     517.500  3917.500     0.0000E+00
     518.500  3917.500     0.0000E+00
     519.500  3917.500     0.0000E+00
     520.500  3917.500     0.0000E+00
     521.500  3917.500     0.0000E+00
     522.500  3917.500     0.0000E+00
     523.500  3917.500     0.0000E+00
     524.500  3917.500     0.0000E+00
     525.500  3917.500     0.0000E+00
     526.500  3917.500     0.0000E+00
     527.500  3917.500     0.0000E+00
     528.500  3917.500     0.0000E+00
     529.500  3917.500     0.0000E+00
     530.500  3917.500     0.0000E+00
     531.500  3917.500     0.0000E+00
     532.500  3917.500     0.0000E+00
     533.500  3917.500     0.0000E+00
     534.500  3917.500     0.0000E+00
     535.500  3917.500     0.0000E+00
     536.500  3917.500     0.0000E+00
     537.500  3917.500     0.0000E+00
     538.500  3917.500     0.0000E+00
     539.500  3917.500     0.0000E+00
     540.500  3917.500     0.0000E+00
     541.500  3917.500     0.0000E+00
     542.500  3917.500     0.0000E+00
     543.500  3917.500     0.0000E+00
     544.500  3917.500     0.0000E+00
     495.500  3918.500     0.0000E+00
     496.500  3918.500     0.0000E+00
     497.500  3918.500     0.0000E+00
     498.500  3918.500     0.0000E+00
     499.500  3918.500     0.0000E+00
     500.500  3918.500     0.0000E+00
     501.500  3918.500     0.0000E+00
     502.500  3918.500     0.0000E+00
     503.500  3918.500     0.0000E+00
     504.500  3918.500     0.0000E+00
     505.500  3918.500     0.0000E+00
     506.500  3918.500     0.0000E+00
     507.500  3918.500     0.0000E+00
     508.500  3918.500     0.0000E+00
     509.500  3918.500     0.0000E+00
     510.500  3918.500     0.0000E+00
     511.500  3918.500     0.0000E+00
     512.500  3918.500     0.0000E+00
     513.500  3918.500     0.0000E+00
     514.500  3918.500     0.0000E+00
     515.500  3918.500     0.0000E+00
     516.500  3918.500     0.0000E+00
     517.500  3918.500     0.0000E+00
     518.500  3918.500     0.0000E+00
     519.500  3918.500     0.0000E+00
     520.500  3918.500     0.0000E+00
     521.500  3918.500     0.0000E+00
     522.500  3918.500     0.0000E+00
     523.500  3918.500     0.0000E+00
     524.500  3918.500     0.0000E+00
     525.500  3918.500     0.0000E+00
     526.500  3918.500     0.0000E+00
     527.500  3918.500     0.0000E+00
     528.500  3918.500     0.0000E+00
     529.500  3918.500     0.0000E+00
     530.500  3918.500     0.0000E+00
     531.500  3918.500     0.0000E+00
     532.500  3918.500     0.0000E+00
     533.500  3918.500     0.0000E+00
     534.500  3918.500     0.0000E+00
     535.500  3918.500     0.0000E+00
     536.500  3918.500     0.0000E+00
     537.500  3918.500     0.0000E+00
     538.500  3918.500     0.0000E+00
     539.500  3918.500     0.0000E+00
     540.500  3918.500     0.0000E+00
     541.500  3918.500     0.0000E+00
     542.500  3918.500     0.0000E+00
     543.500  3918.500     0.0000E+00
     544.500  3918.500     0.0000E+00
     495.500  3919.500     0.0000E+00
     496.500  3919.500     0.0000E+00
     497.500  3919.500     0.0000E+00
     498.500  3919.500     0.0000E+00
     499.500  3919.500     0.0000E+00
     500.500  3919.500     0.0000E+00
     501.500  3919.500     0.0000E+00
     502.500  3919.500     0.0000E+00
     503.500  3919.500     0.0000E+00
     504.500  3919.500     0.0000E+00
     505.500  3919.500     0.0000E+00
     506.500  3919.500     0.0000E+00
     507.500  3919.500     0.0000E+00
     508.500  3919.500     0.0000E+00
     509.500  3919.500     0.0000E+00
     510.500  3919.500     0.0000E+00
     511.500  3919.500     0.0000E+00
     512.500  3919.500     0.0000E+00
     513.500  3919.500     0.0000E+00
     514.500  3919.500     0.0000E+00
     515.500  3919.500     0.0000E+00
     516.500  3919.500     0.0000E+00
     517.500  3919.500     0.0000E+00
     518.500  3919.500     0.0000E+00
     519.500  3919.500     0.0000E+00
     520.500  3919.500     0.0000E+00
     521.500  3919.500     0.0000E+00
     522.500  3919.500     0.0000E+00
     523.500  3919.500     0.0000E+00
     524.500  3919.500     0.0000E+00
     525.500  3919.500     0.0000E+00
     526.500  3919.500     0.0000E+00
     527.500  3919.500     0.0000E+00
     528.500  3919.500     0.0000E+00
     529.500  3919.500     0.0000E+00
     530.500  3919.500     6.9074E-01
     531.500  3919.500     4.6955E-02
     532.500  3919.500     0.0000E+00
     533.500  3919.500     0.0000E+00
     534.500  3919.500     0.0000E+00
     535.500  3919.500     0.0000E+00
     536.500  3919.500     0.0000E+00
     537.500  3919.500     0.0000E+00
     538.500  3919.500     0.0000E+00
     539.500  3919.500     0.0000E+00
     540.500  3919.500     0.0000E+00
     541.500  3919.500     0.0000E+00
     542.500  3919.500     0.0000E+00
     543.500  3919.500     0.0000E+00
     544.500  3919.500     0.0000E+00
     495.500  3920.500     0.0000E+00
     496.500  3920.500     0.0000E+00
     497.500  3920.500     0.0000E+00
     498.500  3920.500     0.0000E+00
     499.500  3920.500     0.0000E+00
     500.500  3920.500     0.0000E+00
     501.500  3920.500     0.0000E+00
     502.500  3920.500     0.0000E+00
     503.500  3920.500     0.0000E+00
     504.500  3920.500     0.0000E+00
     505.500  3920.500     0.0000E+00
     506.500  3920.500     0.0000E+00
     507.500  3920.500     0.0000E+00
     508.500  3920.500     0.0000E+00
     509.500  3920.500     0.0000E+00
     510.500  3920.500     0.0000E+00
     511.500  3920.500     0.0000E+00
     512.500  3920.500     0.0000E+00
     513.500  3920.500     0.0000E+00
     514.500  3920.500     0.0000E+00
     515.500  3920.500     0.0000E+00
     516.500  3920.500     0.0000E+00
     517.500  3920.500     0.0000E+00
     518.500  3920.500     0.0000E+00
     519.500  3920.500     0.0000E+00
     520.500  3920.500     0.0000E+00
     521.500  3920.500     0.0000E+00
     522.500  3920.500     0.0000E+00
     523.500  3920.500     0.0000E+00
     524.500  3920.500     0.0000E+00
     525.500  3920.500     0.0000E+00
     526.500  3920.500     0.0000E+00
     527.500  3920.500     0.0000E+00
     528.500  3920.500     0.0000E+00
     529.500  3920.500     5.2481E-02
     530.500  3920.500     2.5243E-01
     531.500  3920.500     6.6553E-02
     532.500  3920.500     0.0000E+00
     533.500  3920.500     0.0000E+00
     534.500  3920.500     0.0000E+00
     535.500  3920.500     0.0000E+00
     536.500  3920.500     0.0000E+00
     537.500  3920.500     0.0000E+00
     538.500  3920.500     0.0000E+00
     539.500  3920.500     0.0000E+00
     540.500  3920.500     0.0000E+00
     541.500  3920.500     0.0000E+00
     542.500  3920.500     0.0000E+00
     543.500  3920.500     0.0000E+00
     544.500  3920.500     0.0000E+00
     495.500  3921.500     0.0000E+00
     496.500  3921.500     0.0000E+00
     497.500  3921.500     0.0000E+00
     498.500  3921.500     0.0000E+00
     499.500  3921.500     0.0000E+00
     500.500  3921.500     0.0000E+00
     501.500  3921.500     0.0000E+00
     502.500  3921.500     0.0000E+00
     503.500  3921.500     0.0000E+00
     504.500  3921.500     0.0000E+00
     505.500  3921.500     0.0000E+00
     506.500  3921.500     0.0000E+00
     507.500  3921.500     0.0000E+00
     508.500  3921.500     0.0000E+00
     509.500  3921.500     0.0000E+00
     510.500  3921.500     0.0000E+00
     511.500  3921.500     0.0000E+00
     512.500  3921.500     0.0000E+00
     513.500  3921.500     0.0000E+00
     514.500  3921.500     0.0000E+00
     515.500  3921.500     0.0000E+00
     516.500  3921.500     0.0000E+00
     517.500  3921.500     0.0000E+00
     518.500  3921.500     0.0000E+00
     519.500  3921.500     0.0000E+00
     520.500  3921.500     0.0000E+00
     521.500  3921.500     0.0000E+00
     522.500  3921.500     0.0000E+00
     523.500  3921.500     0.0000E+00
     524.500  3921.500     0.0000E+00
     525.500  3921.500     0.0000E+00
     526.500  3921.500     0.0000E+00
     527.500  3921.500     0.0000E+00
     528.500  3921.500     2.0450E-02
     529.500  3921.500     1.8765E-01
     530.500  3921.500     1.7895E-01
     531.500  3921.500     5.1156E-01
     532.500  3921.500     0.0000E+00
     533.500  3921.500     0.0000E+00
     534.500  3921.500     0.0000E+00
     535.500  3921.500     0.0000E+00
     536.500  3921.500     0.0000E+00
     537.500  3921.500     0.0000E+00
     538.500  3921.500     0.0000E+00
     539.500  3921.500     0.0000E+00
     540.500  3921.500     0.0000E+00
     541.500  3921.500     0.0000E+00
     542.500  3921.500     0.0000E+00
     543.500  3921.500     0.0000E+00
     544.500  3921.500     0.0000E+00
     495.500  3922.500     0.0000E+00
     496.500  3922.500     0.0000E+00
     497.500  3922.500     0.0000E+00
     498.500  3922.500     0.0000E+00
     499.500  3922.500     0.0000E+00
     500.500  3922.500     0.0000E+00
     501.500  3922.500     0.0000E+00
     502.500  3922.500     0.0000E+00
     503.500  3922.500     0.0000E+00
     504.500  3922.500     0.0000E+00
     505.500  3922.500     0.0000E+00
     506.500  3922.500     0.0000E+00
     507.500  3922.500     0.0000E+00
     508.500  3922.500     0.0000E+00
     509.500  3922.500     0.0000E+00
     510.500  3922.500     0.0000E+00
     511.500  3922.500     0.0000E+00
     512.500  3922.500     0.0000E+00
     513.500  3922.500     0.0000E+00
     514.500  3922.500     0.0000E+00
     515.500  3922.500     0.0000E+00
     516.500  3922.500     0.0000E+00
     517.500  3922.500     0.0000E+00
     518.500  3922.500     0.0000E+00
     519.500  3922.500     0.0000E+00
     520.500  3922.500     0.0000E+00
     521.500  3922.500     0.0000E+00
     522.500  3922.500     0.0000E+00
     523.500  3922.500     0.0000E+00
     524.500  3922.500     0.0000E+00
     525.500  3922.500     0.0000E+00
     526.500  3922.500     0.0000E+00
     527.500  3922.500     9.3121E-03
     528.500  3922.500     7.9342E-02
     529.500  3922.500     2.1927E-01
     530.500  3922.500     1.1119E-01
     531.500  3922.500     7.4920E-03
     532.500  3922.500     0.0000E+00
     533.500  3922.500     0.0000E+00
     534.500  3922.500     0.0000E+00
     535.500  3922.500     0.0000E+00
     536.500  3922.500     0.0000E+00
     537.500  3922.500     0.0000E+00
     538.500  3922.500     0.0000E+00
     539.500  3922.500     0.0000E+00
     540.500  3922.500     0.0000E+00
     541.500  3922.500     0.0000E+00
     542.500  3922.500     0.0000E+00
     543.500  3922.500     0.0000E+00
     544.500  3922.500     0.0000E+00
     495.500  3923.500     0.0000E+00
     496.500  3923.500     0.0000E+00
     497.500  3923.500     0.0000E+00
     498.500  3923.500     0.0000E+00
     499.500  3923.500     0.0000E+00
     500.500  3923.500     0.0000E+00
     501.500  3923.500     0.0000E+00
     502.500  3923.500     0.0000E+00
     503.500  3923.500     0.0000E+00
     504.500  3923.500     0.0000E+00
     505.500  3923.500     0.0000E+00
     506.500  3923.500     0.0000E+00
     507.500  3923.500     0.0000E+00
     508.500  3923.500     0.0000E+00
     509.500  3923.500     0.0000E+00
     510.500  3923.500     0.0000E+00
     511.500  3923.500     0.0000E+00
     512.500  3923.500     0.0000E+00
     513.500  3923.500     0.0000E+00
     514.500  3923.500     0.0000E+00
     515.500  3923.500     0.0000E+00
     516.500  3923.500     0.0000E+00
     517.500  3923.500     0.0000E+00
     518.500  3923.500     0.0000E+00
     519.500  3923.500     0.0000E+00
     520.500  3923.500     0.0000E+00
     521.500  3923.500     0.0000E+00
     522.500  3923.500     0.0000E+00
     523.500  3923.500     0.0000E+00
     524.500  3923.500     0.0000E+00
     525.500  3923.500     5.3348E-04
     526.500  3923.500     6.9208E-03
     527.500  3923.500     3.3131E-02
     528.500  3923.500     1.1455E-01
     529.500  3923.500     1.4032E-01
     530.500  3923.500     5.9122E-01
     531.500  3923.500     3.2429E-03
     532.500  3923.500     0.0000E+00
     533.500  3923.500     0.0000E+00
     534.500  3923.500     0.0000E+00
     535.500  3923.500     0.0000E+00
     536.500  3923.500     0.0000E+00
     537.500  3923.500     0.0000E+00
     538.500  3923.500     0.0000E+00
     539.500  3923.500     0.0000E+00
     540.500  3923.500     0.0000E+00
     541.500  3923.500     0.0000E+00
     542.500  3923.500     0.0000E+00
     543.500  3923.500     0.0000E+00
     544.500  3923.500     0.0000E+00
     495.500  3924.500     0.0000E+00
     496.500  3924.500     0.0000E+00
     497.500  3924.500     0.0000E+00
     498.500  3924.500     0.0000E+00
     499.500  3924.500     0.0000E+00
     500.500  3924.500     0.0000E+00
     501.500  3924.500     0.0000E+00
     502.500  3924.500     0.0000E+00
     503.500  3924.500     0.0000E+00
     504.500  3924.500     0.0000E+00
     505.500  3924.500     0.0000E+00
     506.500  3924.500     0.0000E+00
     507.500  3924.500     0.0000E+00
     508.500  3924.500     0.0000E+00
     509.500  3924.500     0.0000E+00
     510.500  3924.500     0.0000E+00
     511.500  3924.500     0.0000E+00
     512.500  3924.500     0.0000E+00
     513.500  3924.500     0.0000E+00
     514.500  3924.500     0.0000E+00
     515.500  3924.500     0.0000E+00
     516.500  3924.500     0.0000E+00
     517.500  3924.500     0.0000E+00
     518.500  3924.500     0.0000E+00
     519.500  3924.500     0.0000E+00
     520.500  3924.500     0.0000E+00
     521.500  3924.500     0.0000E+00
     522.500  3924.500     0.0000E+00
     523.500  3924.500     0.0000E+00
     524.500  3924.500     3.9808E-05
     525.500  3924.500     5.1761E-03
     526.500  3924.500     1.5851E-02
     527.500  3924.500     5.8413E-02
     528.500  3924.500     1.1582E-01
     529.500  3924.500     1.8784E-01
     530.500  3924.500     1.5977E-01
     531.500  3924.500     1.4326E-03
     532.500  3924.500     0.0000E+00
     533.500  3924.500     0.0000E+00
     534.500  3924.500     0.0000E+00
     535.500  3924.500     0.0000E+00
     536.500  3924.500     0.0000E+00
     537.500  3924.500     0.0000E+00
     538.500  3924.500     0.0000E+00
     539.500  3924.500     0.0000E+00
     540.500  3924.500     0.0000E+00
     541.500  3924.500     0.0000E+00
     542.500  3924.500     0.0000E+00
     543.500  3924.500     0.0000E+00
     544.500  3924.500     0.0000E+00
     495.500  3925.500     0.0000E+00
     496.500  3925.500     0.0000E+00
     497.500  3925.500     0.0000E+00
     498.500  3925.500     0.0000E+00
     499.500  3925.500     0.0000E+00
     500.500  3925.500     0.0000E+00
     501.500  3925.500     0.0000E+00
     502.500  3925.500     0.0000E+00
     503.500  3925.500     0.0000E+00
     504.500  3925.500     0.0000E+00
     505.500  3925.500     0.0000E+00
     506.500  3925.500     0.0000E+00
     507.500  3925.500     0.0000E+00
     508.500  3925.500     0.0000E+00
     509.500  3925.500     0.0000E+00
     510.500  3925.500     0.0000E+00
     511.500  3925.500     0.0000E+00
     512.500  3925.500     0.0000E+00
     513.500  3925.500     0.0000E+00
     514.500  3925.500     0.0000E+00
     515.500  3925.500     0.0000E+00
     516.500  3925.500     0.0000E+00
     517.500  3925.500     0.0000E+00
     518.500  3925.500     0.0000E+00
     519.500  3925.500     0.0000E+00
     520.500  3925.500     0.0000E+00
     521.500  3925.500     0.0000E+00
     522.500  3925.500     0.0000E+00
     523.500  3925.500     0.0000E+00
     524.500  3925.500     1.8084E-03
     525.500  3925.500     1.0502E-02
     526.500  3925.500     3.0831E-02
     527.500  3925.500     7.3414E-02
     528.500  3925.500     1.2233E-01
     529.500  3925.500     1.8089E-01
     530.500  3925.500     5.1916E-02
     531.500  3925.500     2.8231E-02
     532.500  3925.500     2.8810E-02
     533.500  3925.500     0.0000E+00
     534.500  3925.500     0.0000E+00
     535.500  3925.500     0.0000E+00
     536.500  3925.500     0.0000E+00
     537.500  3925.500     0.0000E+00
     538.500  3925.500     0.0000E+00
     539.500  3925.500     0.0000E+00
     540.500  3925.500     0.0000E+00
     541.500  3925.500     0.0000E+00
     542.500  3925.500     0.0000E+00
     543.500  3925.500     0.0000E+00
     544.500  3925.500     0.0000E+00
     495.500  3926.500     0.0000E+00
     496.500  3926.500     0.0000E+00
     497.500  3926.500     0.0000E+00
     498.500  3926.500     0.0000E+00
     499.500  3926.500     0.0000E+00
     500.500  3926.500     0.0000E+00
     501.500  3926.500     0.0000E+00
     502.500  3926.500     0.0000E+00
     503.500  3926.500     0.0000E+00
     504.500  3926.500     0.0000E+00
     505.500  3926.500     0.0000E+00
     506.500  3926.500     0.0000E+00
     507.500  3926.500     0.0000E+00
     508.500  3926.500     0.0000E+00
     509.500  3926.500     0.0000E+00
     510.500  3926.500     0.0000E+00
     511.500  3926.500     0.0000E+00
     512.500  3926.500     0.0000E+00
     513.500  3926.500     0.0000E+00
     514.500  3926.500     0.0000E+00
     515.500  3926.500     0.0000E+00
     516.500  3926.500     0.0000E+00
     517.500  3926.500     0.0000E+00
     518.500  3926.500     0.0000E+00
     519.500  3926.500     0.0000E+00
     520.500  3926.500     0.0000E+00
     521.500  3926.500     0.0000E+00
     522.500  3926.500     0.0000E+00
     523.500  3926.500     8.8361E-04
     524.500  3926.500     5.6587E-03
     525.500  3926.500     1.8628E-02
     526.500  3926.500     4.4582E-02
     527.500  3926.500     8.5491E-02
     528.500  3926.500     1.3404E-01
     529.500  3926.500     1.2609E-01
     530.500  3926.500     3.2526E-02
     531.500  3926.500     6.5030E-01
     532.500  3926.500     2.7848E-01
     533.500  3926.500     0.0000E+00
     534.500  3926.500     9.1830E-01
     535.500  3926.500     0.0000E+00
     536.500  3926.500     0.0000E+00
     537.500  3926.500     0.0000E+00
     538.500  3926.500     0.0000E+00
     539.500  3926.500     0.0000E+00
     540.500  3926.500     0.0000E+00
     541.500  3926.500     0.0000E+00
     542.500  3926.500     0.0000E+00
     543.500  3926.500     0.0000E+00
     544.500  3926.500     0.0000E+00
     495.500  3927.500     0.0000E+00
     496.500  3927.500     0.0000E+00
     497.500  3927.500     0.0000E+00
     498.500  3927.500     0.0000E+00
     499.500  3927.500     0.0000E+00
     500.500  3927.500     0.0000E+00
     501.500  3927.500     0.0000E+00
     502.500  3927.500     0.0000E+00
     503.500  3927.500     0.0000E+00
     504.500  3927.500     0.0000E+00
     505.500  3927.500     0.0000E+00
     506.500  3927.500     0.0000E+00
     507.500  3927.500     0.0000E+00
     508.500  3927.500     0.0000E+00
     509.500  3927.500     0.0000E+00
     510.500  3927.500     0.0000E+00
     511.500  3927.500     0.0000E+00
     512.500  3927.500     0.0000E+00
     513.500  3927.500     0.0000E+00
     514.500  3927.500     0.0000E+00
     515.500  3927.500     0.0000E+00
     516.500  3927.500     0.0000E+00
     517.500  3927.500     0.0000E+00
     518.500  3927.500     0.0000E+00
     519.500  3927.500     0.0000E+00
     520.500  3927.500     0.0000E+00
     521.500  3927.500     0.0000E+00
     522.500  3927.500     3.9951E-04
     523.500  3927.500     3.1524E-03
     524.500  3927.500     1.1295E-02
     525.500  3927.500     2.8395E-02
     526.500  3927.500     5.7672E-02
     527.500  3927.500     9.7229E-02
     528.500  3927.500     1.2421E-01
     529.500  3927.500     8.4467E-02
     530.500  3927.500     1.9979E-01
     531.500  3927.500     1.1052E+00
     532.500  3927.500     4.3701E-02
     533.500  3927.500     4.8867E-01
     534.500  3927.500     3.9731E-02
     535.500  3927.500     0.0000E+00
     536.500  3927.500     0.0000E+00
     537.500  3927.500     0.0000E+00
     538.500  3927.500     0.0000E+00
     539.500  3927.500     0.0000E+00
     540.500  3927.500     0.0000E+00
     541.500  3927.500     0.0000E+00
     542.500  3927.500     0.0000E+00
     543.500  3927.500     0.0000E+00
     544.500  3927.500     0.0000E+00
     495.500  3928.500     0.0000E+00
     496.500  3928.500     0.0000E+00
     497.500  3928.500     0.0000E+00
     498.500  3928.500     0.0000E+00
     499.500  3928.500     0.0000E+00
     500.500  3928.500     0.0000E+00
     501.500  3928.500     0.0000E+00
     502.500  3928.500     0.0000E+00
     503.500  3928.500     0.0000E+00
     504.500  3928.500     0.0000E+00
     505.500  3928.500     0.0000E+00
     506.500  3928.500     0.0000E+00
     507.500  3928.500     0.0000E+00
     508.500  3928.500     0.0000E+00
     509.500  3928.500     0.0000E+00
     510.500  3928.500     0.0000E+00
     511.500  3928.500     0.0000E+00
     512.500  3928.500     0.0000E+00
     513.500  3928.500     0.0000E+00
     514.500  3928.500     0.0000E+00
     515.500  3928.500     0.0000E+00
     516.500  3928.500     0.0000E+00
     517.500  3928.500     0.0000E+00
     518.500  3928.500     0.0000E+00
     519.500  3928.500     0.0000E+00
     520.500  3928.500     0.0000E+00
     521.500  3928.500     1.6597E-04
     522.500  3928.500     1.7761E-03
     523.500  3928.500     6.6245E-03
     524.500  3928.500     1.7848E-02
     525.500  3928.500     3.9050E-02
     526.500  3928.500     7.0102E-02
     527.500  3928.500     1.0264E-01
     528.500  3928.500     1.5507E+01
     529.500  3928.500     2.9456E+00
     530.500  3928.500     5.1340E-01
     531.500  3928.500     5.3944E-01
     532.500  3928.500     5.0059E-01
     533.500  3928.500     4.3981E-01
     534.500  3928.500     9.9762E-03
     535.500  3928.500     0.0000E+00
     536.500  3928.500     0.0000E+00
     537.500  3928.500     0.0000E+00
     538.500  3928.500     0.0000E+00
     539.500  3928.500     0.0000E+00
     540.500  3928.500     0.0000E+00
     541.500  3928.500     0.0000E+00
     542.500  3928.500     0.0000E+00
     543.500  3928.500     0.0000E+00
     544.500  3928.500     0.0000E+00
     495.500  3929.500     0.0000E+00
     496.500  3929.500     0.0000E+00
     497.500  3929.500     0.0000E+00
     498.500  3929.500     0.0000E+00
     499.500  3929.500     0.0000E+00
     500.500  3929.500     0.0000E+00
     501.500  3929.500     0.0000E+00
     502.500  3929.500     0.0000E+00
     503.500  3929.500     0.0000E+00
     504.500  3929.500     0.0000E+00
     505.500  3929.500     0.0000E+00
     506.500  3929.500     0.0000E+00
     507.500  3929.500     0.0000E+00
     508.500  3929.500     0.0000E+00
     509.500  3929.500     0.0000E+00
     510.500  3929.500     0.0000E+00
     511.500  3929.500     0.0000E+00
     512.500  3929.500     0.0000E+00
     513.500  3929.500     0.0000E+00
     514.500  3929.500     0.0000E+00
     515.500  3929.500     0.0000E+00
     516.500  3929.500     0.0000E+00
     517.500  3929.500     0.0000E+00
     518.500  3929.500     0.0000E+00
     519.500  3929.500     0.0000E+00
     520.500  3929.500     0.0000E+00
     521.500  3929.500     1.0223E-03
     522.500  3929.500     3.9906E-03
     523.500  3929.500     1.1046E-02
     524.500  3929.500     2.5751E-02
     525.500  3929.500     4.9351E-02
     526.500  3929.500     7.9143E-02
     527.500  3929.500     1.1280E+00
     528.500  3929.500     1.9720E+00
     529.500  3929.500     3.7841E-01
     530.500  3929.500     6.3153E-01
     531.500  3929.500     8.7121E-01
     532.500  3929.500     2.9576E-01
     533.500  3929.500     1.6543E-01
     534.500  3929.500     4.6863E-05
     535.500  3929.500     0.0000E+00
     536.500  3929.500     0.0000E+00
     537.500  3929.500     0.0000E+00
     538.500  3929.500     0.0000E+00
     539.500  3929.500     0.0000E+00
     540.500  3929.500     0.0000E+00
     541.500  3929.500     0.0000E+00
     542.500  3929.500     0.0000E+00
     543.500  3929.500     0.0000E+00
     544.500  3929.500     0.0000E+00
     495.500  3930.500     0.0000E+00
     496.500  3930.500     0.0000E+00
     497.500  3930.500     0.0000E+00
     498.500  3930.500     0.0000E+00
     499.500  3930.500     0.0000E+00
     500.500  3930.500     0.0000E+00
     501.500  3930.500     0.0000E+00
     502.500  3930.500     0.0000E+00
     503.500  3930.500     0.0000E+00
     504.500  3930.500     0.0000E+00
     505.500  3930.500     0.0000E+00
     506.500  3930.500     0.0000E+00
     507.500  3930.500     0.0000E+00
     508.500  3930.500     0.0000E+00
     509.500  3930.500     0.0000E+00
     510.500  3930.500     0.0000E+00
     511.500  3930.500     0.0000E+00
     512.500  3930.500     0.0000E+00
     513.500  3930.500     0.0000E+00
     514.500  3930.500     0.0000E+00
     515.500  3930.500     0.0000E+00
     516.500  3930.500     0.0000E+00
     517.500  3930.500     0.0000E+00
     518.500  3930.500     0.0000E+00
     519.500  3930.500     0.0000E+00
     520.500  3930.500     5.5064E-04
     521.500  3930.500     2.4121E-03
     522.500  3930.500     6.8675E-03
     523.500  3930.500     1.6618E-02
     524.500  3930.500     3.3702E-02
     525.500  3930.500     5.8215E-02
     526.500  3930.500     3.6799E-01
     527.500  3930.500     1.8173E+00
     528.500  3930.500     1.1379E+00
     529.500  3930.500     4.3662E-01
     530.500  3930.500     5.1005E-01
     531.500  3930.500     6.5539E-01
     532.500  3930.500     2.7315E-01
     533.500  3930.500     9.4086E-02
     534.500  3930.500     5.9821E-04
     535.500  3930.500     1.2551E-04
     536.500  3930.500     6.3512E-03
     537.500  3930.500     0.0000E+00
     538.500  3930.500     0.0000E+00
     539.500  3930.500     0.0000E+00
     540.500  3930.500     0.0000E+00
     541.500  3930.500     0.0000E+00
     542.500  3930.500     0.0000E+00
     543.500  3930.500     0.0000E+00
     544.500  3930.500     0.0000E+00
     495.500  3931.500     0.0000E+00
     496.500  3931.500     0.0000E+00
     497.500  3931.500     0.0000E+00
     498.500  3931.500     0.0000E+00
     499.500  3931.500     0.0000E+00
     500.500  3931.500     0.0000E+00
     501.500  3931.500     0.0000E+00
     502.500  3931.500     0.0000E+00
     503.500  3931.500     0.0000E+00
     504.500  3931.500     0.0000E+00
     505.500  3931.500     0.0000E+00
     506.500  3931.500     0.0000E+00
     507.500  3931.500     0.0000E+00
     508.500  3931.500     0.0000E+00
     509.500  3931.500     0.0000E+00
     510.500  3931.500     0.0000E+00
     511.500  3931.500     0.0000E+00
     512.500  3931.500     0.0000E+00
     513.500  3931.500     0.0000E+00
     514.500  3931.500     0.0000E+00
     515.500  3931.500     0.0000E+00
     516.500  3931.500     0.0000E+00
     517.500  3931.500     0.0000E+00
     518.500  3931.500     0.0000E+00
     519.500  3931.500     2.8305E-04
     520.500  3931.500     1.4596E-03
     521.500  3931.500     4.2780E-03
     522.500  3931.500     1.0555E-02
     523.500  3931.500     2.2467E-02
     524.500  3931.500     4.1014E-02
     525.500  3931.500     1.6716E-01
     526.500  3931.500     8.1318E-01
     527.500  3931.500     1.7030E+00
     528.500  3931.500     9.2808E-01
     529.500  3931.500     4.7940E-01
     530.500  3931.500     5.8183E-01
     531.500  3931.500     6.2126E-01
     532.500  3931.500     3.0394E-01
     533.500  3931.500     2.2163E-01
     534.500  3931.500     1.1071E-01
     535.500  3931.500     3.0504E-03
     536.500  3931.500     1.0267E-03
     537.500  3931.500     0.0000E+00
     538.500  3931.500     0.0000E+00
     539.500  3931.500     0.0000E+00
     540.500  3931.500     0.0000E+00
     541.500  3931.500     0.0000E+00
     542.500  3931.500     0.0000E+00
     543.500  3931.500     0.0000E+00
     544.500  3931.500     0.0000E+00
     495.500  3932.500     0.0000E+00
     496.500  3932.500     0.0000E+00
     497.500  3932.500     0.0000E+00
     498.500  3932.500     0.0000E+00
     499.500  3932.500     0.0000E+00
     500.500  3932.500     0.0000E+00
     501.500  3932.500     0.0000E+00
     502.500  3932.500     0.0000E+00
     503.500  3932.500     0.0000E+00
     504.500  3932.500     0.0000E+00
     505.500  3932.500     0.0000E+00
     506.500  3932.500     0.0000E+00
     507.500  3932.500     0.0000E+00
     508.500  3932.500     0.0000E+00
     509.500  3932.500     0.0000E+00
     510.500  3932.500     0.0000E+00
     511.500  3932.500     0.0000E+00
     512.500  3932.500     0.0000E+00
     513.500  3932.500     0.0000E+00
     514.500  3932.500     0.0000E+00
     515.500  3932.500     0.0000E+00
     516.500  3932.500     0.0000E+00
     517.500  3932.500     0.0000E+00
     518.500  3932.500     1.0956E-04
     519.500  3932.500     8.3054E-04
     520.500  3932.500     2.6630E-03
     521.500  3932.500     6.6433E-03
     522.500  3932.500     1.4618E-02
     523.500  3932.500     2.7931E-02
     524.500  3932.500     8.5078E-02
     525.500  3932.500     3.7230E-01
     526.500  3932.500     1.0916E+00
     527.500  3932.500     1.4705E+00
     528.500  3932.500     8.4573E-01
     529.500  3932.500     5.3037E-01
     530.500  3932.500     5.5927E-01
     531.500  3932.500     3.7013E-01
     532.500  3932.500     1.6875E-01
     533.500  3932.500     1.8968E-01
     534.500  3932.500     2.7785E-02
     535.500  3932.500     3.8712E-03
     536.500  3932.500     3.0096E-04
     537.500  3932.500     0.0000E+00
     538.500  3932.500     0.0000E+00
     539.500  3932.500     0.0000E+00
     540.500  3932.500     0.0000E+00
     541.500  3932.500     0.0000E+00
     542.500  3932.500     0.0000E+00
     543.500  3932.500     0.0000E+00
     544.500  3932.500     0.0000E+00
     495.500  3933.500     0.0000E+00
     496.500  3933.500     0.0000E+00
     497.500  3933.500     0.0000E+00
     498.500  3933.500     0.0000E+00
     499.500  3933.500     0.0000E+00
     500.500  3933.500     0.0000E+00
     501.500  3933.500     0.0000E+00
     502.500  3933.500     0.0000E+00
     503.500  3933.500     0.0000E+00
     504.500  3933.500     0.0000E+00
     505.500  3933.500     0.0000E+00
     506.500  3933.500     0.0000E+00
     507.500  3933.500     0.0000E+00
     508.500  3933.500     0.0000E+00
     509.500  3933.500     0.0000E+00
     510.500  3933.500     0.0000E+00
     511.500  3933.500     0.0000E+00
     512.500  3933.500     0.0000E+00
     513.500  3933.500     0.0000E+00
     514.500  3933.500     0.0000E+00
     515.500  3933.500     0.0000E+00
     516.500  3933.500     0.0000E+00
     517.500  3933.500     2.8140E-06
     518.500  3933.500     4.2458E-04
     519.500  3933.500     1.5798E-03
     520.500  3933.500     4.1404E-03
     521.500  3933.500     9.3287E-03
     522.500  3933.500     1.8518E-02
     523.500  3933.500     4.8446E-02
     524.500  3933.500     1.8413E-01
     525.500  3933.500     5.8302E-01
     526.500  3933.500     1.1781E+00
     527.500  3933.500     1.2931E+00
     528.500  3933.500     8.2938E-01
     529.500  3933.500     5.7720E-01
     530.500  3933.500     4.9885E-01
     531.500  3933.500     2.8870E-01
     532.500  3933.500     2.1924E-01
     533.500  3933.500     1.3238E-01
     534.500  3933.500     3.2040E-02
     535.500  3933.500     2.3997E-03
     536.500  3933.500     2.5752E-04
     537.500  3933.500     0.0000E+00
     538.500  3933.500     0.0000E+00
     539.500  3933.500     0.0000E+00
     540.500  3933.500     0.0000E+00
     541.500  3933.500     0.0000E+00
     542.500  3933.500     0.0000E+00
     543.500  3933.500     0.0000E+00
     544.500  3933.500     0.0000E+00
     495.500  3934.500     0.0000E+00
     496.500  3934.500     0.0000E+00
     497.500  3934.500     0.0000E+00
     498.500  3934.500     0.0000E+00
     499.500  3934.500     0.0000E+00
     500.500  3934.500     0.0000E+00
     501.500  3934.500     0.0000E+00
     502.500  3934.500     0.0000E+00
     503.500  3934.500     0.0000E+00
     504.500  3934.500     0.0000E+00
     505.500  3934.500     0.0000E+00
     506.500  3934.500     0.0000E+00
     507.500  3934.500     0.0000E+00
     508.500  3934.500     0.0000E+00
     509.500  3934.500     0.0000E+00
     510.500  3934.500     0.0000E+00
     511.500  3934.500     0.0000E+00
     512.500  3934.500     0.0000E+00
     513.500  3934.500     0.0000E+00
     514.500  3934.500     0.0000E+00
     515.500  3934.500     0.0000E+00
     516.500  3934.500     0.0000E+00
     517.500  3934.500     2.0653E-04
     518.500  3934.500     8.9172E-04
     519.500  3934.500     2.4808E-03
     520.500  3934.500     5.8143E-03
     521.500  3934.500     1.1986E-02
     522.500  3934.500     2.5725E-02
     523.500  3934.500     9.6319E-02
     524.500  3934.500     3.0328E-01
     525.500  3934.500     7.2560E-01
     526.500  3934.500     1.1665E+00
     527.500  3934.500     1.1812E+00
     528.500  3934.500     8.3472E-01
     529.500  3934.500     5.9569E-01
     530.500  3934.500     4.4487E-01
     531.500  3934.500     2.5538E-01
     532.500  3934.500     1.5154E-01
     533.500  3934.500     8.8059E-02
     534.500  3934.500     1.6569E-02
     535.500  3934.500     1.5495E-03
     536.500  3934.500     2.0982E-04
     537.500  3934.500     0.0000E+00
     538.500  3934.500     0.0000E+00
     539.500  3934.500     0.0000E+00
     540.500  3934.500     0.0000E+00
     541.500  3934.500     0.0000E+00
     542.500  3934.500     0.0000E+00
     543.500  3934.500     0.0000E+00
     544.500  3934.500     0.0000E+00
     495.500  3935.500     0.0000E+00
     496.500  3935.500     0.0000E+00
     497.500  3935.500     0.0000E+00
     498.500  3935.500     0.0000E+00
     499.500  3935.500     0.0000E+00
     500.500  3935.500     0.0000E+00
     501.500  3935.500     0.0000E+00
     502.500  3935.500     0.0000E+00
     503.500  3935.500     0.0000E+00
     504.500  3935.500     0.0000E+00
     505.500  3935.500     0.0000E+00
     506.500  3935.500     0.0000E+00
     507.500  3935.500     0.0000E+00
     508.500  3935.500     0.0000E+00
     509.500  3935.500     0.0000E+00
     510.500  3935.500     0.0000E+00
     511.500  3935.500     0.0000E+00
     512.500  3935.500     0.0000E+00
     513.500  3935.500     0.0000E+00
     514.500  3935.500     0.0000E+00
     515.500  3935.500     0.0000E+00
     516.500  3935.500     4.6000E-05
     517.500  3935.500     4.4892E-04
     518.500  3935.500     1.4629E-03
     519.500  3935.500     3.5214E-03
     520.500  3935.500     7.5536E-03
     521.500  3935.500     1.5319E-02
     522.500  3935.500     4.7531E-02
     523.500  3935.500     1.5563E-01
     524.500  3935.500     4.0545E-01
     525.500  3935.500     7.9921E-01
     526.500  3935.500     1.1206E+00
     527.500  3935.500     1.1085E+00
     528.500  3935.500     8.4681E-01
     529.500  3935.500     6.0623E-01
     530.500  3935.500     4.1332E-01
     531.500  3935.500     2.4239E-01
     532.500  3935.500     1.3519E-01
     533.500  3935.500     6.6383E-02
     534.500  3935.500     1.4433E-02
     535.500  3935.500     1.2538E-03
     536.500  3935.500     2.2253E-04
     537.500  3935.500     1.1603E-05
     538.500  3935.500     0.0000E+00
     539.500  3935.500     0.0000E+00
     540.500  3935.500     0.0000E+00
     541.500  3935.500     0.0000E+00
     542.500  3935.500     0.0000E+00
     543.500  3935.500     0.0000E+00
     544.500  3935.500     0.0000E+00
     495.500  3936.500     0.0000E+00
     496.500  3936.500     0.0000E+00
     497.500  3936.500     0.0000E+00
     498.500  3936.500     0.0000E+00
     499.500  3936.500     0.0000E+00
     500.500  3936.500     0.0000E+00
     501.500  3936.500     0.0000E+00
     502.500  3936.500     0.0000E+00
     503.500  3936.500     0.0000E+00
     504.500  3936.500     0.0000E+00
     505.500  3936.500     0.0000E+00
     506.500  3936.500     0.0000E+00
     507.500  3936.500     0.0000E+00
     508.500  3936.500     0.0000E+00
     509.500  3936.500     0.0000E+00
     510.500  3936.500     0.0000E+00
     511.500  3936.500     0.0000E+00
     512.500  3936.500     0.0000E+00
     513.500  3936.500     0.0000E+00
     514.500  3936.500     0.0000E+00
     515.500  3936.500     0.0000E+00
     516.500  3936.500     2.0553E-04
     517.500  3936.500     7.9000E-04
     518.500  3936.500     2.0731E-03
     519.500  3936.500     4.6188E-03
     520.500  3936.500     9.1708E-03
     521.500  3936.500     2.4280E-02
     522.500  3936.500     7.9383E-02
     523.500  3936.500     2.1745E-01
     524.500  3936.500     4.8102E-01
     525.500  3936.500     8.2532E-01
     526.500  3936.500     1.0730E+00
     527.500  3936.500     1.0616E+00
     528.500  3936.500     8.5431E-01
     529.500  3936.500     6.1826E-01
     530.500  3936.500     4.0749E-01
     531.500  3936.500     2.4202E-01
     532.500  3936.500     1.3191E-01
     533.500  3936.500     5.8710E-02
     534.500  3936.500     1.4696E-02
     535.500  3936.500     1.6713E-03
     536.500  3936.500     3.3247E-04
     537.500  3936.500     6.3023E-05
     538.500  3936.500     1.5363E-05
     539.500  3936.500     0.0000E+00
     540.500  3936.500     0.0000E+00
     541.500  3936.500     0.0000E+00
     542.500  3936.500     0.0000E+00
     543.500  3936.500     0.0000E+00
     544.500  3936.500     0.0000E+00
     495.500  3937.500     0.0000E+00
     496.500  3937.500     0.0000E+00
     497.500  3937.500     0.0000E+00
     498.500  3937.500     0.0000E+00
     499.500  3937.500     0.0000E+00
     500.500  3937.500     0.0000E+00
     501.500  3937.500     0.0000E+00
     502.500  3937.500     0.0000E+00
     503.500  3937.500     0.0000E+00
     504.500  3937.500     0.0000E+00
     505.500  3937.500     0.0000E+00
     506.500  3937.500     0.0000E+00
     507.500  3937.500     0.0000E+00
     508.500  3937.500     0.0000E+00
     509.500  3937.500     0.0000E+00
     510.500  3937.500     0.0000E+00
     511.500  3937.500     0.0000E+00
     512.500  3937.500     0.0000E+00
     513.500  3937.500     0.0000E+00
     514.500  3937.500     0.0000E+00
     515.500  3937.500     5.6513E-05
     516.500  3937.500     3.8162E-04
     517.500  3937.500     1.1600E-03
     518.500  3937.500     2.7337E-03
     519.500  3937.500     5.6776E-03
     520.500  3937.500     1.1480E-02
     521.500  3937.500     3.9211E-02
     522.500  3937.500     1.1339E-01
     523.500  3937.500     2.6893E-01
     524.500  3937.500     5.2631E-01
     525.500  3937.500     8.2595E-01
     526.500  3937.500     1.0272E+00
     527.500  3937.500     1.0287E+00
     528.500  3937.500     8.6350E-01
     529.500  3937.500     6.3927E-01
     530.500  3937.500     4.2656E-01
     531.500  3937.500     2.5513E-01
     532.500  3937.500     1.3721E-01
     533.500  3937.500     6.0374E-02
     534.500  3937.500     1.8000E-02
     535.500  3937.500     3.0577E-03
     536.500  3937.500     6.1268E-04
     537.500  3937.500     2.0385E-04
     538.500  3937.500     7.5035E-05
     539.500  3937.500     2.1392E-05
     540.500  3937.500     1.9999E-06
     541.500  3937.500     0.0000E+00
     542.500  3937.500     0.0000E+00
     543.500  3937.500     0.0000E+00
     544.500  3937.500     0.0000E+00
     495.500  3938.500     0.0000E+00
     496.500  3938.500     0.0000E+00
     497.500  3938.500     0.0000E+00
     498.500  3938.500     0.0000E+00
     499.500  3938.500     0.0000E+00
     500.500  3938.500     0.0000E+00
     501.500  3938.500     0.0000E+00
     502.500  3938.500     0.0000E+00
     503.500  3938.500     0.0000E+00
     504.500  3938.500     0.0000E+00
     505.500  3938.500     0.0000E+00
     506.500  3938.500     0.0000E+00
     507.500  3938.500     0.0000E+00
     508.500  3938.500     0.0000E+00
     509.500  3938.500     0.0000E+00
     510.500  3938.500     0.0000E+00
     511.500  3938.500     0.0000E+00
     512.500  3938.500     0.0000E+00
     513.500  3938.500     0.0000E+00
     514.500  3938.500     0.0000E+00
     515.500  3938.500     1.5882E-04
     516.500  3938.500     6.1176E-04
     517.500  3938.500     1.5603E-03
     518.500  3938.500     3.4366E-03
     519.500  3938.500     6.6486E-03
     520.500  3938.500     1.7906E-02
     521.500  3938.500     5.6161E-02
     522.500  3938.500     1.4381E-01
     523.500  3938.500     3.0816E-01
     524.500  3938.500     5.5029E-01
     525.500  3938.500     8.1281E-01
     526.500  3938.500     9.8846E-01
     527.500  3938.500     1.0056E+00
     528.500  3938.500     8.7717E-01
     529.500  3938.500     6.7191E-01
     530.500  3938.500     4.6222E-01
     531.500  3938.500     2.8342E-01
     532.500  3938.500     1.5331E-01
     533.500  3938.500     6.9921E-02
     534.500  3938.500     2.3906E-02
     535.500  3938.500     5.9388E-03
     536.500  3938.500     1.4638E-03
     537.500  3938.500     5.0708E-04
     538.500  3938.500     2.2106E-04
     539.500  3938.500     9.6025E-05
     540.500  3938.500     3.2259E-05
     541.500  3938.500     2.5752E-06
     542.500  3938.500     5.9792E-08
     543.500  3938.500     0.0000E+00
     544.500  3938.500     0.0000E+00
     495.500  3939.500     0.0000E+00
     496.500  3939.500     0.0000E+00
     497.500  3939.500     0.0000E+00
     498.500  3939.500     0.0000E+00
     499.500  3939.500     0.0000E+00
     500.500  3939.500     0.0000E+00
     501.500  3939.500     0.0000E+00
     502.500  3939.500     0.0000E+00
     503.500  3939.500     0.0000E+00
     504.500  3939.500     0.0000E+00
     505.500  3939.500     0.0000E+00
     506.500  3939.500     0.0000E+00
     507.500  3939.500     0.0000E+00
     508.500  3939.500     0.0000E+00
     509.500  3939.500     0.0000E+00
     510.500  3939.500     0.0000E+00
     511.500  3939.500     0.0000E+00
     512.500  3939.500     0.0000E+00
     513.500  3939.500     0.0000E+00
     514.500  3939.500     2.5887E-05
     515.500  3939.500     2.8323E-04
     516.500  3939.500     8.5778E-04
     517.500  3939.500     2.0220E-03
     518.500  3939.500     4.0894E-03
     519.500  3939.500     8.1679E-03
     520.500  3939.500     2.7071E-02
     521.500  3939.500     7.5156E-02
     522.500  3939.500     1.7221E-01
     523.500  3939.500     3.3525E-01
     524.500  3939.500     5.6025E-01
     525.500  3939.500     7.9129E-01
     526.500  3939.500     9.5196E-01
     527.500  3939.500     9.8569E-01
     528.500  3939.500     8.9029E-01
     529.500  3939.500     7.1272E-01
     530.500  3939.500     5.0957E-01
     531.500  3939.500     3.2553E-01
     532.500  3939.500     1.8302E-01
     533.500  3939.500     8.8026E-02
     534.500  3939.500     3.4709E-02
     535.500  3939.500     1.0979E-02
     536.500  3939.500     3.4100E-03
     537.500  3939.500     1.3345E-03
     538.500  3939.500     5.7103E-04
     539.500  3939.500     2.5016E-04
     540.500  3939.500     1.0881E-04
     541.500  3939.500     3.5622E-05
     542.500  3939.500     1.2399E-05
     543.500  3939.500     2.1963E-07
     544.500  3939.500     2.6032E-08
     495.500  3940.500     0.0000E+00
     496.500  3940.500     0.0000E+00
     497.500  3940.500     0.0000E+00
     498.500  3940.500     0.0000E+00
     499.500  3940.500     0.0000E+00
     500.500  3940.500     0.0000E+00
     501.500  3940.500     0.0000E+00
     502.500  3940.500     0.0000E+00
     503.500  3940.500     0.0000E+00
     504.500  3940.500     0.0000E+00
     505.500  3940.500     0.0000E+00
     506.500  3940.500     0.0000E+00
     507.500  3940.500     0.0000E+00
     508.500  3940.500     0.0000E+00
     509.500  3940.500     0.0000E+00
     510.500  3940.500     0.0000E+00
     511.500  3940.500     0.0000E+00
     512.500  3940.500     0.0000E+00
     513.500  3940.500     0.0000E+00
     514.500  3940.500     9.8804E-05
     515.500  3940.500     4.4294E-04
     516.500  3940.500     1.1629E-03
     517.500  3940.500     2.4597E-03
     518.500  3940.500     4.6921E-03
     519.500  3940.500     1.2035E-02
     520.500  3940.500     3.7797E-02
     521.500  3940.500     9.2950E-02
     522.500  3940.500     1.9503E-01
     523.500  3940.500     3.5475E-01
     524.500  3940.500     5.5955E-01
     525.500  3940.500     7.6750E-01
     526.500  3940.500     9.1876E-01
     527.500  3940.500     9.6623E-01
     528.500  3940.500     9.0089E-01
     529.500  3940.500     7.5071E-01
     530.500  3940.500     5.6051E-01
     531.500  3940.500     3.7553E-01
     532.500  3940.500     2.2438E-01
     533.500  3940.500     1.1615E-01
     534.500  3940.500     5.2071E-02
     535.500  3940.500     2.0203E-02
     536.500  3940.500     7.3332E-03
     537.500  3940.500     3.0190E-03
     538.500  3940.500     1.3799E-03
     539.500  3940.500     6.2856E-04
     540.500  3940.500     2.5862E-04
     541.500  3940.500     1.1800E-04
     542.500  3940.500     4.4612E-05
     543.500  3940.500     1.0334E-05
     544.500  3940.500     3.7335E-07
     495.500  3941.500     0.0000E+00
     496.500  3941.500     0.0000E+00
     497.500  3941.500     0.0000E+00
     498.500  3941.500     0.0000E+00
     499.500  3941.500     0.0000E+00
     500.500  3941.500     0.0000E+00
     501.500  3941.500     0.0000E+00
     502.500  3941.500     0.0000E+00
     503.500  3941.500     0.0000E+00
     504.500  3941.500     0.0000E+00
     505.500  3941.500     0.0000E+00
     506.500  3941.500     0.0000E+00
     507.500  3941.500     0.0000E+00
     508.500  3941.500     0.0000E+00
     509.500  3941.500     0.0000E+00
     510.500  3941.500     0.0000E+00
     511.500  3941.500     0.0000E+00
     512.500  3941.500     0.0000E+00
     513.500  3941.500     3.0088E-06
     514.500  3941.500     2.0286E-04
     515.500  3941.500     6.5863E-04
     516.500  3941.500     1.4644E-03
     517.500  3941.500     2.9198E-03
     518.500  3941.500     5.6633E-03
     519.500  3941.500     1.7936E-02
     520.500  3941.500     4.9871E-02
     521.500  3941.500     1.1134E-01
     522.500  3941.500     2.1424E-01
     523.500  3941.500     3.6655E-01
     524.500  3941.500     5.5341E-01
     525.500  3941.500     7.4256E-01
     526.500  3941.500     8.8572E-01
     527.500  3941.500     9.4357E-01
     528.500  3941.500     9.0365E-01
     529.500  3941.500     7.8044E-01
     530.500  3941.500     6.0948E-01
     531.500  3941.500     4.2961E-01
     532.500  3941.500     2.7214E-01
     533.500  3941.500     1.5442E-01
     534.500  3941.500     7.6800E-02
     535.500  3941.500     3.4933E-02
     536.500  3941.500     1.4583E-02
     537.500  3941.500     6.4777E-03
     538.500  3941.500     3.0383E-03
     539.500  3941.500     1.4186E-03
     540.500  3941.500     6.4785E-04
     541.500  3941.500     2.5935E-04
     542.500  3941.500     1.1420E-04
     543.500  3941.500     4.6394E-05
     544.500  3941.500     1.2120E-05
     495.500  3942.500     0.0000E+00
     496.500  3942.500     0.0000E+00
     497.500  3942.500     0.0000E+00
     498.500  3942.500     0.0000E+00
     499.500  3942.500     0.0000E+00
     500.500  3942.500     0.0000E+00
     501.500  3942.500     0.0000E+00
     502.500  3942.500     0.0000E+00
     503.500  3942.500     0.0000E+00
     504.500  3942.500     0.0000E+00
     505.500  3942.500     0.0000E+00
     506.500  3942.500     0.0000E+00
     507.500  3942.500     0.0000E+00
     508.500  3942.500     0.0000E+00
     509.500  3942.500     0.0000E+00
     510.500  3942.500     0.0000E+00
     511.500  3942.500     0.0000E+00
     512.500  3942.500     0.0000E+00
     513.500  3942.500     5.9732E-05
     514.500  3942.500     3.6218E-04
     515.500  3942.500     8.8382E-04
     516.500  3942.500     1.7845E-03
     517.500  3942.500     3.3763E-03
     518.500  3942.500     7.9523E-03
     519.500  3942.500     2.6172E-02
     520.500  3942.500     6.3125E-02
     521.500  3942.500     1.2737E-01
     522.500  3942.500     2.3033E-01
     523.500  3942.500     3.7260E-01
     524.500  3942.500     5.4357E-01
     525.500  3942.500     7.1569E-01
     526.500  3942.500     8.5003E-01
     527.500  3942.500     9.1503E-01
     528.500  3942.500     8.9628E-01
     529.500  3942.500     7.9937E-01
     530.500  3942.500     6.5113E-01
     531.500  3942.500     4.8183E-01
     532.500  3942.500     3.2375E-01
     533.500  3942.500     1.9717E-01
     534.500  3942.500     1.0969E-01
     535.500  3942.500     5.4838E-02
     536.500  3942.500     2.6021E-02
     537.500  3942.500     1.2162E-02
     538.500  3942.500     5.9674E-03
     539.500  3942.500     3.0294E-03
     540.500  3942.500     1.4581E-03
     541.500  3942.500     6.3070E-04
     542.500  3942.500     2.7165E-04
     543.500  3942.500     1.0457E-04
     544.500  3942.500     4.1431E-05
     495.500  3943.500     0.0000E+00
     496.500  3943.500     0.0000E+00
     497.500  3943.500     0.0000E+00
     498.500  3943.500     0.0000E+00
     499.500  3943.500     0.0000E+00
     500.500  3943.500     0.0000E+00
     501.500  3943.500     0.0000E+00
     502.500  3943.500     0.0000E+00
     503.500  3943.500     0.0000E+00
     504.500  3943.500     0.0000E+00
     505.500  3943.500     0.0000E+00
     506.500  3943.500     0.0000E+00
     507.500  3943.500     0.0000E+00
     508.500  3943.500     0.0000E+00
     509.500  3943.500     0.0000E+00
     510.500  3943.500     0.0000E+00
     511.500  3943.500     0.0000E+00
     512.500  3943.500     0.0000E+00
     513.500  3943.500     1.8977E-04
     514.500  3943.500     5.1263E-04
     515.500  3943.500     1.0833E-03
     516.500  3943.500     2.1335E-03
     517.500  3943.500     3.9245E-03
     518.500  3943.500     1.3495E-02
     519.500  3943.500     3.5828E-02
     520.500  3943.500     7.5479E-02
     521.500  3943.500     1.4212E-01
     522.500  3943.500     2.4155E-01
     523.500  3943.500     3.7372E-01
     524.500  3943.500     5.2973E-01
     525.500  3943.500     6.8425E-01
     526.500  3943.500     8.0969E-01
     527.500  3943.500     8.7912E-01
     528.500  3943.500     8.7644E-01
     529.500  3943.500     8.0431E-01
     530.500  3943.500     6.7866E-01
     531.500  3943.500     5.2577E-01
     532.500  3943.500     3.7374E-01
     533.500  3943.500     2.4376E-01
     534.500  3943.500     1.4622E-01
     535.500  3943.500     8.1684E-02
     536.500  3943.500     4.2199E-02
     537.500  3943.500     2.0954E-02
     538.500  3943.500     1.0582E-02
     539.500  3943.500     5.4355E-03
     540.500  3943.500     2.8560E-03
     541.500  3943.500     1.3689E-03
     542.500  3943.500     5.5018E-04
     543.500  3943.500     2.1925E-04
     544.500  3943.500     8.8080E-05
     495.500  3944.500     0.0000E+00
     496.500  3944.500     0.0000E+00
     497.500  3944.500     0.0000E+00
     498.500  3944.500     0.0000E+00
     499.500  3944.500     0.0000E+00
     500.500  3944.500     0.0000E+00
     501.500  3944.500     0.0000E+00
     502.500  3944.500     0.0000E+00
     503.500  3944.500     0.0000E+00
     504.500  3944.500     0.0000E+00
     505.500  3944.500     0.0000E+00
     506.500  3944.500     0.0000E+00
     507.500  3944.500     0.0000E+00
     508.500  3944.500     0.0000E+00
     509.500  3944.500     0.0000E+00
     510.500  3944.500     0.0000E+00
     511.500  3944.500     0.0000E+00
     512.500  3944.500     8.4597E-05
     513.500  3944.500     2.9667E-04
     514.500  3944.500     6.6188E-04
     515.500  3944.500     1.3372E-03
     516.500  3944.500     2.4956E-03
     517.500  3944.500     6.5617E-03
     518.500  3944.500     2.0513E-02
     519.500  3944.500     4.5341E-02
     520.500  3944.500     8.8182E-02
     521.500  3944.500     1.5426E-01
     522.500  3944.500     2.4883E-01
     523.500  3944.500     3.7097E-01
     524.500  3944.500     5.1031E-01
     525.500  3944.500     6.4955E-01
     526.500  3944.500     7.6516E-01
     527.500  3944.500     8.3496E-01
     528.500  3944.500     8.4502E-01
     529.500  3944.500     7.9423E-01
     530.500  3944.500     6.9125E-01
     531.500  3944.500     5.5863E-01
     532.500  3944.500     4.1738E-01
     533.500  3944.500     2.8865E-01
     534.500  3944.500     1.8543E-01
     535.500  3944.500     1.1137E-01
     536.500  3944.500     6.2912E-02
     537.500  3944.500     3.3611E-02
     538.500  3944.500     1.7215E-02
     539.500  3944.500     8.9822E-03
     540.500  3944.500     4.7500E-03
     541.500  3944.500     2.4383E-03
     542.500  3944.500     1.1164E-03
     543.500  3944.500     4.4564E-04
     544.500  3944.500     1.7092E-04
     495.500  3945.500     0.0000E+00
     496.500  3945.500     0.0000E+00
     497.500  3945.500     0.0000E+00
     498.500  3945.500     0.0000E+00
     499.500  3945.500     0.0000E+00
     500.500  3945.500     0.0000E+00
     501.500  3945.500     0.0000E+00
     502.500  3945.500     0.0000E+00
     503.500  3945.500     0.0000E+00
     504.500  3945.500     0.0000E+00
     505.500  3945.500     0.0000E+00
     506.500  3945.500     0.0000E+00
     507.500  3945.500     0.0000E+00
     508.500  3945.500     0.0000E+00
     509.500  3945.500     0.0000E+00
     510.500  3945.500     0.0000E+00
     511.500  3945.500     2.3925E-05
     512.500  3945.500     1.6679E-04
     513.500  3945.500     3.9125E-04
     514.500  3945.500     8.2320E-04
     515.500  3945.500     1.5901E-03
     516.500  3945.500     3.0069E-03
     517.500  3945.500     1.1869E-02
     518.500  3945.500     2.7428E-02
     519.500  3945.500     5.4634E-02
     520.500  3945.500     9.8332E-02
     521.500  3945.500     1.6313E-01
     522.500  3945.500     2.5136E-01
     523.500  3945.500     3.6238E-01
     524.500  3945.500     4.8703E-01
     525.500  3945.500     6.1106E-01
     526.500  3945.500     7.1661E-01
     527.500  3945.500     7.8485E-01
     528.500  3945.500     8.0379E-01
     529.500  3945.500     7.7004E-01
     530.500  3945.500     6.8922E-01
     531.500  3945.500     5.7707E-01
     532.500  3945.500     4.5065E-01
     533.500  3945.500     3.2880E-01
     534.500  3945.500     2.2396E-01
     535.500  3945.500     1.4286E-01
     536.500  3945.500     8.6277E-02
     537.500  3945.500     4.9321E-02
     538.500  3945.500     2.6884E-02
     539.500  3945.500     1.4107E-02
     540.500  3945.500     7.3900E-03
     541.500  3945.500     3.9947E-03
     542.500  3945.500     1.9553E-03
     543.500  3945.500     8.5339E-04
     544.500  3945.500     3.2173E-04
     495.500  3946.500     0.0000E+00
     496.500  3946.500     0.0000E+00
     497.500  3946.500     0.0000E+00
     498.500  3946.500     0.0000E+00
     499.500  3946.500     0.0000E+00
     500.500  3946.500     0.0000E+00
     501.500  3946.500     0.0000E+00
     502.500  3946.500     0.0000E+00
     503.500  3946.500     0.0000E+00
     504.500  3946.500     0.0000E+00
     505.500  3946.500     0.0000E+00
     506.500  3946.500     0.0000E+00
     507.500  3946.500     0.0000E+00
     508.500  3946.500     0.0000E+00
     509.500  3946.500     0.0000E+00
     510.500  3946.500     5.9501E-06
     511.500  3946.500     8.9504E-05
     512.500  3946.500     2.2687E-04
     513.500  3946.500     4.8631E-04
     514.500  3946.500     1.0106E-03
     515.500  3946.500     1.8658E-03
     516.500  3946.500     6.5822E-03
     517.500  3946.500     1.6274E-02
     518.500  3946.500     3.3885E-02
     519.500  3946.500     6.2814E-02
     520.500  3946.500     1.0592E-01
     521.500  3946.500     1.6783E-01
     522.500  3946.500     2.4953E-01
     523.500  3946.500     3.4927E-01
     524.500  3946.500     4.5991E-01
     525.500  3946.500     5.7021E-01
     526.500  3946.500     6.6521E-01
     527.500  3946.500     7.3055E-01
     528.500  3946.500     7.5499E-01
     529.500  3946.500     7.3447E-01
     530.500  3946.500     6.7348E-01
     531.500  3946.500     5.8033E-01
     532.500  3946.500     4.7042E-01
     533.500  3946.500     3.5816E-01
     534.500  3946.500     2.5692E-01
     535.500  3946.500     1.7357E-01
     536.500  3946.500     1.1091E-01
     537.500  3946.500     6.7378E-02
     538.500  3946.500     3.8723E-02
     539.500  3946.500     2.1202E-02
     540.500  3946.500     1.1316E-02
     541.500  3946.500     5.9017E-03
     542.500  3946.500     3.0975E-03
     543.500  3946.500     1.4983E-03
     544.500  3946.500     6.0559E-04
     495.500  3947.500     0.0000E+00
     496.500  3947.500     0.0000E+00
     497.500  3947.500     0.0000E+00
     498.500  3947.500     0.0000E+00
     499.500  3947.500     0.0000E+00
     500.500  3947.500     0.0000E+00
     501.500  3947.500     0.0000E+00
     502.500  3947.500     0.0000E+00
     503.500  3947.500     0.0000E+00
     504.500  3947.500     0.0000E+00
     505.500  3947.500     0.0000E+00
     506.500  3947.500     0.0000E+00
     507.500  3947.500     0.0000E+00
     508.500  3947.500     0.0000E+00
     509.500  3947.500     0.0000E+00
     510.500  3947.500     4.3600E-05
     511.500  3947.500     1.2529E-04
     512.500  3947.500     2.7561E-04
     513.500  3947.500     6.0415E-04
     514.500  3947.500     1.1923E-03
     515.500  3947.500     3.5096E-03
     516.500  3947.500     9.5845E-03
     517.500  3947.500     2.0958E-02
     518.500  3947.500     3.9968E-02
     519.500  3947.500     6.8968E-02
     520.500  3947.500     1.1122E-01
     521.500  3947.500     1.6915E-01
     522.500  3947.500     2.4365E-01
     523.500  3947.500     3.3270E-01
     524.500  3947.500     4.3031E-01
     525.500  3947.500     5.2716E-01
     526.500  3947.500     6.1176E-01
     527.500  3947.500     6.7268E-01
     528.500  3947.500     7.0062E-01
     529.500  3947.500     6.9032E-01
     530.500  3947.500     6.4474E-01
     531.500  3947.500     5.6970E-01
     532.500  3947.500     4.7683E-01
     533.500  3947.500     3.7738E-01
     534.500  3947.500     2.8269E-01
     535.500  3947.500     2.0000E-01
     536.500  3947.500     1.3393E-01
     537.500  3947.500     8.5591E-02
     538.500  3947.500     5.2154E-02
     539.500  3947.500     3.0035E-02
     540.500  3947.500     1.6417E-02
     541.500  3947.500     8.7171E-03
     542.500  3947.500     4.5912E-03
     543.500  3947.500     2.2476E-03
     544.500  3947.500     9.8779E-04
     495.500  3948.500     0.0000E+00
     496.500  3948.500     0.0000E+00
     497.500  3948.500     0.0000E+00
     498.500  3948.500     0.0000E+00
     499.500  3948.500     0.0000E+00
     500.500  3948.500     0.0000E+00
     501.500  3948.500     0.0000E+00
     502.500  3948.500     0.0000E+00
     503.500  3948.500     0.0000E+00
     504.500  3948.500     0.0000E+00
     505.500  3948.500     0.0000E+00
     506.500  3948.500     0.0000E+00
     507.500  3948.500     0.0000E+00
     508.500  3948.500     0.0000E+00
     509.500  3948.500     1.6056E-05
     510.500  3948.500     6.4127E-05
     511.500  3948.500     1.5539E-04
     512.500  3948.500     3.4345E-04
     513.500  3948.500     7.3077E-04
     514.500  3948.500     1.9414E-03
     515.500  3948.500     5.2812E-03
     516.500  3948.500     1.2612E-02
     517.500  3948.500     2.5423E-02
     518.500  3948.500     4.4599E-02
     519.500  3948.500     7.3189E-02
     520.500  3948.500     1.1324E-01
     521.500  3948.500     1.6709E-01
     522.500  3948.500     2.3404E-01
     523.500  3948.500     3.1295E-01
     524.500  3948.500     3.9820E-01
     525.500  3948.500     4.8276E-01
     526.500  3948.500     5.5751E-01
     527.500  3948.500     6.1309E-01
     528.500  3948.500     6.4202E-01
     529.500  3948.500     6.4002E-01
     530.500  3948.500     6.0641E-01
     531.500  3948.500     5.4746E-01
     532.500  3948.500     4.7004E-01
     533.500  3948.500     3.8353E-01
     534.500  3948.500     2.9763E-01
     535.500  3948.500     2.1942E-01
     536.500  3948.500     1.5403E-01
     537.500  3948.500     1.0279E-01
     538.500  3948.500     6.5371E-02
     539.500  3948.500     3.9603E-02
     540.500  3948.500     2.2805E-02
     541.500  3948.500     1.2385E-02
     542.500  3948.500     6.4981E-03
     543.500  3948.500     3.3480E-03
     544.500  3948.500     1.4662E-03
     495.500  3949.500     0.0000E+00
     496.500  3949.500     0.0000E+00
     497.500  3949.500     0.0000E+00
     498.500  3949.500     0.0000E+00
     499.500  3949.500     0.0000E+00
     500.500  3949.500     0.0000E+00
     501.500  3949.500     0.0000E+00
     502.500  3949.500     0.0000E+00
     503.500  3949.500     0.0000E+00
     504.500  3949.500     0.0000E+00
     505.500  3949.500     0.0000E+00
     506.500  3949.500     0.0000E+00
     507.500  3949.500     0.0000E+00
     508.500  3949.500     3.0907E-06
     509.500  3949.500     2.6379E-05
     510.500  3949.500     7.9901E-05
     511.500  3949.500     1.7757E-04
     512.500  3949.500     4.1797E-04
     513.500  3949.500     9.8664E-04
     514.500  3949.500     2.7826E-03
     515.500  3949.500     7.3757E-03
     516.500  3949.500     1.5529E-02
     517.500  3949.500     2.8349E-02
     518.500  3949.500     4.7777E-02
     519.500  3949.500     7.5487E-02
     520.500  3949.500     1.1278E-01
     521.500  3949.500     1.6125E-01
     522.500  3949.500     2.2137E-01
     523.500  3949.500     2.9027E-01
     524.500  3949.500     3.6434E-01
     525.500  3949.500     4.3780E-01
     526.500  3949.500     5.0318E-01
     527.500  3949.500     5.5258E-01
     528.500  3949.500     5.8068E-01
     529.500  3949.500     5.8358E-01
     530.500  3949.500     5.6010E-01
     531.500  3949.500     5.1400E-01
     532.500  3949.500     4.5063E-01
     533.500  3949.500     3.7757E-01
     534.500  3949.500     3.0220E-01
     535.500  3949.500     2.3075E-01
     536.500  3949.500     1.6809E-01
     537.500  3949.500     1.1673E-01
     538.500  3949.500     7.7392E-02
     539.500  3949.500     4.9064E-02
     540.500  3949.500     2.9538E-02
     541.500  3949.500     1.6876E-02
     542.500  3949.500     9.1474E-03
     543.500  3949.500     4.6604E-03
     544.500  3949.500     2.2188E-03
     495.500  3950.500     0.0000E+00
     496.500  3950.500     0.0000E+00
     497.500  3950.500     0.0000E+00
     498.500  3950.500     0.0000E+00
     499.500  3950.500     0.0000E+00
     500.500  3950.500     0.0000E+00
     501.500  3950.500     0.0000E+00
     502.500  3950.500     0.0000E+00
     503.500  3950.500     0.0000E+00
     504.500  3950.500     0.0000E+00
     505.500  3950.500     0.0000E+00
     506.500  3950.500     0.0000E+00
     507.500  3950.500     0.0000E+00
     508.500  3950.500     1.0033E-05
     509.500  3950.500     3.4682E-05
     510.500  3950.500     9.3302E-05
     511.500  3950.500     2.1551E-04
     512.500  3950.500     4.7655E-04
     513.500  3950.500     1.3584E-03
     514.500  3950.500     3.7902E-03
     515.500  3950.500     9.2201E-03
     516.500  3950.500     1.7569E-02
     517.500  3950.500     3.0473E-02
     518.500  3950.500     4.8937E-02
     519.500  3950.500     7.5070E-02
     520.500  3950.500     1.0964E-01
     521.500  3950.500     1.5310E-01
     522.500  3950.500     2.0589E-01
     523.500  3950.500     2.6560E-01
     524.500  3950.500     3.2952E-01
     525.500  3950.500     3.9254E-01
     526.500  3950.500     4.4892E-01
     527.500  3950.500     4.9247E-01
     528.500  3950.500     5.1832E-01
     529.500  3950.500     5.2372E-01
     530.500  3950.500     5.0810E-01
     531.500  3950.500     4.7276E-01
     532.500  3950.500     4.2160E-01
     533.500  3950.500     3.6113E-01
     534.500  3950.500     2.9596E-01
     535.500  3950.500     2.3291E-01
     536.500  3950.500     1.7516E-01
     537.500  3950.500     1.2612E-01
     538.500  3950.500     8.6756E-02
     539.500  3950.500     5.7148E-02
     540.500  3950.500     3.6065E-02
     541.500  3950.500     2.1537E-02
     542.500  3950.500     1.2076E-02
     543.500  3950.500     6.5581E-03
     544.500  3950.500     3.2642E-03
     495.500  3951.500     0.0000E+00
     496.500  3951.500     0.0000E+00
     497.500  3951.500     0.0000E+00
     498.500  3951.500     0.0000E+00
     499.500  3951.500     0.0000E+00
     500.500  3951.500     0.0000E+00
     501.500  3951.500     0.0000E+00
     502.500  3951.500     0.0000E+00
     503.500  3951.500     0.0000E+00
     504.500  3951.500     0.0000E+00
     505.500  3951.500     0.0000E+00
     506.500  3951.500     0.0000E+00
     507.500  3951.500     9.7371E-07
     508.500  3951.500     1.3800E-05
     509.500  3951.500     4.0039E-05
     510.500  3951.500     1.0713E-04
     511.500  3951.500     2.5066E-04
     512.500  3951.500     5.9978E-04
     513.500  3951.500     1.8333E-03
     514.500  3951.500     4.9542E-03
     515.500  3951.500     1.0363E-02
     516.500  3951.500     1.8684E-02
     517.500  3951.500     3.1301E-02
     518.500  3951.500     4.8886E-02
     519.500  3951.500     7.2820E-02
     520.500  3951.500     1.0388E-01
     521.500  3951.500     1.4249E-01
     522.500  3951.500     1.8826E-01
     523.500  3951.500     2.3966E-01
     524.500  3951.500     2.9403E-01
     525.500  3951.500     3.4780E-01
     526.500  3951.500     3.9568E-01
     527.500  3951.500     4.3333E-01
     528.500  3951.500     4.5667E-01
     529.500  3951.500     4.6332E-01
     530.500  3951.500     4.5237E-01
     531.500  3951.500     4.2550E-01
     532.500  3951.500     3.8545E-01
     533.500  3951.500     3.3522E-01
     534.500  3951.500     2.8092E-01
     535.500  3951.500     2.2597E-01
     536.500  3951.500     1.7478E-01
     537.500  3951.500     1.2997E-01
     538.500  3951.500     9.2532E-02
     539.500  3951.500     6.3105E-02
     540.500  3951.500     4.1210E-02
     541.500  3951.500     2.5767E-02
     542.500  3951.500     1.5198E-02
     543.500  3951.500     8.5832E-03
     544.500  3951.500     4.5132E-03
     495.500  3952.500     0.0000E+00
     496.500  3952.500     0.0000E+00
     497.500  3952.500     0.0000E+00
     498.500  3952.500     0.0000E+00
     499.500  3952.500     0.0000E+00
     500.500  3952.500     0.0000E+00
     501.500  3952.500     0.0000E+00
     502.500  3952.500     0.0000E+00
     503.500  3952.500     0.0000E+00
     504.500  3952.500     0.0000E+00
     505.500  3952.500     0.0000E+00
     506.500  3952.500     0.0000E+00
     507.500  3952.500     2.4588E-06
     508.500  3952.500     1.6426E-05
     509.500  3952.500     4.6046E-05
     510.500  3952.500     1.2229E-04
     511.500  3952.500     2.7552E-04
     512.500  3952.500     7.8321E-04
     513.500  3952.500     2.4069E-03
     514.500  3952.500     5.6834E-03
     515.500  3952.500     1.1200E-02
     516.500  3952.500     1.9261E-02
     517.500  3952.500     3.1079E-02
     518.500  3952.500     4.7446E-02
     519.500  3952.500     6.8969E-02
     520.500  3952.500     9.6513E-02
     521.500  3952.500     1.3032E-01
     522.500  3952.500     1.6963E-01
     523.500  3952.500     2.1313E-01
     524.500  3952.500     2.5922E-01
     525.500  3952.500     3.0400E-01
     526.500  3952.500     3.4415E-01
     527.500  3952.500     3.7609E-01
     528.500  3952.500     3.9682E-01
     529.500  3952.500     4.0380E-01
     530.500  3952.500     3.9699E-01
     531.500  3952.500     3.7616E-01
     532.500  3952.500     3.4451E-01
     533.500  3952.500     3.0399E-01
     534.500  3952.500     2.5933E-01
     535.500  3952.500     2.1308E-01
     536.500  3952.500     1.6864E-01
     537.500  3952.500     1.2844E-01
     538.500  3952.500     9.3989E-02
     539.500  3952.500     6.6092E-02
     540.500  3952.500     4.4784E-02
     541.500  3952.500     2.8919E-02
     542.500  3952.500     1.7977E-02
     543.500  3952.500     1.0408E-02
     544.500  3952.500     5.8180E-03
     495.500  3953.500     0.0000E+00
     496.500  3953.500     0.0000E+00
     497.500  3953.500     0.0000E+00
     498.500  3953.500     0.0000E+00
     499.500  3953.500     0.0000E+00
     500.500  3953.500     0.0000E+00
     501.500  3953.500     0.0000E+00
     502.500  3953.500     0.0000E+00
     503.500  3953.500     0.0000E+00
     504.500  3953.500     0.0000E+00
     505.500  3953.500     0.0000E+00
     506.500  3953.500     1.0517E-08
     507.500  3953.500     2.9557E-06
     508.500  3953.500     1.9146E-05
     509.500  3953.500     5.1495E-05
     510.500  3953.500     1.3335E-04
     511.500  3953.500     2.8357E-04
     512.500  3953.500     9.4925E-04
     513.500  3953.500     2.7034E-03
     514.500  3953.500     6.1071E-03
     515.500  3953.500     1.1311E-02
     516.500  3953.500     1.9106E-02
     517.500  3953.500     3.0007E-02
     518.500  3953.500     4.4877E-02
     519.500  3953.500     6.3859E-02
     520.500  3953.500     8.7951E-02
     521.500  3953.500     1.1701E-01
     522.500  3953.500     1.5034E-01
     523.500  3953.500     1.8718E-01
     524.500  3953.500     2.2540E-01
     525.500  3953.500     2.6238E-01
     526.500  3953.500     2.9580E-01
     527.500  3953.500     3.2256E-01
     528.500  3953.500     3.4016E-01
     529.500  3953.500     3.4713E-01
     530.500  3953.500     3.4266E-01
     531.500  3953.500     3.2709E-01
     532.500  3953.500     3.0204E-01
     533.500  3953.500     2.7018E-01
     534.500  3953.500     2.3347E-01
     535.500  3953.500     1.9498E-01
     536.500  3953.500     1.5712E-01
     537.500  3953.500     1.2256E-01
     538.500  3953.500     9.2054E-02
     539.500  3953.500     6.6501E-02
     540.500  3953.500     4.6038E-02
     541.500  3953.500     3.0829E-02
     542.500  3953.500     1.9741E-02
     543.500  3953.500     1.1995E-02
     544.500  3953.500     6.9930E-03
     495.500  3954.500     0.0000E+00
     496.500  3954.500     0.0000E+00
     497.500  3954.500     0.0000E+00
     498.500  3954.500     0.0000E+00
     499.500  3954.500     0.0000E+00
     500.500  3954.500     0.0000E+00
     501.500  3954.500     0.0000E+00
     502.500  3954.500     0.0000E+00
     503.500  3954.500     0.0000E+00
     504.500  3954.500     0.0000E+00
     505.500  3954.500     0.0000E+00
     506.500  3954.500     1.2609E-08
     507.500  3954.500     3.3836E-06
     508.500  3954.500     1.9134E-05
     509.500  3954.500     5.5134E-05
     510.500  3954.500     1.2754E-04
     511.500  3954.500     3.1627E-04
     512.500  3954.500     1.0926E-03
     513.500  3954.500     2.8546E-03
     514.500  3954.500     6.1821E-03
     515.500  3954.500     1.1059E-02
     516.500  3954.500     1.8273E-02
     517.500  3954.500     2.8134E-02
     518.500  3954.500     4.1441E-02
     519.500  3954.500     5.8085E-02
     520.500  3954.500     7.8734E-02
     521.500  3954.500     1.0331E-01
     522.500  3954.500     1.3132E-01
     523.500  3954.500     1.6207E-01
     524.500  3954.500     1.9339E-01
     525.500  3954.500     2.2408E-01
     526.500  3954.500     2.5148E-01
     527.500  3954.500     2.7349E-01
     528.500  3954.500     2.8823E-01
     529.500  3954.500     2.9449E-01
     530.500  3954.500     2.9166E-01
     531.500  3954.500     2.8025E-01
     532.500  3954.500     2.6050E-01
     533.500  3954.500     2.3519E-01
     534.500  3954.500     2.0558E-01
     535.500  3954.500     1.7422E-01
     536.500  3954.500     1.4311E-01
     537.500  3954.500     1.1357E-01
     538.500  3954.500     8.7080E-02
     539.500  3954.500     6.4345E-02
     540.500  3954.500     4.5858E-02
     541.500  3954.500     3.1474E-02
     542.500  3954.500     2.0714E-02
     543.500  3954.500     1.3133E-02
     544.500  3954.500     7.8057E-03
     523.642  3934.174     9.3696E-02
     533.661  3935.153     6.0659E-02
     534.934  3933.278     2.7497E-02
     537.941  3928.923     0.0000E+00
     539.209  3926.428     0.0000E+00
     530.687  3933.234     4.8585E-01
     528.743  3936.682     7.9618E-01
     529.379  3937.549     6.6796E-01
     527.900  3932.391     1.3026E+00
     529.626  3931.465     4.8283E-01
     530.937  3931.355     6.0715E-01
     534.513  3928.843     1.7538E-03
     530.716  3928.240     5.9054E-01
     527.755  3927.782     1.0807E-01
     530.426  3921.802     1.3701E-01
     528.551  3921.285     1.3302E-02
     529.374  3937.537     6.6876E-01
