        1   HOUR AVERAGE  CONCENTRATION VALUES AT EACH RECEPTOR  (ug/m**3)    

                   PM2.5         1

     RECEPTOR (x,y) km      VALUE
 
     495.500  3905.500     0.0000E+00
     496.500  3905.500     0.0000E+00
     497.500  3905.500     0.0000E+00
     498.500  3905.500     0.0000E+00
     499.500  3905.500     0.0000E+00
     500.500  3905.500     0.0000E+00
     501.500  3905.500     0.0000E+00
     502.500  3905.500     0.0000E+00
     503.500  3905.500     0.0000E+00
     504.500  3905.500     0.0000E+00
     505.500  3905.500     0.0000E+00
     506.500  3905.500     0.0000E+00
     507.500  3905.500     0.0000E+00
     508.500  3905.500     0.0000E+00
     509.500  3905.500     0.0000E+00
     510.500  3905.500     0.0000E+00
     511.500  3905.500     0.0000E+00
     512.500  3905.500     0.0000E+00
     513.500  3905.500     0.0000E+00
     514.500  3905.500     0.0000E+00
     515.500  3905.500     0.0000E+00
     516.500  3905.500     0.0000E+00
     517.500  3905.500     0.0000E+00
     518.500  3905.500     0.0000E+00
     519.500  3905.500     0.0000E+00
     520.500  3905.500     0.0000E+00
     521.500  3905.500     0.0000E+00
     522.500  3905.500     0.0000E+00
     523.500  3905.500     0.0000E+00
     524.500  3905.500     0.0000E+00
     525.500  3905.500     0.0000E+00
     526.500  3905.500     0.0000E+00
     527.500  3905.500     0.0000E+00
     528.500  3905.500     0.0000E+00
     529.500  3905.500     0.0000E+00
     530.500  3905.500     0.0000E+00
     531.500  3905.500     0.0000E+00
     532.500  3905.500     0.0000E+00
     533.500  3905.500     0.0000E+00
     534.500  3905.500     0.0000E+00
     535.500  3905.500     0.0000E+00
     536.500  3905.500     0.0000E+00
     537.500  3905.500     0.0000E+00
     538.500  3905.500     0.0000E+00
     539.500  3905.500     0.0000E+00
     540.500  3905.500     0.0000E+00
     541.500  3905.500     0.0000E+00
     542.500  3905.500     0.0000E+00
     543.500  3905.500     0.0000E+00
     544.500  3905.500     0.0000E+00
     495.500  3906.500     0.0000E+00
     496.500  3906.500     0.0000E+00
     497.500  3906.500     0.0000E+00
     498.500  3906.500     0.0000E+00
     499.500  3906.500     0.0000E+00
     500.500  3906.500     0.0000E+00
     501.500  3906.500     0.0000E+00
     502.500  3906.500     0.0000E+00
     503.500  3906.500     0.0000E+00
     504.500  3906.500     0.0000E+00
     505.500  3906.500     0.0000E+00
     506.500  3906.500     0.0000E+00
     507.500  3906.500     0.0000E+00
     508.500  3906.500     0.0000E+00
     509.500  3906.500     0.0000E+00
     510.500  3906.500     0.0000E+00
     511.500  3906.500     0.0000E+00
     512.500  3906.500     0.0000E+00
     513.500  3906.500     0.0000E+00
     514.500  3906.500     0.0000E+00
     515.500  3906.500     0.0000E+00
     516.500  3906.500     0.0000E+00
     517.500  3906.500     0.0000E+00
     518.500  3906.500     0.0000E+00
     519.500  3906.500     0.0000E+00
     520.500  3906.500     0.0000E+00
     521.500  3906.500     0.0000E+00
     522.500  3906.500     0.0000E+00
     523.500  3906.500     0.0000E+00
     524.500  3906.500     0.0000E+00
     525.500  3906.500     0.0000E+00
     526.500  3906.500     0.0000E+00
     527.500  3906.500     0.0000E+00
     528.500  3906.500     0.0000E+00
     529.500  3906.500     0.0000E+00
     530.500  3906.500     0.0000E+00
     531.500  3906.500     0.0000E+00
     532.500  3906.500     0.0000E+00
     533.500  3906.500     0.0000E+00
     534.500  3906.500     0.0000E+00
     535.500  3906.500     0.0000E+00
     536.500  3906.500     0.0000E+00
     537.500  3906.500     0.0000E+00
     538.500  3906.500     0.0000E+00
     539.500  3906.500     0.0000E+00
     540.500  3906.500     0.0000E+00
     541.500  3906.500     0.0000E+00
     542.500  3906.500     0.0000E+00
     543.500  3906.500     0.0000E+00
     544.500  3906.500     0.0000E+00
     495.500  3907.500     0.0000E+00
     496.500  3907.500     0.0000E+00
     497.500  3907.500     0.0000E+00
     498.500  3907.500     0.0000E+00
     499.500  3907.500     0.0000E+00
     500.500  3907.500     0.0000E+00
     501.500  3907.500     0.0000E+00
     502.500  3907.500     0.0000E+00
     503.500  3907.500     0.0000E+00
     504.500  3907.500     0.0000E+00
     505.500  3907.500     0.0000E+00
     506.500  3907.500     0.0000E+00
     507.500  3907.500     0.0000E+00
     508.500  3907.500     0.0000E+00
     509.500  3907.500     0.0000E+00
     510.500  3907.500     0.0000E+00
     511.500  3907.500     0.0000E+00
     512.500  3907.500     0.0000E+00
     513.500  3907.500     0.0000E+00
     514.500  3907.500     0.0000E+00
     515.500  3907.500     0.0000E+00
     516.500  3907.500     0.0000E+00
     517.500  3907.500     0.0000E+00
     518.500  3907.500     0.0000E+00
     519.500  3907.500     0.0000E+00
     520.500  3907.500     0.0000E+00
     521.500  3907.500     0.0000E+00
     522.500  3907.500     0.0000E+00
     523.500  3907.500     0.0000E+00
     524.500  3907.500     0.0000E+00
     525.500  3907.500     0.0000E+00
     526.500  3907.500     0.0000E+00
     527.500  3907.500     0.0000E+00
     528.500  3907.500     0.0000E+00
     529.500  3907.500     0.0000E+00
     530.500  3907.500     0.0000E+00
     531.500  3907.500     0.0000E+00
     532.500  3907.500     0.0000E+00
     533.500  3907.500     0.0000E+00
     534.500  3907.500     0.0000E+00
     535.500  3907.500     0.0000E+00
     536.500  3907.500     0.0000E+00
     537.500  3907.500     0.0000E+00
     538.500  3907.500     0.0000E+00
     539.500  3907.500     0.0000E+00
     540.500  3907.500     0.0000E+00
     541.500  3907.500     0.0000E+00
     542.500  3907.500     0.0000E+00
     543.500  3907.500     0.0000E+00
     544.500  3907.500     0.0000E+00
     495.500  3908.500     0.0000E+00
     496.500  3908.500     0.0000E+00
     497.500  3908.500     0.0000E+00
     498.500  3908.500     0.0000E+00
     499.500  3908.500     0.0000E+00
     500.500  3908.500     0.0000E+00
     501.500  3908.500     0.0000E+00
     502.500  3908.500     0.0000E+00
     503.500  3908.500     0.0000E+00
     504.500  3908.500     0.0000E+00
     505.500  3908.500     0.0000E+00
     506.500  3908.500     0.0000E+00
     507.500  3908.500     0.0000E+00
     508.500  3908.500     0.0000E+00
     509.500  3908.500     0.0000E+00
     510.500  3908.500     0.0000E+00
     511.500  3908.500     0.0000E+00
     512.500  3908.500     0.0000E+00
     513.500  3908.500     0.0000E+00
     514.500  3908.500     0.0000E+00
     515.500  3908.500     0.0000E+00
     516.500  3908.500     0.0000E+00
     517.500  3908.500     0.0000E+00
     518.500  3908.500     0.0000E+00
     519.500  3908.500     0.0000E+00
     520.500  3908.500     0.0000E+00
     521.500  3908.500     0.0000E+00
     522.500  3908.500     0.0000E+00
     523.500  3908.500     0.0000E+00
     524.500  3908.500     0.0000E+00
     525.500  3908.500     0.0000E+00
     526.500  3908.500     0.0000E+00
     527.500  3908.500     0.0000E+00
     528.500  3908.500     0.0000E+00
     529.500  3908.500     0.0000E+00
     530.500  3908.500     0.0000E+00
     531.500  3908.500     0.0000E+00
     532.500  3908.500     0.0000E+00
     533.500  3908.500     0.0000E+00
     534.500  3908.500     0.0000E+00
     535.500  3908.500     0.0000E+00
     536.500  3908.500     0.0000E+00
     537.500  3908.500     0.0000E+00
     538.500  3908.500     0.0000E+00
     539.500  3908.500     0.0000E+00
     540.500  3908.500     0.0000E+00
     541.500  3908.500     0.0000E+00
     542.500  3908.500     0.0000E+00
     543.500  3908.500     0.0000E+00
     544.500  3908.500     0.0000E+00
     495.500  3909.500     0.0000E+00
     496.500  3909.500     0.0000E+00
     497.500  3909.500     0.0000E+00
     498.500  3909.500     0.0000E+00
     499.500  3909.500     0.0000E+00
     500.500  3909.500     0.0000E+00
     501.500  3909.500     0.0000E+00
     502.500  3909.500     0.0000E+00
     503.500  3909.500     0.0000E+00
     504.500  3909.500     0.0000E+00
     505.500  3909.500     0.0000E+00
     506.500  3909.500     0.0000E+00
     507.500  3909.500     0.0000E+00
     508.500  3909.500     0.0000E+00
     509.500  3909.500     0.0000E+00
     510.500  3909.500     0.0000E+00
     511.500  3909.500     0.0000E+00
     512.500  3909.500     0.0000E+00
     513.500  3909.500     0.0000E+00
     514.500  3909.500     0.0000E+00
     515.500  3909.500     0.0000E+00
     516.500  3909.500     0.0000E+00
     517.500  3909.500     0.0000E+00
     518.500  3909.500     0.0000E+00
     519.500  3909.500     0.0000E+00
     520.500  3909.500     0.0000E+00
     521.500  3909.500     0.0000E+00
     522.500  3909.500     0.0000E+00
     523.500  3909.500     0.0000E+00
     524.500  3909.500     0.0000E+00
     525.500  3909.500     0.0000E+00
     526.500  3909.500     0.0000E+00
     527.500  3909.500     0.0000E+00
     528.500  3909.500     0.0000E+00
     529.500  3909.500     0.0000E+00
     530.500  3909.500     0.0000E+00
     531.500  3909.500     0.0000E+00
     532.500  3909.500     0.0000E+00
     533.500  3909.500     0.0000E+00
     534.500  3909.500     0.0000E+00
     535.500  3909.500     0.0000E+00
     536.500  3909.500     0.0000E+00
     537.500  3909.500     0.0000E+00
     538.500  3909.500     0.0000E+00
     539.500  3909.500     0.0000E+00
     540.500  3909.500     0.0000E+00
     541.500  3909.500     0.0000E+00
     542.500  3909.500     0.0000E+00
     543.500  3909.500     0.0000E+00
     544.500  3909.500     0.0000E+00
     495.500  3910.500     0.0000E+00
     496.500  3910.500     0.0000E+00
     497.500  3910.500     0.0000E+00
     498.500  3910.500     0.0000E+00
     499.500  3910.500     0.0000E+00
     500.500  3910.500     0.0000E+00
     501.500  3910.500     0.0000E+00
     502.500  3910.500     0.0000E+00
     503.500  3910.500     0.0000E+00
     504.500  3910.500     0.0000E+00
     505.500  3910.500     0.0000E+00
     506.500  3910.500     0.0000E+00
     507.500  3910.500     0.0000E+00
     508.500  3910.500     0.0000E+00
     509.500  3910.500     0.0000E+00
     510.500  3910.500     0.0000E+00
     511.500  3910.500     0.0000E+00
     512.500  3910.500     0.0000E+00
     513.500  3910.500     0.0000E+00
     514.500  3910.500     0.0000E+00
     515.500  3910.500     0.0000E+00
     516.500  3910.500     0.0000E+00
     517.500  3910.500     0.0000E+00
     518.500  3910.500     0.0000E+00
     519.500  3910.500     0.0000E+00
     520.500  3910.500     0.0000E+00
     521.500  3910.500     0.0000E+00
     522.500  3910.500     0.0000E+00
     523.500  3910.500     0.0000E+00
     524.500  3910.500     0.0000E+00
     525.500  3910.500     0.0000E+00
     526.500  3910.500     0.0000E+00
     527.500  3910.500     0.0000E+00
     528.500  3910.500     0.0000E+00
     529.500  3910.500     0.0000E+00
     530.500  3910.500     0.0000E+00
     531.500  3910.500     0.0000E+00
     532.500  3910.500     0.0000E+00
     533.500  3910.500     0.0000E+00
     534.500  3910.500     0.0000E+00
     535.500  3910.500     0.0000E+00
     536.500  3910.500     0.0000E+00
     537.500  3910.500     0.0000E+00
     538.500  3910.500     0.0000E+00
     539.500  3910.500     0.0000E+00
     540.500  3910.500     0.0000E+00
     541.500  3910.500     0.0000E+00
     542.500  3910.500     0.0000E+00
     543.500  3910.500     0.0000E+00
     544.500  3910.500     0.0000E+00
     495.500  3911.500     0.0000E+00
     496.500  3911.500     0.0000E+00
     497.500  3911.500     0.0000E+00
     498.500  3911.500     0.0000E+00
     499.500  3911.500     0.0000E+00
     500.500  3911.500     0.0000E+00
     501.500  3911.500     0.0000E+00
     502.500  3911.500     0.0000E+00
     503.500  3911.500     0.0000E+00
     504.500  3911.500     0.0000E+00
     505.500  3911.500     0.0000E+00
     506.500  3911.500     0.0000E+00
     507.500  3911.500     0.0000E+00
     508.500  3911.500     0.0000E+00
     509.500  3911.500     0.0000E+00
     510.500  3911.500     0.0000E+00
     511.500  3911.500     0.0000E+00
     512.500  3911.500     0.0000E+00
     513.500  3911.500     0.0000E+00
     514.500  3911.500     0.0000E+00
     515.500  3911.500     0.0000E+00
     516.500  3911.500     0.0000E+00
     517.500  3911.500     0.0000E+00
     518.500  3911.500     0.0000E+00
     519.500  3911.500     0.0000E+00
     520.500  3911.500     0.0000E+00
     521.500  3911.500     0.0000E+00
     522.500  3911.500     0.0000E+00
     523.500  3911.500     0.0000E+00
     524.500  3911.500     0.0000E+00
     525.500  3911.500     0.0000E+00
     526.500  3911.500     0.0000E+00
     527.500  3911.500     0.0000E+00
     528.500  3911.500     0.0000E+00
     529.500  3911.500     0.0000E+00
     530.500  3911.500     0.0000E+00
     531.500  3911.500     0.0000E+00
     532.500  3911.500     0.0000E+00
     533.500  3911.500     0.0000E+00
     534.500  3911.500     0.0000E+00
     535.500  3911.500     0.0000E+00
     536.500  3911.500     0.0000E+00
     537.500  3911.500     0.0000E+00
     538.500  3911.500     0.0000E+00
     539.500  3911.500     0.0000E+00
     540.500  3911.500     0.0000E+00
     541.500  3911.500     0.0000E+00
     542.500  3911.500     0.0000E+00
     543.500  3911.500     0.0000E+00
     544.500  3911.500     0.0000E+00
     495.500  3912.500     0.0000E+00
     496.500  3912.500     0.0000E+00
     497.500  3912.500     0.0000E+00
     498.500  3912.500     0.0000E+00
     499.500  3912.500     0.0000E+00
     500.500  3912.500     0.0000E+00
     501.500  3912.500     0.0000E+00
     502.500  3912.500     0.0000E+00
     503.500  3912.500     0.0000E+00
     504.500  3912.500     0.0000E+00
     505.500  3912.500     0.0000E+00
     506.500  3912.500     0.0000E+00
     507.500  3912.500     0.0000E+00
     508.500  3912.500     0.0000E+00
     509.500  3912.500     0.0000E+00
     510.500  3912.500     0.0000E+00
     511.500  3912.500     0.0000E+00
     512.500  3912.500     0.0000E+00
     513.500  3912.500     0.0000E+00
     514.500  3912.500     0.0000E+00
     515.500  3912.500     0.0000E+00
     516.500  3912.500     0.0000E+00
     517.500  3912.500     0.0000E+00
     518.500  3912.500     0.0000E+00
     519.500  3912.500     0.0000E+00
     520.500  3912.500     0.0000E+00
     521.500  3912.500     0.0000E+00
     522.500  3912.500     0.0000E+00
     523.500  3912.500     0.0000E+00
     524.500  3912.500     0.0000E+00
     525.500  3912.500     0.0000E+00
     526.500  3912.500     0.0000E+00
     527.500  3912.500     0.0000E+00
     528.500  3912.500     0.0000E+00
     529.500  3912.500     0.0000E+00
     530.500  3912.500     0.0000E+00
     531.500  3912.500     0.0000E+00
     532.500  3912.500     0.0000E+00
     533.500  3912.500     0.0000E+00
     534.500  3912.500     0.0000E+00
     535.500  3912.500     0.0000E+00
     536.500  3912.500     0.0000E+00
     537.500  3912.500     0.0000E+00
     538.500  3912.500     0.0000E+00
     539.500  3912.500     0.0000E+00
     540.500  3912.500     0.0000E+00
     541.500  3912.500     0.0000E+00
     542.500  3912.500     0.0000E+00
     543.500  3912.500     0.0000E+00
     544.500  3912.500     0.0000E+00
     495.500  3913.500     0.0000E+00
     496.500  3913.500     0.0000E+00
     497.500  3913.500     0.0000E+00
     498.500  3913.500     0.0000E+00
     499.500  3913.500     0.0000E+00
     500.500  3913.500     0.0000E+00
     501.500  3913.500     0.0000E+00
     502.500  3913.500     0.0000E+00
     503.500  3913.500     0.0000E+00
     504.500  3913.500     0.0000E+00
     505.500  3913.500     0.0000E+00
     506.500  3913.500     0.0000E+00
     507.500  3913.500     0.0000E+00
     508.500  3913.500     0.0000E+00
     509.500  3913.500     0.0000E+00
     510.500  3913.500     0.0000E+00
     511.500  3913.500     0.0000E+00
     512.500  3913.500     0.0000E+00
     513.500  3913.500     0.0000E+00
     514.500  3913.500     0.0000E+00
     515.500  3913.500     0.0000E+00
     516.500  3913.500     0.0000E+00
     517.500  3913.500     0.0000E+00
     518.500  3913.500     0.0000E+00
     519.500  3913.500     0.0000E+00
     520.500  3913.500     0.0000E+00
     521.500  3913.500     0.0000E+00
     522.500  3913.500     0.0000E+00
     523.500  3913.500     0.0000E+00
     524.500  3913.500     0.0000E+00
     525.500  3913.500     0.0000E+00
     526.500  3913.500     0.0000E+00
     527.500  3913.500     0.0000E+00
     528.500  3913.500     0.0000E+00
     529.500  3913.500     0.0000E+00
     530.500  3913.500     0.0000E+00
     531.500  3913.500     0.0000E+00
     532.500  3913.500     0.0000E+00
     533.500  3913.500     0.0000E+00
     534.500  3913.500     0.0000E+00
     535.500  3913.500     0.0000E+00
     536.500  3913.500     0.0000E+00
     537.500  3913.500     0.0000E+00
     538.500  3913.500     0.0000E+00
     539.500  3913.500     0.0000E+00
     540.500  3913.500     0.0000E+00
     541.500  3913.500     0.0000E+00
     542.500  3913.500     0.0000E+00
     543.500  3913.500     0.0000E+00
     544.500  3913.500     0.0000E+00
     495.500  3914.500     0.0000E+00
     496.500  3914.500     0.0000E+00
     497.500  3914.500     0.0000E+00
     498.500  3914.500     0.0000E+00
     499.500  3914.500     0.0000E+00
     500.500  3914.500     0.0000E+00
     501.500  3914.500     0.0000E+00
     502.500  3914.500     0.0000E+00
     503.500  3914.500     0.0000E+00
     504.500  3914.500     0.0000E+00
     505.500  3914.500     0.0000E+00
     506.500  3914.500     0.0000E+00
     507.500  3914.500     0.0000E+00
     508.500  3914.500     0.0000E+00
     509.500  3914.500     0.0000E+00
     510.500  3914.500     0.0000E+00
     511.500  3914.500     0.0000E+00
     512.500  3914.500     0.0000E+00
     513.500  3914.500     0.0000E+00
     514.500  3914.500     0.0000E+00
     515.500  3914.500     0.0000E+00
     516.500  3914.500     0.0000E+00
     517.500  3914.500     0.0000E+00
     518.500  3914.500     0.0000E+00
     519.500  3914.500     0.0000E+00
     520.500  3914.500     0.0000E+00
     521.500  3914.500     0.0000E+00
     522.500  3914.500     0.0000E+00
     523.500  3914.500     0.0000E+00
     524.500  3914.500     0.0000E+00
     525.500  3914.500     0.0000E+00
     526.500  3914.500     0.0000E+00
     527.500  3914.500     0.0000E+00
     528.500  3914.500     0.0000E+00
     529.500  3914.500     0.0000E+00
     530.500  3914.500     0.0000E+00
     531.500  3914.500     0.0000E+00
     532.500  3914.500     0.0000E+00
     533.500  3914.500     0.0000E+00
     534.500  3914.500     0.0000E+00
     535.500  3914.500     0.0000E+00
     536.500  3914.500     0.0000E+00
     537.500  3914.500     0.0000E+00
     538.500  3914.500     0.0000E+00
     539.500  3914.500     0.0000E+00
     540.500  3914.500     0.0000E+00
     541.500  3914.500     0.0000E+00
     542.500  3914.500     0.0000E+00
     543.500  3914.500     0.0000E+00
     544.500  3914.500     0.0000E+00
     495.500  3915.500     0.0000E+00
     496.500  3915.500     0.0000E+00
     497.500  3915.500     0.0000E+00
     498.500  3915.500     0.0000E+00
     499.500  3915.500     0.0000E+00
     500.500  3915.500     0.0000E+00
     501.500  3915.500     0.0000E+00
     502.500  3915.500     0.0000E+00
     503.500  3915.500     0.0000E+00
     504.500  3915.500     0.0000E+00
     505.500  3915.500     0.0000E+00
     506.500  3915.500     0.0000E+00
     507.500  3915.500     0.0000E+00
     508.500  3915.500     0.0000E+00
     509.500  3915.500     0.0000E+00
     510.500  3915.500     0.0000E+00
     511.500  3915.500     0.0000E+00
     512.500  3915.500     0.0000E+00
     513.500  3915.500     0.0000E+00
     514.500  3915.500     0.0000E+00
     515.500  3915.500     0.0000E+00
     516.500  3915.500     0.0000E+00
     517.500  3915.500     0.0000E+00
     518.500  3915.500     0.0000E+00
     519.500  3915.500     0.0000E+00
     520.500  3915.500     0.0000E+00
     521.500  3915.500     0.0000E+00
     522.500  3915.500     0.0000E+00
     523.500  3915.500     0.0000E+00
     524.500  3915.500     0.0000E+00
     525.500  3915.500     0.0000E+00
     526.500  3915.500     0.0000E+00
     527.500  3915.500     0.0000E+00
     528.500  3915.500     0.0000E+00
     529.500  3915.500     0.0000E+00
     530.500  3915.500     0.0000E+00
     531.500  3915.500     0.0000E+00
     532.500  3915.500     0.0000E+00
     533.500  3915.500     0.0000E+00
     534.500  3915.500     0.0000E+00
     535.500  3915.500     0.0000E+00
     536.500  3915.500     0.0000E+00
     537.500  3915.500     0.0000E+00
     538.500  3915.500     0.0000E+00
     539.500  3915.500     0.0000E+00
     540.500  3915.500     0.0000E+00
     541.500  3915.500     0.0000E+00
     542.500  3915.500     0.0000E+00
     543.500  3915.500     0.0000E+00
     544.500  3915.500     0.0000E+00
     495.500  3916.500     0.0000E+00
     496.500  3916.500     0.0000E+00
     497.500  3916.500     0.0000E+00
     498.500  3916.500     0.0000E+00
     499.500  3916.500     0.0000E+00
     500.500  3916.500     0.0000E+00
     501.500  3916.500     0.0000E+00
     502.500  3916.500     0.0000E+00
     503.500  3916.500     0.0000E+00
     504.500  3916.500     0.0000E+00
     505.500  3916.500     0.0000E+00
     506.500  3916.500     0.0000E+00
     507.500  3916.500     0.0000E+00
     508.500  3916.500     0.0000E+00
     509.500  3916.500     0.0000E+00
     510.500  3916.500     0.0000E+00
     511.500  3916.500     0.0000E+00
     512.500  3916.500     0.0000E+00
     513.500  3916.500     0.0000E+00
     514.500  3916.500     0.0000E+00
     515.500  3916.500     0.0000E+00
     516.500  3916.500     0.0000E+00
     517.500  3916.500     0.0000E+00
     518.500  3916.500     0.0000E+00
     519.500  3916.500     0.0000E+00
     520.500  3916.500     0.0000E+00
     521.500  3916.500     0.0000E+00
     522.500  3916.500     0.0000E+00
     523.500  3916.500     0.0000E+00
     524.500  3916.500     0.0000E+00
     525.500  3916.500     0.0000E+00
     526.500  3916.500     0.0000E+00
     527.500  3916.500     0.0000E+00
     528.500  3916.500     0.0000E+00
     529.500  3916.500     0.0000E+00
     530.500  3916.500     0.0000E+00
     531.500  3916.500     0.0000E+00
     532.500  3916.500     0.0000E+00
     533.500  3916.500     0.0000E+00
     534.500  3916.500     0.0000E+00
     535.500  3916.500     0.0000E+00
     536.500  3916.500     0.0000E+00
     537.500  3916.500     0.0000E+00
     538.500  3916.500     0.0000E+00
     539.500  3916.500     0.0000E+00
     540.500  3916.500     0.0000E+00
     541.500  3916.500     0.0000E+00
     542.500  3916.500     0.0000E+00
     543.500  3916.500     0.0000E+00
     544.500  3916.500     0.0000E+00
     495.500  3917.500     0.0000E+00
     496.500  3917.500     0.0000E+00
     497.500  3917.500     0.0000E+00
     498.500  3917.500     0.0000E+00
     499.500  3917.500     0.0000E+00
     500.500  3917.500     0.0000E+00
     501.500  3917.500     0.0000E+00
     502.500  3917.500     0.0000E+00
     503.500  3917.500     0.0000E+00
     504.500  3917.500     0.0000E+00
     505.500  3917.500     0.0000E+00
     506.500  3917.500     0.0000E+00
     507.500  3917.500     0.0000E+00
     508.500  3917.500     0.0000E+00
     509.500  3917.500     0.0000E+00
     510.500  3917.500     0.0000E+00
     511.500  3917.500     0.0000E+00
     512.500  3917.500     0.0000E+00
     513.500  3917.500     0.0000E+00
     514.500  3917.500     0.0000E+00
     515.500  3917.500     0.0000E+00
     516.500  3917.500     0.0000E+00
     517.500  3917.500     0.0000E+00
     518.500  3917.500     0.0000E+00
     519.500  3917.500     0.0000E+00
     520.500  3917.500     0.0000E+00
     521.500  3917.500     0.0000E+00
     522.500  3917.500     0.0000E+00
     523.500  3917.500     0.0000E+00
     524.500  3917.500     0.0000E+00
     525.500  3917.500     0.0000E+00
     526.500  3917.500     0.0000E+00
     527.500  3917.500     0.0000E+00
     528.500  3917.500     0.0000E+00
     529.500  3917.500     0.0000E+00
     530.500  3917.500     0.0000E+00
     531.500  3917.500     0.0000E+00
     532.500  3917.500     0.0000E+00
     533.500  3917.500     0.0000E+00
     534.500  3917.500     0.0000E+00
     535.500  3917.500     0.0000E+00
     536.500  3917.500     0.0000E+00
     537.500  3917.500     0.0000E+00
     538.500  3917.500     0.0000E+00
     539.500  3917.500     0.0000E+00
     540.500  3917.500     0.0000E+00
     541.500  3917.500     0.0000E+00
     542.500  3917.500     0.0000E+00
     543.500  3917.500     0.0000E+00
     544.500  3917.500     0.0000E+00
     495.500  3918.500     0.0000E+00
     496.500  3918.500     0.0000E+00
     497.500  3918.500     0.0000E+00
     498.500  3918.500     0.0000E+00
     499.500  3918.500     0.0000E+00
     500.500  3918.500     0.0000E+00
     501.500  3918.500     0.0000E+00
     502.500  3918.500     0.0000E+00
     503.500  3918.500     0.0000E+00
     504.500  3918.500     0.0000E+00
     505.500  3918.500     0.0000E+00
     506.500  3918.500     0.0000E+00
     507.500  3918.500     0.0000E+00
     508.500  3918.500     0.0000E+00
     509.500  3918.500     0.0000E+00
     510.500  3918.500     0.0000E+00
     511.500  3918.500     0.0000E+00
     512.500  3918.500     0.0000E+00
     513.500  3918.500     0.0000E+00
     514.500  3918.500     0.0000E+00
     515.500  3918.500     0.0000E+00
     516.500  3918.500     0.0000E+00
     517.500  3918.500     0.0000E+00
     518.500  3918.500     0.0000E+00
     519.500  3918.500     0.0000E+00
     520.500  3918.500     0.0000E+00
     521.500  3918.500     0.0000E+00
     522.500  3918.500     0.0000E+00
     523.500  3918.500     0.0000E+00
     524.500  3918.500     0.0000E+00
     525.500  3918.500     0.0000E+00
     526.500  3918.500     0.0000E+00
     527.500  3918.500     0.0000E+00
     528.500  3918.500     0.0000E+00
     529.500  3918.500     0.0000E+00
     530.500  3918.500     0.0000E+00
     531.500  3918.500     0.0000E+00
     532.500  3918.500     0.0000E+00
     533.500  3918.500     0.0000E+00
     534.500  3918.500     0.0000E+00
     535.500  3918.500     0.0000E+00
     536.500  3918.500     0.0000E+00
     537.500  3918.500     0.0000E+00
     538.500  3918.500     0.0000E+00
     539.500  3918.500     0.0000E+00
     540.500  3918.500     0.0000E+00
     541.500  3918.500     0.0000E+00
     542.500  3918.500     0.0000E+00
     543.500  3918.500     0.0000E+00
     544.500  3918.500     0.0000E+00
     495.500  3919.500     0.0000E+00
     496.500  3919.500     0.0000E+00
     497.500  3919.500     0.0000E+00
     498.500  3919.500     0.0000E+00
     499.500  3919.500     0.0000E+00
     500.500  3919.500     0.0000E+00
     501.500  3919.500     0.0000E+00
     502.500  3919.500     0.0000E+00
     503.500  3919.500     0.0000E+00
     504.500  3919.500     0.0000E+00
     505.500  3919.500     0.0000E+00
     506.500  3919.500     0.0000E+00
     507.500  3919.500     0.0000E+00
     508.500  3919.500     0.0000E+00
     509.500  3919.500     0.0000E+00
     510.500  3919.500     0.0000E+00
     511.500  3919.500     0.0000E+00
     512.500  3919.500     0.0000E+00
     513.500  3919.500     0.0000E+00
     514.500  3919.500     0.0000E+00
     515.500  3919.500     0.0000E+00
     516.500  3919.500     0.0000E+00
     517.500  3919.500     0.0000E+00
     518.500  3919.500     0.0000E+00
     519.500  3919.500     0.0000E+00
     520.500  3919.500     0.0000E+00
     521.500  3919.500     0.0000E+00
     522.500  3919.500     0.0000E+00
     523.500  3919.500     0.0000E+00
     524.500  3919.500     0.0000E+00
     525.500  3919.500     0.0000E+00
     526.500  3919.500     0.0000E+00
     527.500  3919.500     0.0000E+00
     528.500  3919.500     0.0000E+00
     529.500  3919.500     0.0000E+00
     530.500  3919.500     0.0000E+00
     531.500  3919.500     0.0000E+00
     532.500  3919.500     6.4097E-04
     533.500  3919.500     0.0000E+00
     534.500  3919.500     0.0000E+00
     535.500  3919.500     0.0000E+00
     536.500  3919.500     0.0000E+00
     537.500  3919.500     0.0000E+00
     538.500  3919.500     0.0000E+00
     539.500  3919.500     0.0000E+00
     540.500  3919.500     0.0000E+00
     541.500  3919.500     0.0000E+00
     542.500  3919.500     0.0000E+00
     543.500  3919.500     0.0000E+00
     544.500  3919.500     0.0000E+00
     495.500  3920.500     0.0000E+00
     496.500  3920.500     0.0000E+00
     497.500  3920.500     0.0000E+00
     498.500  3920.500     0.0000E+00
     499.500  3920.500     0.0000E+00
     500.500  3920.500     0.0000E+00
     501.500  3920.500     0.0000E+00
     502.500  3920.500     0.0000E+00
     503.500  3920.500     0.0000E+00
     504.500  3920.500     0.0000E+00
     505.500  3920.500     0.0000E+00
     506.500  3920.500     0.0000E+00
     507.500  3920.500     0.0000E+00
     508.500  3920.500     0.0000E+00
     509.500  3920.500     0.0000E+00
     510.500  3920.500     0.0000E+00
     511.500  3920.500     0.0000E+00
     512.500  3920.500     0.0000E+00
     513.500  3920.500     0.0000E+00
     514.500  3920.500     0.0000E+00
     515.500  3920.500     0.0000E+00
     516.500  3920.500     0.0000E+00
     517.500  3920.500     0.0000E+00
     518.500  3920.500     0.0000E+00
     519.500  3920.500     0.0000E+00
     520.500  3920.500     0.0000E+00
     521.500  3920.500     0.0000E+00
     522.500  3920.500     0.0000E+00
     523.500  3920.500     0.0000E+00
     524.500  3920.500     0.0000E+00
     525.500  3920.500     0.0000E+00
     526.500  3920.500     0.0000E+00
     527.500  3920.500     0.0000E+00
     528.500  3920.500     0.0000E+00
     529.500  3920.500     0.0000E+00
     530.500  3920.500     0.0000E+00
     531.500  3920.500     0.0000E+00
     532.500  3920.500     1.8245E-04
     533.500  3920.500     0.0000E+00
     534.500  3920.500     0.0000E+00
     535.500  3920.500     0.0000E+00
     536.500  3920.500     0.0000E+00
     537.500  3920.500     0.0000E+00
     538.500  3920.500     0.0000E+00
     539.500  3920.500     0.0000E+00
     540.500  3920.500     0.0000E+00
     541.500  3920.500     0.0000E+00
     542.500  3920.500     0.0000E+00
     543.500  3920.500     0.0000E+00
     544.500  3920.500     0.0000E+00
     495.500  3921.500     0.0000E+00
     496.500  3921.500     0.0000E+00
     497.500  3921.500     0.0000E+00
     498.500  3921.500     0.0000E+00
     499.500  3921.500     0.0000E+00
     500.500  3921.500     0.0000E+00
     501.500  3921.500     0.0000E+00
     502.500  3921.500     0.0000E+00
     503.500  3921.500     0.0000E+00
     504.500  3921.500     0.0000E+00
     505.500  3921.500     0.0000E+00
     506.500  3921.500     0.0000E+00
     507.500  3921.500     0.0000E+00
     508.500  3921.500     0.0000E+00
     509.500  3921.500     0.0000E+00
     510.500  3921.500     0.0000E+00
     511.500  3921.500     0.0000E+00
     512.500  3921.500     0.0000E+00
     513.500  3921.500     0.0000E+00
     514.500  3921.500     0.0000E+00
     515.500  3921.500     0.0000E+00
     516.500  3921.500     0.0000E+00
     517.500  3921.500     0.0000E+00
     518.500  3921.500     0.0000E+00
     519.500  3921.500     0.0000E+00
     520.500  3921.500     0.0000E+00
     521.500  3921.500     0.0000E+00
     522.500  3921.500     0.0000E+00
     523.500  3921.500     0.0000E+00
     524.500  3921.500     0.0000E+00
     525.500  3921.500     0.0000E+00
     526.500  3921.500     0.0000E+00
     527.500  3921.500     0.0000E+00
     528.500  3921.500     0.0000E+00
     529.500  3921.500     0.0000E+00
     530.500  3921.500     0.0000E+00
     531.500  3921.500     5.1998E-01
     532.500  3921.500     4.8039E-03
     533.500  3921.500     1.6394E-02
     534.500  3921.500     0.0000E+00
     535.500  3921.500     0.0000E+00
     536.500  3921.500     0.0000E+00
     537.500  3921.500     0.0000E+00
     538.500  3921.500     0.0000E+00
     539.500  3921.500     0.0000E+00
     540.500  3921.500     0.0000E+00
     541.500  3921.500     0.0000E+00
     542.500  3921.500     0.0000E+00
     543.500  3921.500     0.0000E+00
     544.500  3921.500     0.0000E+00
     495.500  3922.500     0.0000E+00
     496.500  3922.500     0.0000E+00
     497.500  3922.500     0.0000E+00
     498.500  3922.500     0.0000E+00
     499.500  3922.500     0.0000E+00
     500.500  3922.500     0.0000E+00
     501.500  3922.500     0.0000E+00
     502.500  3922.500     0.0000E+00
     503.500  3922.500     0.0000E+00
     504.500  3922.500     0.0000E+00
     505.500  3922.500     0.0000E+00
     506.500  3922.500     0.0000E+00
     507.500  3922.500     0.0000E+00
     508.500  3922.500     0.0000E+00
     509.500  3922.500     0.0000E+00
     510.500  3922.500     0.0000E+00
     511.500  3922.500     0.0000E+00
     512.500  3922.500     0.0000E+00
     513.500  3922.500     0.0000E+00
     514.500  3922.500     0.0000E+00
     515.500  3922.500     0.0000E+00
     516.500  3922.500     0.0000E+00
     517.500  3922.500     0.0000E+00
     518.500  3922.500     0.0000E+00
     519.500  3922.500     0.0000E+00
     520.500  3922.500     0.0000E+00
     521.500  3922.500     0.0000E+00
     522.500  3922.500     0.0000E+00
     523.500  3922.500     0.0000E+00
     524.500  3922.500     0.0000E+00
     525.500  3922.500     0.0000E+00
     526.500  3922.500     0.0000E+00
     527.500  3922.500     0.0000E+00
     528.500  3922.500     0.0000E+00
     529.500  3922.500     0.0000E+00
     530.500  3922.500     6.1330E-02
     531.500  3922.500     2.0394E+00
     532.500  3922.500     2.3607E-02
     533.500  3922.500     3.7261E-02
     534.500  3922.500     0.0000E+00
     535.500  3922.500     0.0000E+00
     536.500  3922.500     0.0000E+00
     537.500  3922.500     0.0000E+00
     538.500  3922.500     0.0000E+00
     539.500  3922.500     0.0000E+00
     540.500  3922.500     0.0000E+00
     541.500  3922.500     0.0000E+00
     542.500  3922.500     0.0000E+00
     543.500  3922.500     0.0000E+00
     544.500  3922.500     0.0000E+00
     495.500  3923.500     0.0000E+00
     496.500  3923.500     0.0000E+00
     497.500  3923.500     0.0000E+00
     498.500  3923.500     0.0000E+00
     499.500  3923.500     0.0000E+00
     500.500  3923.500     0.0000E+00
     501.500  3923.500     0.0000E+00
     502.500  3923.500     0.0000E+00
     503.500  3923.500     0.0000E+00
     504.500  3923.500     0.0000E+00
     505.500  3923.500     0.0000E+00
     506.500  3923.500     0.0000E+00
     507.500  3923.500     0.0000E+00
     508.500  3923.500     0.0000E+00
     509.500  3923.500     0.0000E+00
     510.500  3923.500     0.0000E+00
     511.500  3923.500     0.0000E+00
     512.500  3923.500     0.0000E+00
     513.500  3923.500     0.0000E+00
     514.500  3923.500     0.0000E+00
     515.500  3923.500     0.0000E+00
     516.500  3923.500     0.0000E+00
     517.500  3923.500     0.0000E+00
     518.500  3923.500     0.0000E+00
     519.500  3923.500     0.0000E+00
     520.500  3923.500     0.0000E+00
     521.500  3923.500     0.0000E+00
     522.500  3923.500     0.0000E+00
     523.500  3923.500     0.0000E+00
     524.500  3923.500     0.0000E+00
     525.500  3923.500     0.0000E+00
     526.500  3923.500     3.2739E-02
     527.500  3923.500     0.0000E+00
     528.500  3923.500     0.0000E+00
     529.500  3923.500     0.0000E+00
     530.500  3923.500     2.6402E-01
     531.500  3923.500     1.9595E+00
     532.500  3923.500     8.6426E-02
     533.500  3923.500     1.9227E-02
     534.500  3923.500     6.7495E-03
     535.500  3923.500     0.0000E+00
     536.500  3923.500     0.0000E+00
     537.500  3923.500     0.0000E+00
     538.500  3923.500     0.0000E+00
     539.500  3923.500     0.0000E+00
     540.500  3923.500     0.0000E+00
     541.500  3923.500     0.0000E+00
     542.500  3923.500     0.0000E+00
     543.500  3923.500     0.0000E+00
     544.500  3923.500     0.0000E+00
     495.500  3924.500     0.0000E+00
     496.500  3924.500     0.0000E+00
     497.500  3924.500     0.0000E+00
     498.500  3924.500     0.0000E+00
     499.500  3924.500     0.0000E+00
     500.500  3924.500     0.0000E+00
     501.500  3924.500     0.0000E+00
     502.500  3924.500     0.0000E+00
     503.500  3924.500     0.0000E+00
     504.500  3924.500     0.0000E+00
     505.500  3924.500     0.0000E+00
     506.500  3924.500     0.0000E+00
     507.500  3924.500     0.0000E+00
     508.500  3924.500     0.0000E+00
     509.500  3924.500     0.0000E+00
     510.500  3924.500     0.0000E+00
     511.500  3924.500     0.0000E+00
     512.500  3924.500     0.0000E+00
     513.500  3924.500     0.0000E+00
     514.500  3924.500     0.0000E+00
     515.500  3924.500     0.0000E+00
     516.500  3924.500     0.0000E+00
     517.500  3924.500     0.0000E+00
     518.500  3924.500     0.0000E+00
     519.500  3924.500     0.0000E+00
     520.500  3924.500     0.0000E+00
     521.500  3924.500     0.0000E+00
     522.500  3924.500     0.0000E+00
     523.500  3924.500     0.0000E+00
     524.500  3924.500     0.0000E+00
     525.500  3924.500     0.0000E+00
     526.500  3924.500     0.0000E+00
     527.500  3924.500     9.5790E-03
     528.500  3924.500     7.5642E-06
     529.500  3924.500     0.0000E+00
     530.500  3924.500     8.4703E-02
     531.500  3924.500     9.2595E-01
     532.500  3924.500     2.1866E-01
     533.500  3924.500     8.0614E-03
     534.500  3924.500     2.6062E-02
     535.500  3924.500     0.0000E+00
     536.500  3924.500     0.0000E+00
     537.500  3924.500     0.0000E+00
     538.500  3924.500     0.0000E+00
     539.500  3924.500     0.0000E+00
     540.500  3924.500     0.0000E+00
     541.500  3924.500     0.0000E+00
     542.500  3924.500     0.0000E+00
     543.500  3924.500     0.0000E+00
     544.500  3924.500     0.0000E+00
     495.500  3925.500     0.0000E+00
     496.500  3925.500     0.0000E+00
     497.500  3925.500     0.0000E+00
     498.500  3925.500     0.0000E+00
     499.500  3925.500     0.0000E+00
     500.500  3925.500     0.0000E+00
     501.500  3925.500     0.0000E+00
     502.500  3925.500     0.0000E+00
     503.500  3925.500     0.0000E+00
     504.500  3925.500     0.0000E+00
     505.500  3925.500     0.0000E+00
     506.500  3925.500     0.0000E+00
     507.500  3925.500     0.0000E+00
     508.500  3925.500     0.0000E+00
     509.500  3925.500     0.0000E+00
     510.500  3925.500     0.0000E+00
     511.500  3925.500     0.0000E+00
     512.500  3925.500     0.0000E+00
     513.500  3925.500     0.0000E+00
     514.500  3925.500     0.0000E+00
     515.500  3925.500     0.0000E+00
     516.500  3925.500     0.0000E+00
     517.500  3925.500     0.0000E+00
     518.500  3925.500     0.0000E+00
     519.500  3925.500     0.0000E+00
     520.500  3925.500     0.0000E+00
     521.500  3925.500     0.0000E+00
     522.500  3925.500     0.0000E+00
     523.500  3925.500     0.0000E+00
     524.500  3925.500     0.0000E+00
     525.500  3925.500     0.0000E+00
     526.500  3925.500     0.0000E+00
     527.500  3925.500     1.3801E-02
     528.500  3925.500     1.1298E-03
     529.500  3925.500     1.0994E-05
     530.500  3925.500     7.8486E-02
     531.500  3925.500     3.6887E-01
     532.500  3925.500     7.9274E-01
     533.500  3925.500     9.7964E-03
     534.500  3925.500     3.5327E-02
     535.500  3925.500     2.4809E-03
     536.500  3925.500     0.0000E+00
     537.500  3925.500     0.0000E+00
     538.500  3925.500     0.0000E+00
     539.500  3925.500     0.0000E+00
     540.500  3925.500     0.0000E+00
     541.500  3925.500     0.0000E+00
     542.500  3925.500     0.0000E+00
     543.500  3925.500     0.0000E+00
     544.500  3925.500     0.0000E+00
     495.500  3926.500     0.0000E+00
     496.500  3926.500     0.0000E+00
     497.500  3926.500     0.0000E+00
     498.500  3926.500     0.0000E+00
     499.500  3926.500     0.0000E+00
     500.500  3926.500     0.0000E+00
     501.500  3926.500     0.0000E+00
     502.500  3926.500     0.0000E+00
     503.500  3926.500     0.0000E+00
     504.500  3926.500     0.0000E+00
     505.500  3926.500     0.0000E+00
     506.500  3926.500     0.0000E+00
     507.500  3926.500     0.0000E+00
     508.500  3926.500     0.0000E+00
     509.500  3926.500     0.0000E+00
     510.500  3926.500     0.0000E+00
     511.500  3926.500     0.0000E+00
     512.500  3926.500     0.0000E+00
     513.500  3926.500     0.0000E+00
     514.500  3926.500     0.0000E+00
     515.500  3926.500     0.0000E+00
     516.500  3926.500     0.0000E+00
     517.500  3926.500     0.0000E+00
     518.500  3926.500     0.0000E+00
     519.500  3926.500     0.0000E+00
     520.500  3926.500     0.0000E+00
     521.500  3926.500     0.0000E+00
     522.500  3926.500     0.0000E+00
     523.500  3926.500     0.0000E+00
     524.500  3926.500     0.0000E+00
     525.500  3926.500     0.0000E+00
     526.500  3926.500     0.0000E+00
     527.500  3926.500     1.6633E-03
     528.500  3926.500     6.1839E-03
     529.500  3926.500     3.6492E-04
     530.500  3926.500     1.0947E-02
     531.500  3926.500     1.4382E-01
     532.500  3926.500     6.0594E+00
     533.500  3926.500     8.4898E-02
     534.500  3926.500     3.2013E-02
     535.500  3926.500     1.1607E-02
     536.500  3926.500     0.0000E+00
     537.500  3926.500     0.0000E+00
     538.500  3926.500     0.0000E+00
     539.500  3926.500     0.0000E+00
     540.500  3926.500     0.0000E+00
     541.500  3926.500     0.0000E+00
     542.500  3926.500     0.0000E+00
     543.500  3926.500     0.0000E+00
     544.500  3926.500     0.0000E+00
     495.500  3927.500     0.0000E+00
     496.500  3927.500     0.0000E+00
     497.500  3927.500     0.0000E+00
     498.500  3927.500     0.0000E+00
     499.500  3927.500     0.0000E+00
     500.500  3927.500     0.0000E+00
     501.500  3927.500     0.0000E+00
     502.500  3927.500     0.0000E+00
     503.500  3927.500     0.0000E+00
     504.500  3927.500     0.0000E+00
     505.500  3927.500     0.0000E+00
     506.500  3927.500     0.0000E+00
     507.500  3927.500     0.0000E+00
     508.500  3927.500     0.0000E+00
     509.500  3927.500     0.0000E+00
     510.500  3927.500     0.0000E+00
     511.500  3927.500     0.0000E+00
     512.500  3927.500     0.0000E+00
     513.500  3927.500     0.0000E+00
     514.500  3927.500     0.0000E+00
     515.500  3927.500     0.0000E+00
     516.500  3927.500     0.0000E+00
     517.500  3927.500     0.0000E+00
     518.500  3927.500     0.0000E+00
     519.500  3927.500     0.0000E+00
     520.500  3927.500     0.0000E+00
     521.500  3927.500     0.0000E+00
     522.500  3927.500     0.0000E+00
     523.500  3927.500     0.0000E+00
     524.500  3927.500     0.0000E+00
     525.500  3927.500     0.0000E+00
     526.500  3927.500     0.0000E+00
     527.500  3927.500     1.5013E-04
     528.500  3927.500     4.1363E-03
     529.500  3927.500     2.1442E-03
     530.500  3927.500     2.2193E-03
     531.500  3927.500     1.4382E-01
     532.500  3927.500     1.5098E+00
     533.500  3927.500     4.6161E-01
     534.500  3927.500     2.3761E-02
     535.500  3927.500     6.0487E-02
     536.500  3927.500     1.4499E-03
     537.500  3927.500     0.0000E+00
     538.500  3927.500     0.0000E+00
     539.500  3927.500     0.0000E+00
     540.500  3927.500     0.0000E+00
     541.500  3927.500     0.0000E+00
     542.500  3927.500     0.0000E+00
     543.500  3927.500     0.0000E+00
     544.500  3927.500     0.0000E+00
     495.500  3928.500     0.0000E+00
     496.500  3928.500     0.0000E+00
     497.500  3928.500     0.0000E+00
     498.500  3928.500     0.0000E+00
     499.500  3928.500     0.0000E+00
     500.500  3928.500     0.0000E+00
     501.500  3928.500     0.0000E+00
     502.500  3928.500     0.0000E+00
     503.500  3928.500     0.0000E+00
     504.500  3928.500     0.0000E+00
     505.500  3928.500     0.0000E+00
     506.500  3928.500     0.0000E+00
     507.500  3928.500     0.0000E+00
     508.500  3928.500     0.0000E+00
     509.500  3928.500     0.0000E+00
     510.500  3928.500     0.0000E+00
     511.500  3928.500     0.0000E+00
     512.500  3928.500     0.0000E+00
     513.500  3928.500     0.0000E+00
     514.500  3928.500     0.0000E+00
     515.500  3928.500     0.0000E+00
     516.500  3928.500     0.0000E+00
     517.500  3928.500     0.0000E+00
     518.500  3928.500     0.0000E+00
     519.500  3928.500     0.0000E+00
     520.500  3928.500     0.0000E+00
     521.500  3928.500     0.0000E+00
     522.500  3928.500     0.0000E+00
     523.500  3928.500     0.0000E+00
     524.500  3928.500     0.0000E+00
     525.500  3928.500     0.0000E+00
     526.500  3928.500     0.0000E+00
     527.500  3928.500     5.6796E-07
     528.500  3928.500     1.2743E-03
     529.500  3928.500     2.0715E+01
     530.500  3928.500     1.3458E-01
     531.500  3928.500     3.8734E-02
     532.500  3928.500     5.2507E-01
     533.500  3928.500     3.1453E+00
     534.500  3928.500     4.6647E-02
     535.500  3928.500     3.2060E-01
     536.500  3928.500     5.6181E-03
     537.500  3928.500     1.3192E-05
     538.500  3928.500     0.0000E+00
     539.500  3928.500     0.0000E+00
     540.500  3928.500     0.0000E+00
     541.500  3928.500     0.0000E+00
     542.500  3928.500     0.0000E+00
     543.500  3928.500     0.0000E+00
     544.500  3928.500     0.0000E+00
     495.500  3929.500     0.0000E+00
     496.500  3929.500     0.0000E+00
     497.500  3929.500     0.0000E+00
     498.500  3929.500     0.0000E+00
     499.500  3929.500     0.0000E+00
     500.500  3929.500     0.0000E+00
     501.500  3929.500     0.0000E+00
     502.500  3929.500     0.0000E+00
     503.500  3929.500     0.0000E+00
     504.500  3929.500     0.0000E+00
     505.500  3929.500     0.0000E+00
     506.500  3929.500     0.0000E+00
     507.500  3929.500     0.0000E+00
     508.500  3929.500     0.0000E+00
     509.500  3929.500     0.0000E+00
     510.500  3929.500     0.0000E+00
     511.500  3929.500     0.0000E+00
     512.500  3929.500     0.0000E+00
     513.500  3929.500     0.0000E+00
     514.500  3929.500     0.0000E+00
     515.500  3929.500     0.0000E+00
     516.500  3929.500     0.0000E+00
     517.500  3929.500     0.0000E+00
     518.500  3929.500     0.0000E+00
     519.500  3929.500     0.0000E+00
     520.500  3929.500     0.0000E+00
     521.500  3929.500     0.0000E+00
     522.500  3929.500     0.0000E+00
     523.500  3929.500     0.0000E+00
     524.500  3929.500     0.0000E+00
     525.500  3929.500     0.0000E+00
     526.500  3929.500     0.0000E+00
     527.500  3929.500     0.0000E+00
     528.500  3929.500     2.9835E-04
     529.500  3929.500     8.0824E+00
     530.500  3929.500     1.5752E+00
     531.500  3929.500     2.6971E-02
     532.500  3929.500     2.1097E-01
     533.500  3929.500     3.3354E+00
     534.500  3929.500     1.9662E-01
     535.500  3929.500     1.7564E-01
     536.500  3929.500     6.7415E-02
     537.500  3929.500     1.0991E-03
     538.500  3929.500     0.0000E+00
     539.500  3929.500     0.0000E+00
     540.500  3929.500     0.0000E+00
     541.500  3929.500     0.0000E+00
     542.500  3929.500     0.0000E+00
     543.500  3929.500     0.0000E+00
     544.500  3929.500     0.0000E+00
     495.500  3930.500     0.0000E+00
     496.500  3930.500     0.0000E+00
     497.500  3930.500     0.0000E+00
     498.500  3930.500     0.0000E+00
     499.500  3930.500     0.0000E+00
     500.500  3930.500     0.0000E+00
     501.500  3930.500     0.0000E+00
     502.500  3930.500     0.0000E+00
     503.500  3930.500     0.0000E+00
     504.500  3930.500     0.0000E+00
     505.500  3930.500     0.0000E+00
     506.500  3930.500     0.0000E+00
     507.500  3930.500     0.0000E+00
     508.500  3930.500     0.0000E+00
     509.500  3930.500     0.0000E+00
     510.500  3930.500     0.0000E+00
     511.500  3930.500     0.0000E+00
     512.500  3930.500     0.0000E+00
     513.500  3930.500     0.0000E+00
     514.500  3930.500     0.0000E+00
     515.500  3930.500     0.0000E+00
     516.500  3930.500     0.0000E+00
     517.500  3930.500     0.0000E+00
     518.500  3930.500     0.0000E+00
     519.500  3930.500     0.0000E+00
     520.500  3930.500     0.0000E+00
     521.500  3930.500     0.0000E+00
     522.500  3930.500     0.0000E+00
     523.500  3930.500     0.0000E+00
     524.500  3930.500     0.0000E+00
     525.500  3930.500     0.0000E+00
     526.500  3930.500     0.0000E+00
     527.500  3930.500     0.0000E+00
     528.500  3930.500     7.3214E-05
     529.500  3930.500     1.0629E+00
     530.500  3930.500     3.4686E+00
     531.500  3930.500     3.9692E-01
     532.500  3930.500     1.8531E+00
     533.500  3930.500     2.0496E+00
     534.500  3930.500     7.3280E-01
     535.500  3930.500     9.8112E-02
     536.500  3930.500     4.9494E-01
     537.500  3930.500     3.6475E-03
     538.500  3930.500     4.3103E-05
     539.500  3930.500     0.0000E+00
     540.500  3930.500     0.0000E+00
     541.500  3930.500     0.0000E+00
     542.500  3930.500     0.0000E+00
     543.500  3930.500     0.0000E+00
     544.500  3930.500     0.0000E+00
     495.500  3931.500     0.0000E+00
     496.500  3931.500     0.0000E+00
     497.500  3931.500     0.0000E+00
     498.500  3931.500     0.0000E+00
     499.500  3931.500     0.0000E+00
     500.500  3931.500     0.0000E+00
     501.500  3931.500     0.0000E+00
     502.500  3931.500     0.0000E+00
     503.500  3931.500     0.0000E+00
     504.500  3931.500     0.0000E+00
     505.500  3931.500     0.0000E+00
     506.500  3931.500     0.0000E+00
     507.500  3931.500     0.0000E+00
     508.500  3931.500     0.0000E+00
     509.500  3931.500     0.0000E+00
     510.500  3931.500     0.0000E+00
     511.500  3931.500     0.0000E+00
     512.500  3931.500     0.0000E+00
     513.500  3931.500     0.0000E+00
     514.500  3931.500     0.0000E+00
     515.500  3931.500     0.0000E+00
     516.500  3931.500     0.0000E+00
     517.500  3931.500     0.0000E+00
     518.500  3931.500     0.0000E+00
     519.500  3931.500     0.0000E+00
     520.500  3931.500     0.0000E+00
     521.500  3931.500     0.0000E+00
     522.500  3931.500     0.0000E+00
     523.500  3931.500     0.0000E+00
     524.500  3931.500     0.0000E+00
     525.500  3931.500     0.0000E+00
     526.500  3931.500     0.0000E+00
     527.500  3931.500     0.0000E+00
     528.500  3931.500     2.1614E-05
     529.500  3931.500     2.0282E-01
     530.500  3931.500     2.0671E+00
     531.500  3931.500     1.1260E+00
     532.500  3931.500     1.1079E+00
     533.500  3931.500     1.1951E+00
     534.500  3931.500     1.3196E+00
     535.500  3931.500     1.5330E-01
     536.500  3931.500     5.2743E-01
     537.500  3931.500     6.0214E-02
     538.500  3931.500     6.3403E-04
     539.500  3931.500     0.0000E+00
     540.500  3931.500     0.0000E+00
     541.500  3931.500     0.0000E+00
     542.500  3931.500     0.0000E+00
     543.500  3931.500     0.0000E+00
     544.500  3931.500     0.0000E+00
     495.500  3932.500     0.0000E+00
     496.500  3932.500     0.0000E+00
     497.500  3932.500     0.0000E+00
     498.500  3932.500     0.0000E+00
     499.500  3932.500     0.0000E+00
     500.500  3932.500     0.0000E+00
     501.500  3932.500     0.0000E+00
     502.500  3932.500     0.0000E+00
     503.500  3932.500     0.0000E+00
     504.500  3932.500     0.0000E+00
     505.500  3932.500     0.0000E+00
     506.500  3932.500     0.0000E+00
     507.500  3932.500     0.0000E+00
     508.500  3932.500     0.0000E+00
     509.500  3932.500     0.0000E+00
     510.500  3932.500     0.0000E+00
     511.500  3932.500     0.0000E+00
     512.500  3932.500     0.0000E+00
     513.500  3932.500     0.0000E+00
     514.500  3932.500     0.0000E+00
     515.500  3932.500     0.0000E+00
     516.500  3932.500     0.0000E+00
     517.500  3932.500     0.0000E+00
     518.500  3932.500     0.0000E+00
     519.500  3932.500     0.0000E+00
     520.500  3932.500     0.0000E+00
     521.500  3932.500     0.0000E+00
     522.500  3932.500     0.0000E+00
     523.500  3932.500     0.0000E+00
     524.500  3932.500     0.0000E+00
     525.500  3932.500     0.0000E+00
     526.500  3932.500     0.0000E+00
     527.500  3932.500     0.0000E+00
     528.500  3932.500     2.7333E-06
     529.500  3932.500     4.4721E-02
     530.500  3932.500     9.1381E-01
     531.500  3932.500     1.4245E+00
     532.500  3932.500     9.7927E-01
     533.500  3932.500     1.0212E+00
     534.500  3932.500     1.1969E+00
     535.500  3932.500     6.8540E-01
     536.500  3932.500     3.4982E-01
     537.500  3932.500     1.5764E-01
     538.500  3932.500     5.5186E-03
     539.500  3932.500     4.0492E-05
     540.500  3932.500     0.0000E+00
     541.500  3932.500     0.0000E+00
     542.500  3932.500     0.0000E+00
     543.500  3932.500     0.0000E+00
     544.500  3932.500     0.0000E+00
     495.500  3933.500     0.0000E+00
     496.500  3933.500     0.0000E+00
     497.500  3933.500     0.0000E+00
     498.500  3933.500     0.0000E+00
     499.500  3933.500     0.0000E+00
     500.500  3933.500     0.0000E+00
     501.500  3933.500     0.0000E+00
     502.500  3933.500     0.0000E+00
     503.500  3933.500     0.0000E+00
     504.500  3933.500     0.0000E+00
     505.500  3933.500     0.0000E+00
     506.500  3933.500     0.0000E+00
     507.500  3933.500     0.0000E+00
     508.500  3933.500     0.0000E+00
     509.500  3933.500     0.0000E+00
     510.500  3933.500     0.0000E+00
     511.500  3933.500     0.0000E+00
     512.500  3933.500     0.0000E+00
     513.500  3933.500     0.0000E+00
     514.500  3933.500     0.0000E+00
     515.500  3933.500     0.0000E+00
     516.500  3933.500     0.0000E+00
     517.500  3933.500     0.0000E+00
     518.500  3933.500     0.0000E+00
     519.500  3933.500     0.0000E+00
     520.500  3933.500     0.0000E+00
     521.500  3933.500     0.0000E+00
     522.500  3933.500     0.0000E+00
     523.500  3933.500     0.0000E+00
     524.500  3933.500     0.0000E+00
     525.500  3933.500     0.0000E+00
     526.500  3933.500     0.0000E+00
     527.500  3933.500     0.0000E+00
     528.500  3933.500     0.0000E+00
     529.500  3933.500     7.4397E-03
     530.500  3933.500     3.9309E-01
     531.500  3933.500     1.2306E+00
     532.500  3933.500     9.5857E-01
     533.500  3933.500     7.9873E-01
     534.500  3933.500     9.3528E-01
     535.500  3933.500     7.1330E-01
     536.500  3933.500     2.4993E-01
     537.500  3933.500     1.9410E-01
     538.500  3933.500     2.5268E-02
     539.500  3933.500     3.3808E-04
     540.500  3933.500     0.0000E+00
     541.500  3933.500     0.0000E+00
     542.500  3933.500     0.0000E+00
     543.500  3933.500     0.0000E+00
     544.500  3933.500     0.0000E+00
     495.500  3934.500     0.0000E+00
     496.500  3934.500     0.0000E+00
     497.500  3934.500     0.0000E+00
     498.500  3934.500     0.0000E+00
     499.500  3934.500     0.0000E+00
     500.500  3934.500     0.0000E+00
     501.500  3934.500     0.0000E+00
     502.500  3934.500     0.0000E+00
     503.500  3934.500     0.0000E+00
     504.500  3934.500     0.0000E+00
     505.500  3934.500     0.0000E+00
     506.500  3934.500     0.0000E+00
     507.500  3934.500     0.0000E+00
     508.500  3934.500     0.0000E+00
     509.500  3934.500     0.0000E+00
     510.500  3934.500     0.0000E+00
     511.500  3934.500     0.0000E+00
     512.500  3934.500     0.0000E+00
     513.500  3934.500     0.0000E+00
     514.500  3934.500     0.0000E+00
     515.500  3934.500     0.0000E+00
     516.500  3934.500     0.0000E+00
     517.500  3934.500     0.0000E+00
     518.500  3934.500     0.0000E+00
     519.500  3934.500     0.0000E+00
     520.500  3934.500     0.0000E+00
     521.500  3934.500     0.0000E+00
     522.500  3934.500     0.0000E+00
     523.500  3934.500     0.0000E+00
     524.500  3934.500     0.0000E+00
     525.500  3934.500     0.0000E+00
     526.500  3934.500     0.0000E+00
     527.500  3934.500     0.0000E+00
     528.500  3934.500     0.0000E+00
     529.500  3934.500     5.5596E-05
     530.500  3934.500     1.7512E-01
     531.500  3934.500     8.5824E-01
     532.500  3934.500     1.0798E+00
     533.500  3934.500     8.0746E-01
     534.500  3934.500     7.8557E-01
     535.500  3934.500     6.8546E-01
     536.500  3934.500     3.0477E-01
     537.500  3934.500     1.8978E-01
     538.500  3934.500     6.0524E-02
     539.500  3934.500     5.2609E-03
     540.500  3934.500     9.5759E-05
     541.500  3934.500     0.0000E+00
     542.500  3934.500     0.0000E+00
     543.500  3934.500     0.0000E+00
     544.500  3934.500     0.0000E+00
     495.500  3935.500     0.0000E+00
     496.500  3935.500     0.0000E+00
     497.500  3935.500     0.0000E+00
     498.500  3935.500     0.0000E+00
     499.500  3935.500     0.0000E+00
     500.500  3935.500     0.0000E+00
     501.500  3935.500     0.0000E+00
     502.500  3935.500     0.0000E+00
     503.500  3935.500     0.0000E+00
     504.500  3935.500     0.0000E+00
     505.500  3935.500     0.0000E+00
     506.500  3935.500     0.0000E+00
     507.500  3935.500     0.0000E+00
     508.500  3935.500     0.0000E+00
     509.500  3935.500     0.0000E+00
     510.500  3935.500     0.0000E+00
     511.500  3935.500     0.0000E+00
     512.500  3935.500     0.0000E+00
     513.500  3935.500     0.0000E+00
     514.500  3935.500     0.0000E+00
     515.500  3935.500     0.0000E+00
     516.500  3935.500     0.0000E+00
     517.500  3935.500     0.0000E+00
     518.500  3935.500     0.0000E+00
     519.500  3935.500     0.0000E+00
     520.500  3935.500     0.0000E+00
     521.500  3935.500     0.0000E+00
     522.500  3935.500     0.0000E+00
     523.500  3935.500     0.0000E+00
     524.500  3935.500     0.0000E+00
     525.500  3935.500     0.0000E+00
     526.500  3935.500     0.0000E+00
     527.500  3935.500     0.0000E+00
     528.500  3935.500     0.0000E+00
     529.500  3935.500     2.4130E-05
     530.500  3935.500     8.0793E-02
     531.500  3935.500     5.3337E-01
     532.500  3935.500     1.0053E+00
     533.500  3935.500     8.9253E-01
     534.500  3935.500     7.4257E-01
     535.500  3935.500     6.7696E-01
     536.500  3935.500     3.9650E-01
     537.500  3935.500     2.0748E-01
     538.500  3935.500     1.0128E-01
     539.500  3935.500     1.9510E-02
     540.500  3935.500     8.3895E-04
     541.500  3935.500     1.7451E-05
     542.500  3935.500     0.0000E+00
     543.500  3935.500     0.0000E+00
     544.500  3935.500     0.0000E+00
     495.500  3936.500     0.0000E+00
     496.500  3936.500     0.0000E+00
     497.500  3936.500     0.0000E+00
     498.500  3936.500     0.0000E+00
     499.500  3936.500     0.0000E+00
     500.500  3936.500     0.0000E+00
     501.500  3936.500     0.0000E+00
     502.500  3936.500     0.0000E+00
     503.500  3936.500     0.0000E+00
     504.500  3936.500     0.0000E+00
     505.500  3936.500     0.0000E+00
     506.500  3936.500     0.0000E+00
     507.500  3936.500     0.0000E+00
     508.500  3936.500     0.0000E+00
     509.500  3936.500     0.0000E+00
     510.500  3936.500     0.0000E+00
     511.500  3936.500     0.0000E+00
     512.500  3936.500     0.0000E+00
     513.500  3936.500     0.0000E+00
     514.500  3936.500     0.0000E+00
     515.500  3936.500     0.0000E+00
     516.500  3936.500     0.0000E+00
     517.500  3936.500     0.0000E+00
     518.500  3936.500     0.0000E+00
     519.500  3936.500     0.0000E+00
     520.500  3936.500     0.0000E+00
     521.500  3936.500     0.0000E+00
     522.500  3936.500     0.0000E+00
     523.500  3936.500     0.0000E+00
     524.500  3936.500     0.0000E+00
     525.500  3936.500     0.0000E+00
     526.500  3936.500     0.0000E+00
     527.500  3936.500     0.0000E+00
     528.500  3936.500     0.0000E+00
     529.500  3936.500     1.3694E-05
     530.500  3936.500     3.9167E-02
     531.500  3936.500     3.1362E-01
     532.500  3936.500     8.0299E-01
     533.500  3936.500     9.2522E-01
     534.500  3936.500     7.7803E-01
     535.500  3936.500     6.8340E-01
     536.500  3936.500     4.8078E-01
     537.500  3936.500     2.5736E-01
     538.500  3936.500     1.4351E-01
     539.500  3936.500     4.7826E-02
     540.500  3936.500     7.2164E-03
     541.500  3936.500     2.5652E-04
     542.500  3936.500     3.2232E-06
     543.500  3936.500     0.0000E+00
     544.500  3936.500     0.0000E+00
     495.500  3937.500     0.0000E+00
     496.500  3937.500     0.0000E+00
     497.500  3937.500     0.0000E+00
     498.500  3937.500     0.0000E+00
     499.500  3937.500     0.0000E+00
     500.500  3937.500     0.0000E+00
     501.500  3937.500     0.0000E+00
     502.500  3937.500     0.0000E+00
     503.500  3937.500     0.0000E+00
     504.500  3937.500     0.0000E+00
     505.500  3937.500     0.0000E+00
     506.500  3937.500     0.0000E+00
     507.500  3937.500     0.0000E+00
     508.500  3937.500     0.0000E+00
     509.500  3937.500     0.0000E+00
     510.500  3937.500     0.0000E+00
     511.500  3937.500     0.0000E+00
     512.500  3937.500     0.0000E+00
     513.500  3937.500     0.0000E+00
     514.500  3937.500     0.0000E+00
     515.500  3937.500     0.0000E+00
     516.500  3937.500     0.0000E+00
     517.500  3937.500     0.0000E+00
     518.500  3937.500     0.0000E+00
     519.500  3937.500     0.0000E+00
     520.500  3937.500     0.0000E+00
     521.500  3937.500     0.0000E+00
     522.500  3937.500     0.0000E+00
     523.500  3937.500     0.0000E+00
     524.500  3937.500     0.0000E+00
     525.500  3937.500     0.0000E+00
     526.500  3937.500     0.0000E+00
     527.500  3937.500     0.0000E+00
     528.500  3937.500     0.0000E+00
     529.500  3937.500     6.6817E-06
     530.500  3937.500     1.8146E-02
     531.500  3937.500     1.7683E-01
     532.500  3937.500     5.7346E-01
     533.500  3937.500     8.6165E-01
     534.500  3937.500     8.2890E-01
     535.500  3937.500     7.1696E-01
     536.500  3937.500     5.5433E-01
     537.500  3937.500     3.3361E-01
     538.500  3937.500     1.9018E-01
     539.500  3937.500     8.7087E-02
     540.500  3937.500     2.2605E-02
     541.500  3937.500     2.9869E-03
     542.500  3937.500     7.9077E-05
     543.500  3937.500     0.0000E+00
     544.500  3937.500     0.0000E+00
     495.500  3938.500     0.0000E+00
     496.500  3938.500     0.0000E+00
     497.500  3938.500     0.0000E+00
     498.500  3938.500     0.0000E+00
     499.500  3938.500     0.0000E+00
     500.500  3938.500     0.0000E+00
     501.500  3938.500     0.0000E+00
     502.500  3938.500     0.0000E+00
     503.500  3938.500     0.0000E+00
     504.500  3938.500     0.0000E+00
     505.500  3938.500     0.0000E+00
     506.500  3938.500     0.0000E+00
     507.500  3938.500     0.0000E+00
     508.500  3938.500     0.0000E+00
     509.500  3938.500     0.0000E+00
     510.500  3938.500     0.0000E+00
     511.500  3938.500     0.0000E+00
     512.500  3938.500     0.0000E+00
     513.500  3938.500     0.0000E+00
     514.500  3938.500     0.0000E+00
     515.500  3938.500     0.0000E+00
     516.500  3938.500     0.0000E+00
     517.500  3938.500     0.0000E+00
     518.500  3938.500     0.0000E+00
     519.500  3938.500     0.0000E+00
     520.500  3938.500     0.0000E+00
     521.500  3938.500     0.0000E+00
     522.500  3938.500     0.0000E+00
     523.500  3938.500     0.0000E+00
     524.500  3938.500     0.0000E+00
     525.500  3938.500     0.0000E+00
     526.500  3938.500     0.0000E+00
     527.500  3938.500     0.0000E+00
     528.500  3938.500     0.0000E+00
     529.500  3938.500     1.8117E-06
     530.500  3938.500     5.4993E-03
     531.500  3938.500     9.5887E-02
     532.500  3938.500     3.8048E-01
     533.500  3938.500     7.1870E-01
     534.500  3938.500     8.3265E-01
     535.500  3938.500     7.6301E-01
     536.500  3938.500     6.2351E-01
     537.500  3938.500     4.2685E-01
     538.500  3938.500     2.5210E-01
     539.500  3938.500     1.3533E-01
     540.500  3938.500     5.0298E-02
     541.500  3938.500     1.1157E-02
     542.500  3938.500     9.8076E-04
     543.500  3938.500     2.9767E-05
     544.500  3938.500     0.0000E+00
     495.500  3939.500     0.0000E+00
     496.500  3939.500     0.0000E+00
     497.500  3939.500     0.0000E+00
     498.500  3939.500     0.0000E+00
     499.500  3939.500     0.0000E+00
     500.500  3939.500     0.0000E+00
     501.500  3939.500     0.0000E+00
     502.500  3939.500     0.0000E+00
     503.500  3939.500     0.0000E+00
     504.500  3939.500     0.0000E+00
     505.500  3939.500     0.0000E+00
     506.500  3939.500     0.0000E+00
     507.500  3939.500     0.0000E+00
     508.500  3939.500     0.0000E+00
     509.500  3939.500     0.0000E+00
     510.500  3939.500     0.0000E+00
     511.500  3939.500     0.0000E+00
     512.500  3939.500     0.0000E+00
     513.500  3939.500     0.0000E+00
     514.500  3939.500     0.0000E+00
     515.500  3939.500     0.0000E+00
     516.500  3939.500     0.0000E+00
     517.500  3939.500     0.0000E+00
     518.500  3939.500     0.0000E+00
     519.500  3939.500     0.0000E+00
     520.500  3939.500     0.0000E+00
     521.500  3939.500     0.0000E+00
     522.500  3939.500     0.0000E+00
     523.500  3939.500     0.0000E+00
     524.500  3939.500     0.0000E+00
     525.500  3939.500     0.0000E+00
     526.500  3939.500     0.0000E+00
     527.500  3939.500     0.0000E+00
     528.500  3939.500     0.0000E+00
     529.500  3939.500     0.0000E+00
     530.500  3939.500     2.4152E-05
     531.500  3939.500     5.0115E-02
     532.500  3939.500     2.3585E-01
     533.500  3939.500     5.4699E-01
     534.500  3939.500     7.6762E-01
     535.500  3939.500     7.9326E-01
     536.500  3939.500     6.9428E-01
     537.500  3939.500     5.2393E-01
     538.500  3939.500     3.3982E-01
     539.500  3939.500     1.9389E-01
     540.500  3939.500     9.0596E-02
     541.500  3939.500     2.8677E-02
     542.500  3939.500     5.5217E-03
     543.500  3939.500     3.9083E-04
     544.500  3939.500     8.2307E-06
     495.500  3940.500     0.0000E+00
     496.500  3940.500     0.0000E+00
     497.500  3940.500     0.0000E+00
     498.500  3940.500     0.0000E+00
     499.500  3940.500     0.0000E+00
     500.500  3940.500     0.0000E+00
     501.500  3940.500     0.0000E+00
     502.500  3940.500     0.0000E+00
     503.500  3940.500     0.0000E+00
     504.500  3940.500     0.0000E+00
     505.500  3940.500     0.0000E+00
     506.500  3940.500     0.0000E+00
     507.500  3940.500     0.0000E+00
     508.500  3940.500     0.0000E+00
     509.500  3940.500     0.0000E+00
     510.500  3940.500     0.0000E+00
     511.500  3940.500     0.0000E+00
     512.500  3940.500     0.0000E+00
     513.500  3940.500     0.0000E+00
     514.500  3940.500     0.0000E+00
     515.500  3940.500     0.0000E+00
     516.500  3940.500     0.0000E+00
     517.500  3940.500     0.0000E+00
     518.500  3940.500     0.0000E+00
     519.500  3940.500     0.0000E+00
     520.500  3940.500     0.0000E+00
     521.500  3940.500     0.0000E+00
     522.500  3940.500     0.0000E+00
     523.500  3940.500     0.0000E+00
     524.500  3940.500     0.0000E+00
     525.500  3940.500     0.0000E+00
     526.500  3940.500     0.0000E+00
     527.500  3940.500     0.0000E+00
     528.500  3940.500     0.0000E+00
     529.500  3940.500     0.0000E+00
     530.500  3940.500     1.3455E-05
     531.500  3940.500     2.4847E-02
     532.500  3940.500     1.3903E-01
     533.500  3940.500     3.8359E-01
     534.500  3940.500     6.4822E-01
     535.500  3940.500     7.7448E-01
     536.500  3940.500     7.4840E-01
     537.500  3940.500     6.1832E-01
     538.500  3940.500     4.4031E-01
     539.500  3940.500     2.7324E-01
     540.500  3940.500     1.4237E-01
     541.500  3940.500     5.7274E-02
     542.500  3940.500     1.5830E-02
     543.500  3940.500     2.5611E-03
     544.500  3940.500     9.7618E-05
     495.500  3941.500     0.0000E+00
     496.500  3941.500     0.0000E+00
     497.500  3941.500     0.0000E+00
     498.500  3941.500     0.0000E+00
     499.500  3941.500     0.0000E+00
     500.500  3941.500     0.0000E+00
     501.500  3941.500     0.0000E+00
     502.500  3941.500     0.0000E+00
     503.500  3941.500     0.0000E+00
     504.500  3941.500     0.0000E+00
     505.500  3941.500     0.0000E+00
     506.500  3941.500     0.0000E+00
     507.500  3941.500     0.0000E+00
     508.500  3941.500     0.0000E+00
     509.500  3941.500     0.0000E+00
     510.500  3941.500     0.0000E+00
     511.500  3941.500     0.0000E+00
     512.500  3941.500     0.0000E+00
     513.500  3941.500     0.0000E+00
     514.500  3941.500     0.0000E+00
     515.500  3941.500     0.0000E+00
     516.500  3941.500     0.0000E+00
     517.500  3941.500     0.0000E+00
     518.500  3941.500     0.0000E+00
     519.500  3941.500     0.0000E+00
     520.500  3941.500     0.0000E+00
     521.500  3941.500     0.0000E+00
     522.500  3941.500     0.0000E+00
     523.500  3941.500     0.0000E+00
     524.500  3941.500     0.0000E+00
     525.500  3941.500     0.0000E+00
     526.500  3941.500     0.0000E+00
     527.500  3941.500     0.0000E+00
     528.500  3941.500     0.0000E+00
     529.500  3941.500     0.0000E+00
     530.500  3941.500     6.5139E-06
     531.500  3941.500     1.1198E-02
     532.500  3941.500     7.8352E-02
     533.500  3941.500     2.5169E-01
     534.500  3941.500     5.0295E-01
     535.500  3941.500     7.0062E-01
     536.500  3941.500     7.6277E-01
     537.500  3941.500     6.9539E-01
     538.500  3941.500     5.4345E-01
     539.500  3941.500     3.6811E-01
     540.500  3941.500     2.1318E-01
     541.500  3941.500     9.8758E-02
     542.500  3941.500     3.4496E-02
     543.500  3941.500     8.3973E-03
     544.500  3941.500     9.5698E-04
     495.500  3942.500     0.0000E+00
     496.500  3942.500     0.0000E+00
     497.500  3942.500     0.0000E+00
     498.500  3942.500     0.0000E+00
     499.500  3942.500     0.0000E+00
     500.500  3942.500     0.0000E+00
     501.500  3942.500     0.0000E+00
     502.500  3942.500     0.0000E+00
     503.500  3942.500     0.0000E+00
     504.500  3942.500     0.0000E+00
     505.500  3942.500     0.0000E+00
     506.500  3942.500     0.0000E+00
     507.500  3942.500     0.0000E+00
     508.500  3942.500     0.0000E+00
     509.500  3942.500     0.0000E+00
     510.500  3942.500     0.0000E+00
     511.500  3942.500     0.0000E+00
     512.500  3942.500     0.0000E+00
     513.500  3942.500     0.0000E+00
     514.500  3942.500     0.0000E+00
     515.500  3942.500     0.0000E+00
     516.500  3942.500     0.0000E+00
     517.500  3942.500     0.0000E+00
     518.500  3942.500     0.0000E+00
     519.500  3942.500     0.0000E+00
     520.500  3942.500     0.0000E+00
     521.500  3942.500     0.0000E+00
     522.500  3942.500     0.0000E+00
     523.500  3942.500     0.0000E+00
     524.500  3942.500     0.0000E+00
     525.500  3942.500     0.0000E+00
     526.500  3942.500     0.0000E+00
     527.500  3942.500     0.0000E+00
     528.500  3942.500     0.0000E+00
     529.500  3942.500     0.0000E+00
     530.500  3942.500     1.9577E-06
     531.500  3942.500     3.3064E-03
     532.500  3942.500     4.2090E-02
     533.500  3942.500     1.5617E-01
     534.500  3942.500     3.6342E-01
     535.500  3942.500     5.8763E-01
     536.500  3942.500     7.2730E-01
     537.500  3942.500     7.3982E-01
     538.500  3942.500     6.3719E-01
     539.500  3942.500     4.7175E-01
     540.500  3942.500     2.9960E-01
     541.500  3942.500     1.5714E-01
     542.500  3942.500     6.4203E-02
     543.500  3942.500     1.9850E-02
     544.500  3942.500     4.1138E-03
     495.500  3943.500     0.0000E+00
     496.500  3943.500     0.0000E+00
     497.500  3943.500     0.0000E+00
     498.500  3943.500     0.0000E+00
     499.500  3943.500     0.0000E+00
     500.500  3943.500     0.0000E+00
     501.500  3943.500     0.0000E+00
     502.500  3943.500     0.0000E+00
     503.500  3943.500     0.0000E+00
     504.500  3943.500     0.0000E+00
     505.500  3943.500     0.0000E+00
     506.500  3943.500     0.0000E+00
     507.500  3943.500     0.0000E+00
     508.500  3943.500     0.0000E+00
     509.500  3943.500     0.0000E+00
     510.500  3943.500     0.0000E+00
     511.500  3943.500     0.0000E+00
     512.500  3943.500     0.0000E+00
     513.500  3943.500     0.0000E+00
     514.500  3943.500     0.0000E+00
     515.500  3943.500     0.0000E+00
     516.500  3943.500     0.0000E+00
     517.500  3943.500     0.0000E+00
     518.500  3943.500     0.0000E+00
     519.500  3943.500     0.0000E+00
     520.500  3943.500     0.0000E+00
     521.500  3943.500     0.0000E+00
     522.500  3943.500     0.0000E+00
     523.500  3943.500     0.0000E+00
     524.500  3943.500     0.0000E+00
     525.500  3943.500     0.0000E+00
     526.500  3943.500     0.0000E+00
     527.500  3943.500     0.0000E+00
     528.500  3943.500     0.0000E+00
     529.500  3943.500     0.0000E+00
     530.500  3943.500     0.0000E+00
     531.500  3943.500     1.4398E-05
     532.500  3943.500     2.1163E-02
     533.500  3943.500     9.2670E-02
     534.500  3943.500     2.4636E-01
     535.500  3943.500     4.6036E-01
     536.500  3943.500     6.4963E-01
     537.500  3943.500     7.3953E-01
     538.500  3943.500     7.0533E-01
     539.500  3943.500     5.7239E-01
     540.500  3943.500     3.9757E-01
     541.500  3943.500     2.3156E-01
     542.500  3943.500     1.0816E-01
     543.500  3943.500     3.9192E-02
     544.500  3943.500     1.0629E-02
     495.500  3944.500     0.0000E+00
     496.500  3944.500     0.0000E+00
     497.500  3944.500     0.0000E+00
     498.500  3944.500     0.0000E+00
     499.500  3944.500     0.0000E+00
     500.500  3944.500     0.0000E+00
     501.500  3944.500     0.0000E+00
     502.500  3944.500     0.0000E+00
     503.500  3944.500     0.0000E+00
     504.500  3944.500     0.0000E+00
     505.500  3944.500     0.0000E+00
     506.500  3944.500     0.0000E+00
     507.500  3944.500     0.0000E+00
     508.500  3944.500     0.0000E+00
     509.500  3944.500     0.0000E+00
     510.500  3944.500     0.0000E+00
     511.500  3944.500     0.0000E+00
     512.500  3944.500     0.0000E+00
     513.500  3944.500     0.0000E+00
     514.500  3944.500     0.0000E+00
     515.500  3944.500     0.0000E+00
     516.500  3944.500     0.0000E+00
     517.500  3944.500     0.0000E+00
     518.500  3944.500     0.0000E+00
     519.500  3944.500     0.0000E+00
     520.500  3944.500     0.0000E+00
     521.500  3944.500     0.0000E+00
     522.500  3944.500     0.0000E+00
     523.500  3944.500     0.0000E+00
     524.500  3944.500     0.0000E+00
     525.500  3944.500     0.0000E+00
     526.500  3944.500     0.0000E+00
     527.500  3944.500     0.0000E+00
     528.500  3944.500     0.0000E+00
     529.500  3944.500     0.0000E+00
     530.500  3944.500     0.0000E+00
     531.500  3944.500     7.5592E-06
     532.500  3944.500     9.1994E-03
     533.500  3944.500     5.2791E-02
     534.500  3944.500     1.5986E-01
     535.500  3944.500     3.4107E-01
     536.500  3944.500     5.4549E-01
     537.500  3944.500     6.9638E-01
     538.500  3944.500     7.3598E-01
     539.500  3944.500     6.5659E-01
     540.500  3944.500     4.9794E-01
     541.500  3944.500     3.1806E-01
     542.500  3944.500     1.6766E-01
     543.500  3944.500     6.9459E-02
     544.500  3944.500     2.2011E-02
     495.500  3945.500     0.0000E+00
     496.500  3945.500     0.0000E+00
     497.500  3945.500     0.0000E+00
     498.500  3945.500     0.0000E+00
     499.500  3945.500     0.0000E+00
     500.500  3945.500     0.0000E+00
     501.500  3945.500     0.0000E+00
     502.500  3945.500     0.0000E+00
     503.500  3945.500     0.0000E+00
     504.500  3945.500     0.0000E+00
     505.500  3945.500     0.0000E+00
     506.500  3945.500     0.0000E+00
     507.500  3945.500     0.0000E+00
     508.500  3945.500     0.0000E+00
     509.500  3945.500     0.0000E+00
     510.500  3945.500     0.0000E+00
     511.500  3945.500     0.0000E+00
     512.500  3945.500     0.0000E+00
     513.500  3945.500     0.0000E+00
     514.500  3945.500     0.0000E+00
     515.500  3945.500     0.0000E+00
     516.500  3945.500     0.0000E+00
     517.500  3945.500     0.0000E+00
     518.500  3945.500     0.0000E+00
     519.500  3945.500     0.0000E+00
     520.500  3945.500     0.0000E+00
     521.500  3945.500     0.0000E+00
     522.500  3945.500     0.0000E+00
     523.500  3945.500     0.0000E+00
     524.500  3945.500     0.0000E+00
     525.500  3945.500     0.0000E+00
     526.500  3945.500     0.0000E+00
     527.500  3945.500     0.0000E+00
     528.500  3945.500     0.0000E+00
     529.500  3945.500     0.0000E+00
     530.500  3945.500     0.0000E+00
     531.500  3945.500     2.9083E-06
     532.500  3945.500     2.9765E-03
     533.500  3945.500     2.9338E-02
     534.500  3945.500     1.0044E-01
     535.500  3945.500     2.4219E-01
     536.500  3945.500     4.3588E-01
     537.500  3945.500     6.2116E-01
     538.500  3945.500     7.2649E-01
     539.500  3945.500     7.1213E-01
     540.500  3945.500     5.8937E-01
     541.500  3945.500     4.1136E-01
     542.500  3945.500     2.3839E-01
     543.500  3945.500     1.1240E-01
     544.500  3945.500     4.1291E-02
     495.500  3946.500     0.0000E+00
     496.500  3946.500     0.0000E+00
     497.500  3946.500     0.0000E+00
     498.500  3946.500     0.0000E+00
     499.500  3946.500     0.0000E+00
     500.500  3946.500     0.0000E+00
     501.500  3946.500     0.0000E+00
     502.500  3946.500     0.0000E+00
     503.500  3946.500     0.0000E+00
     504.500  3946.500     0.0000E+00
     505.500  3946.500     0.0000E+00
     506.500  3946.500     0.0000E+00
     507.500  3946.500     0.0000E+00
     508.500  3946.500     0.0000E+00
     509.500  3946.500     0.0000E+00
     510.500  3946.500     0.0000E+00
     511.500  3946.500     0.0000E+00
     512.500  3946.500     0.0000E+00
     513.500  3946.500     0.0000E+00
     514.500  3946.500     0.0000E+00
     515.500  3946.500     0.0000E+00
     516.500  3946.500     0.0000E+00
     517.500  3946.500     0.0000E+00
     518.500  3946.500     0.0000E+00
     519.500  3946.500     0.0000E+00
     520.500  3946.500     0.0000E+00
     521.500  3946.500     0.0000E+00
     522.500  3946.500     0.0000E+00
     523.500  3946.500     0.0000E+00
     524.500  3946.500     0.0000E+00
     525.500  3946.500     0.0000E+00
     526.500  3946.500     0.0000E+00
     527.500  3946.500     0.0000E+00
     528.500  3946.500     0.0000E+00
     529.500  3946.500     0.0000E+00
     530.500  3946.500     0.0000E+00
     531.500  3946.500     4.8707E-08
     532.500  3946.500     1.3303E-05
     533.500  3946.500     1.5661E-02
     534.500  3946.500     6.2011E-02
     535.500  3946.500     1.6719E-01
     536.500  3946.500     3.3608E-01
     537.500  3946.500     5.3070E-01
     538.500  3946.500     6.8398E-01
     539.500  3946.500     7.3309E-01
     540.500  3946.500     6.6098E-01
     541.500  3946.500     5.0095E-01
     542.500  3946.500     3.1697E-01
     543.500  3946.500     1.6578E-01
     544.500  3946.500     7.0210E-02
     495.500  3947.500     0.0000E+00
     496.500  3947.500     0.0000E+00
     497.500  3947.500     0.0000E+00
     498.500  3947.500     0.0000E+00
     499.500  3947.500     0.0000E+00
     500.500  3947.500     0.0000E+00
     501.500  3947.500     0.0000E+00
     502.500  3947.500     0.0000E+00
     503.500  3947.500     0.0000E+00
     504.500  3947.500     0.0000E+00
     505.500  3947.500     0.0000E+00
     506.500  3947.500     0.0000E+00
     507.500  3947.500     0.0000E+00
     508.500  3947.500     0.0000E+00
     509.500  3947.500     0.0000E+00
     510.500  3947.500     0.0000E+00
     511.500  3947.500     0.0000E+00
     512.500  3947.500     0.0000E+00
     513.500  3947.500     0.0000E+00
     514.500  3947.500     0.0000E+00
     515.500  3947.500     0.0000E+00
     516.500  3947.500     0.0000E+00
     517.500  3947.500     0.0000E+00
     518.500  3947.500     0.0000E+00
     519.500  3947.500     0.0000E+00
     520.500  3947.500     0.0000E+00
     521.500  3947.500     0.0000E+00
     522.500  3947.500     0.0000E+00
     523.500  3947.500     0.0000E+00
     524.500  3947.500     0.0000E+00
     525.500  3947.500     0.0000E+00
     526.500  3947.500     0.0000E+00
     527.500  3947.500     0.0000E+00
     528.500  3947.500     0.0000E+00
     529.500  3947.500     0.0000E+00
     530.500  3947.500     0.0000E+00
     531.500  3947.500     0.0000E+00
     532.500  3947.500     7.7261E-06
     533.500  3947.500     7.2297E-03
     534.500  3947.500     3.8257E-02
     535.500  3947.500     1.1448E-01
     536.500  3947.500     2.5410E-01
     537.500  3947.500     4.4043E-01
     538.500  3947.500     6.1997E-01
     539.500  3947.500     7.2275E-01
     540.500  3947.500     7.0552E-01
     541.500  3947.500     5.7840E-01
     542.500  3947.500     3.9714E-01
     543.500  3947.500     2.2679E-01
     544.500  3947.500     1.0709E-01
     495.500  3948.500     0.0000E+00
     496.500  3948.500     0.0000E+00
     497.500  3948.500     0.0000E+00
     498.500  3948.500     0.0000E+00
     499.500  3948.500     0.0000E+00
     500.500  3948.500     0.0000E+00
     501.500  3948.500     0.0000E+00
     502.500  3948.500     0.0000E+00
     503.500  3948.500     0.0000E+00
     504.500  3948.500     0.0000E+00
     505.500  3948.500     0.0000E+00
     506.500  3948.500     0.0000E+00
     507.500  3948.500     0.0000E+00
     508.500  3948.500     0.0000E+00
     509.500  3948.500     0.0000E+00
     510.500  3948.500     0.0000E+00
     511.500  3948.500     0.0000E+00
     512.500  3948.500     0.0000E+00
     513.500  3948.500     0.0000E+00
     514.500  3948.500     0.0000E+00
     515.500  3948.500     0.0000E+00
     516.500  3948.500     0.0000E+00
     517.500  3948.500     0.0000E+00
     518.500  3948.500     0.0000E+00
     519.500  3948.500     0.0000E+00
     520.500  3948.500     0.0000E+00
     521.500  3948.500     0.0000E+00
     522.500  3948.500     0.0000E+00
     523.500  3948.500     0.0000E+00
     524.500  3948.500     0.0000E+00
     525.500  3948.500     0.0000E+00
     526.500  3948.500     0.0000E+00
     527.500  3948.500     0.0000E+00
     528.500  3948.500     0.0000E+00
     529.500  3948.500     0.0000E+00
     530.500  3948.500     0.0000E+00
     531.500  3948.500     0.0000E+00
     532.500  3948.500     4.0877E-06
     533.500  3948.500     2.7562E-03
     534.500  3948.500     2.4023E-02
     535.500  3948.500     7.9264E-02
     536.500  3948.500     1.9220E-01
     537.500  3948.500     3.6019E-01
     538.500  3948.500     5.4756E-01
     539.500  3948.500     6.8784E-01
     540.500  3948.500     7.2223E-01
     541.500  3948.500     6.3694E-01
     542.500  3948.500     4.7117E-01
     543.500  3948.500     2.9173E-01
     544.500  3948.500     1.5097E-01
     495.500  3949.500     0.0000E+00
     496.500  3949.500     0.0000E+00
     497.500  3949.500     0.0000E+00
     498.500  3949.500     0.0000E+00
     499.500  3949.500     0.0000E+00
     500.500  3949.500     0.0000E+00
     501.500  3949.500     0.0000E+00
     502.500  3949.500     0.0000E+00
     503.500  3949.500     0.0000E+00
     504.500  3949.500     0.0000E+00
     505.500  3949.500     0.0000E+00
     506.500  3949.500     0.0000E+00
     507.500  3949.500     0.0000E+00
     508.500  3949.500     0.0000E+00
     509.500  3949.500     0.0000E+00
     510.500  3949.500     0.0000E+00
     511.500  3949.500     0.0000E+00
     512.500  3949.500     0.0000E+00
     513.500  3949.500     0.0000E+00
     514.500  3949.500     0.0000E+00
     515.500  3949.500     0.0000E+00
     516.500  3949.500     0.0000E+00
     517.500  3949.500     0.0000E+00
     518.500  3949.500     0.0000E+00
     519.500  3949.500     0.0000E+00
     520.500  3949.500     0.0000E+00
     521.500  3949.500     0.0000E+00
     522.500  3949.500     0.0000E+00
     523.500  3949.500     0.0000E+00
     524.500  3949.500     0.0000E+00
     525.500  3949.500     0.0000E+00
     526.500  3949.500     0.0000E+00
     527.500  3949.500     0.0000E+00
     528.500  3949.500     0.0000E+00
     529.500  3949.500     0.0000E+00
     530.500  3949.500     0.0000E+00
     531.500  3949.500     0.0000E+00
     532.500  3949.500     1.0285E-06
     533.500  3949.500     2.8258E-04
     534.500  3949.500     1.5701E-02
     535.500  3949.500     5.6603E-02
     536.500  3949.500     1.4730E-01
     537.500  3949.500     2.9428E-01
     538.500  3949.500     4.7607E-01
     539.500  3949.500     6.3750E-01
     540.500  3949.500     7.1388E-01
     541.500  3949.500     6.7150E-01
     542.500  3949.500     5.3157E-01
     543.500  3949.500     3.5370E-01
     544.500  3949.500     1.9794E-01
     495.500  3950.500     0.0000E+00
     496.500  3950.500     0.0000E+00
     497.500  3950.500     0.0000E+00
     498.500  3950.500     0.0000E+00
     499.500  3950.500     0.0000E+00
     500.500  3950.500     0.0000E+00
     501.500  3950.500     0.0000E+00
     502.500  3950.500     0.0000E+00
     503.500  3950.500     0.0000E+00
     504.500  3950.500     0.0000E+00
     505.500  3950.500     0.0000E+00
     506.500  3950.500     0.0000E+00
     507.500  3950.500     0.0000E+00
     508.500  3950.500     0.0000E+00
     509.500  3950.500     0.0000E+00
     510.500  3950.500     0.0000E+00
     511.500  3950.500     0.0000E+00
     512.500  3950.500     0.0000E+00
     513.500  3950.500     0.0000E+00
     514.500  3950.500     0.0000E+00
     515.500  3950.500     0.0000E+00
     516.500  3950.500     0.0000E+00
     517.500  3950.500     0.0000E+00
     518.500  3950.500     0.0000E+00
     519.500  3950.500     0.0000E+00
     520.500  3950.500     0.0000E+00
     521.500  3950.500     0.0000E+00
     522.500  3950.500     0.0000E+00
     523.500  3950.500     0.0000E+00
     524.500  3950.500     0.0000E+00
     525.500  3950.500     0.0000E+00
     526.500  3950.500     0.0000E+00
     527.500  3950.500     0.0000E+00
     528.500  3950.500     0.0000E+00
     529.500  3950.500     0.0000E+00
     530.500  3950.500     0.0000E+00
     531.500  3950.500     0.0000E+00
     532.500  3950.500     0.0000E+00
     533.500  3950.500     1.1657E-05
     534.500  3950.500     1.0366E-02
     535.500  3950.500     4.2230E-02
     536.500  3950.500     1.1546E-01
     537.500  3950.500     2.4158E-01
     538.500  3950.500     4.1044E-01
     539.500  3950.500     5.7840E-01
     540.500  3950.500     6.8343E-01
     541.500  3950.500     6.8011E-01
     542.500  3950.500     5.7081E-01
     543.500  3950.500     4.0452E-01
     544.500  3950.500     2.4251E-01
     495.500  3951.500     0.0000E+00
     496.500  3951.500     0.0000E+00
     497.500  3951.500     0.0000E+00
     498.500  3951.500     0.0000E+00
     499.500  3951.500     0.0000E+00
     500.500  3951.500     0.0000E+00
     501.500  3951.500     0.0000E+00
     502.500  3951.500     0.0000E+00
     503.500  3951.500     0.0000E+00
     504.500  3951.500     0.0000E+00
     505.500  3951.500     0.0000E+00
     506.500  3951.500     0.0000E+00
     507.500  3951.500     0.0000E+00
     508.500  3951.500     0.0000E+00
     509.500  3951.500     0.0000E+00
     510.500  3951.500     0.0000E+00
     511.500  3951.500     0.0000E+00
     512.500  3951.500     0.0000E+00
     513.500  3951.500     0.0000E+00
     514.500  3951.500     0.0000E+00
     515.500  3951.500     0.0000E+00
     516.500  3951.500     0.0000E+00
     517.500  3951.500     0.0000E+00
     518.500  3951.500     0.0000E+00
     519.500  3951.500     0.0000E+00
     520.500  3951.500     0.0000E+00
     521.500  3951.500     0.0000E+00
     522.500  3951.500     0.0000E+00
     523.500  3951.500     0.0000E+00
     524.500  3951.500     0.0000E+00
     525.500  3951.500     0.0000E+00
     526.500  3951.500     0.0000E+00
     527.500  3951.500     0.0000E+00
     528.500  3951.500     0.0000E+00
     529.500  3951.500     0.0000E+00
     530.500  3951.500     0.0000E+00
     531.500  3951.500     0.0000E+00
     532.500  3951.500     0.0000E+00
     533.500  3951.500     9.1597E-06
     534.500  3951.500     7.4739E-03
     535.500  3951.500     3.3013E-02
     536.500  3951.500     9.2629E-02
     537.500  3951.500     1.9933E-01
     538.500  3951.500     3.5073E-01
     539.500  3951.500     5.1397E-01
     540.500  3951.500     6.3318E-01
     541.500  3951.500     6.5956E-01
     542.500  3951.500     5.8168E-01
     543.500  3951.500     4.3521E-01
     544.500  3951.500     2.7687E-01
     495.500  3952.500     0.0000E+00
     496.500  3952.500     0.0000E+00
     497.500  3952.500     0.0000E+00
     498.500  3952.500     0.0000E+00
     499.500  3952.500     0.0000E+00
     500.500  3952.500     0.0000E+00
     501.500  3952.500     0.0000E+00
     502.500  3952.500     0.0000E+00
     503.500  3952.500     0.0000E+00
     504.500  3952.500     0.0000E+00
     505.500  3952.500     0.0000E+00
     506.500  3952.500     0.0000E+00
     507.500  3952.500     0.0000E+00
     508.500  3952.500     0.0000E+00
     509.500  3952.500     0.0000E+00
     510.500  3952.500     0.0000E+00
     511.500  3952.500     0.0000E+00
     512.500  3952.500     0.0000E+00
     513.500  3952.500     0.0000E+00
     514.500  3952.500     0.0000E+00
     515.500  3952.500     0.0000E+00
     516.500  3952.500     0.0000E+00
     517.500  3952.500     0.0000E+00
     518.500  3952.500     0.0000E+00
     519.500  3952.500     0.0000E+00
     520.500  3952.500     0.0000E+00
     521.500  3952.500     0.0000E+00
     522.500  3952.500     0.0000E+00
     523.500  3952.500     0.0000E+00
     524.500  3952.500     0.0000E+00
     525.500  3952.500     0.0000E+00
     526.500  3952.500     0.0000E+00
     527.500  3952.500     0.0000E+00
     528.500  3952.500     0.0000E+00
     529.500  3952.500     0.0000E+00
     530.500  3952.500     0.0000E+00
     531.500  3952.500     0.0000E+00
     532.500  3952.500     0.0000E+00
     533.500  3952.500     7.8032E-06
     534.500  3952.500     5.8661E-03
     535.500  3952.500     2.6468E-02
     536.500  3952.500     7.5149E-02
     537.500  3952.500     1.6408E-01
     538.500  3952.500     2.9473E-01
     539.500  3952.500     4.4347E-01
     540.500  3952.500     5.6341E-01
     541.500  3952.500     6.0738E-01
     542.500  3952.500     5.5707E-01
     543.500  3952.500     4.3539E-01
     544.500  3952.500     2.9099E-01
     495.500  3953.500     0.0000E+00
     496.500  3953.500     0.0000E+00
     497.500  3953.500     0.0000E+00
     498.500  3953.500     0.0000E+00
     499.500  3953.500     0.0000E+00
     500.500  3953.500     0.0000E+00
     501.500  3953.500     0.0000E+00
     502.500  3953.500     0.0000E+00
     503.500  3953.500     0.0000E+00
     504.500  3953.500     0.0000E+00
     505.500  3953.500     0.0000E+00
     506.500  3953.500     0.0000E+00
     507.500  3953.500     0.0000E+00
     508.500  3953.500     0.0000E+00
     509.500  3953.500     0.0000E+00
     510.500  3953.500     0.0000E+00
     511.500  3953.500     0.0000E+00
     512.500  3953.500     0.0000E+00
     513.500  3953.500     0.0000E+00
     514.500  3953.500     0.0000E+00
     515.500  3953.500     0.0000E+00
     516.500  3953.500     0.0000E+00
     517.500  3953.500     0.0000E+00
     518.500  3953.500     0.0000E+00
     519.500  3953.500     0.0000E+00
     520.500  3953.500     0.0000E+00
     521.500  3953.500     0.0000E+00
     522.500  3953.500     0.0000E+00
     523.500  3953.500     0.0000E+00
     524.500  3953.500     0.0000E+00
     525.500  3953.500     0.0000E+00
     526.500  3953.500     0.0000E+00
     527.500  3953.500     0.0000E+00
     528.500  3953.500     0.0000E+00
     529.500  3953.500     0.0000E+00
     530.500  3953.500     0.0000E+00
     531.500  3953.500     0.0000E+00
     532.500  3953.500     0.0000E+00
     533.500  3953.500     6.5302E-06
     534.500  3953.500     4.6807E-03
     535.500  3953.500     2.1522E-02
     536.500  3953.500     6.0528E-02
     537.500  3953.500     1.3263E-01
     538.500  3953.500     2.4012E-01
     539.500  3953.500     3.6632E-01
     540.500  3953.500     4.7422E-01
     541.500  3953.500     5.2340E-01
     542.500  3953.500     4.9440E-01
     543.500  3953.500     4.0023E-01
     544.500  3953.500     2.7839E-01
     495.500  3954.500     0.0000E+00
     496.500  3954.500     0.0000E+00
     497.500  3954.500     0.0000E+00
     498.500  3954.500     0.0000E+00
     499.500  3954.500     0.0000E+00
     500.500  3954.500     0.0000E+00
     501.500  3954.500     0.0000E+00
     502.500  3954.500     0.0000E+00
     503.500  3954.500     0.0000E+00
     504.500  3954.500     0.0000E+00
     505.500  3954.500     0.0000E+00
     506.500  3954.500     0.0000E+00
     507.500  3954.500     0.0000E+00
     508.500  3954.500     0.0000E+00
     509.500  3954.500     0.0000E+00
     510.500  3954.500     0.0000E+00
     511.500  3954.500     0.0000E+00
     512.500  3954.500     0.0000E+00
     513.500  3954.500     0.0000E+00
     514.500  3954.500     0.0000E+00
     515.500  3954.500     0.0000E+00
     516.500  3954.500     0.0000E+00
     517.500  3954.500     0.0000E+00
     518.500  3954.500     0.0000E+00
     519.500  3954.500     0.0000E+00
     520.500  3954.500     0.0000E+00
     521.500  3954.500     0.0000E+00
     522.500  3954.500     0.0000E+00
     523.500  3954.500     0.0000E+00
     524.500  3954.500     0.0000E+00
     525.500  3954.500     0.0000E+00
     526.500  3954.500     0.0000E+00
     527.500  3954.500     0.0000E+00
     528.500  3954.500     0.0000E+00
     529.500  3954.500     0.0000E+00
     530.500  3954.500     0.0000E+00
     531.500  3954.500     0.0000E+00
     532.500  3954.500     0.0000E+00
     533.500  3954.500     5.3082E-06
     534.500  3954.500     3.9680E-03
     535.500  3954.500     1.7123E-02
     536.500  3954.500     4.7428E-02
     537.500  3954.500     1.0321E-01
     538.500  3954.500     1.8628E-01
     539.500  3954.500     2.8515E-01
     540.500  3954.500     3.7266E-01
     541.500  3954.500     4.1781E-01
     542.500  3954.500     4.0292E-01
     543.500  3954.500     3.3507E-01
     544.500  3954.500     2.4069E-01
     523.642  3934.174     0.0000E+00
     533.661  3935.153     8.2377E-01
     534.934  3933.278     9.4445E-01
     537.941  3928.923     0.0000E+00
     539.209  3926.428     0.0000E+00
     530.687  3933.234     6.8301E-01
     528.743  3936.682     0.0000E+00
     529.379  3937.549     2.8502E-06
     527.900  3932.391     0.0000E+00
     529.626  3931.465     3.5718E-01
     530.937  3931.355     2.1119E+00
     534.513  3928.843     6.5754E-02
     530.716  3928.240     2.9808E-03
     527.755  3927.782     3.3110E-04
     530.426  3921.802     0.0000E+00
     528.551  3921.285     0.0000E+00
     529.374  3937.537     2.8313E-06
